#!ascii label  , from subject S5_08 vox2ras=TkReg
1260
116139  -52.774  23.031  35.178 0.0000000000
129447  -50.611  40.882  25.922 0.0000000000
123418  -44.418  32.194  30.213 0.0000000000
121773  -55.881  29.688  28.108 0.0000000000
127410  -51.880  37.606  18.762 0.0000000000
124333  -52.739  33.747  23.758 0.0000000000
121009  -53.889  29.805  22.687 0.0000000000
120180  -51.885  28.207  29.318 0.0000000000
111081  -45.924  17.049  35.969 0.0000000000
116136  -48.154  23.235  34.878 0.0000000000
129403  -43.411  40.525  28.311 0.0000000000
132645  -47.948  46.183  21.807 0.0000000000
125244  -47.561  34.975  20.432 0.0000000000
120886  -50.164  29.717  35.735 0.0000000000
125180  -45.803  35.433  25.600 0.0000000000
123439  -51.568  32.877  29.873 0.0000000000
118717  -53.393  25.997  30.850 0.0000000000
116194  -53.658  23.462  26.014 0.0000000000
117101  -47.341  24.668  22.989 0.0000000000
113707  -52.189  20.657  33.010 0.0000000000
123543  -51.422  32.418  18.403 0.0000000000
122746  -53.884  31.592  19.367 0.0000000000
121052  -51.676  29.803  19.273 0.0000000000
121881  -51.490  30.634  22.378 0.0000000000
112793  -47.759  19.415  34.682 0.0000000000
116135  -45.269  23.598  34.682 0.0000000000
129358  -44.377  41.126  32.044 0.0000000000
129482  -48.727  40.666  19.358 0.0000000000
120881  -45.428  29.983  35.297 0.0000000000
121739  -46.566  30.438  32.907 0.0000000000
129407  -49.097  40.887  29.000 0.0000000000
128127  -47.165  38.364  24.636 0.0000000000
123462  -54.047  31.873  26.521 0.0000000000
125172  -52.349  34.121  27.234 0.0000000000
122614  -53.653  31.602  29.263 0.0000000000
121745  -53.530  30.663  32.372 0.0000000000
120165  -55.898  28.209  30.543 0.0000000000
116986  -56.178  24.058  29.549 0.0000000000
118736  -56.239  26.180  29.209 0.0000000000
116999  -49.546  24.859  27.821 0.0000000000
129464  -50.302  40.245  21.415 0.0000000000
126637  -49.884  36.717  22.065 0.0000000000
125246  -52.936  35.076  20.683 0.0000000000
123496  -54.229  32.297  22.963 0.0000000000
120995  -54.587  29.944  25.456 0.0000000000
120950  -54.871  28.911  27.955 0.0000000000
121839  -53.331  30.108  25.077 0.0000000000
120986  -50.385  30.010  26.745 0.0000000000
110093  -48.781  17.095  37.206 0.0000000000
112778  -50.217  20.010  35.782 0.0000000000
116120  -51.200  23.728  35.563 0.0000000000
129345  -48.695  40.832  33.383 0.0000000000
130704  -48.161  42.502  30.869 0.0000000000
130739  -47.005  42.207  27.134 0.0000000000
130781  -47.841  42.751  23.815 0.0000000000
130142  -50.338  41.670  19.494 0.0000000000
126691  -50.148  37.274  18.380 0.0000000000
122745  -48.380  31.772  18.983 0.0000000000
123524  -45.870  32.251  19.429 0.0000000000
118687  -46.468  26.638  34.129 0.0000000000
118676  -49.450  26.836  35.389 0.0000000000
117864  -50.843  25.702  34.812 0.0000000000
124260  -45.544  33.831  28.205 0.0000000000
125200  -49.363  34.220  24.250 0.0000000000
124276  -48.511  33.614  27.653 0.0000000000
123421  -47.749  32.259  30.068 0.0000000000
122577  -50.649  31.449  33.069 0.0000000000
119440  -51.298  27.475  32.169 0.0000000000
116151  -51.133  24.126  32.169 0.0000000000
115322  -52.655  22.414  30.694 0.0000000000
114556  -51.854  21.744  28.643 0.0000000000
115369  -49.102  22.454  25.686 0.0000000000
117935  -52.998  24.966  28.597 0.0000000000
117104  -50.538  24.122  22.680 0.0000000000
115409  -46.477  22.645  22.709 0.0000000000
115294  -53.326  22.110  35.910 0.0000000000
114522  -53.595  20.769  35.354 0.0000000000
115317  -52.628  22.137  33.857 0.0000000000
122775  -50.252  30.804  18.104 0.0000000000
121944  -51.908  30.568  18.384 0.0000000000
121068  -50.670  29.859  18.454 0.0000000000
121033  -50.162  29.975  19.888 0.0000000000
122588  -45.531  31.223  31.148 0.0000000000
129423  -50.069  41.174  27.556 0.0000000000
121794  -55.254  30.337  27.366 0.0000000000
122626  -53.900  31.883  27.434 0.0000000000
122619  -54.628  30.874  28.367 0.0000000000
121760  -54.649  30.279  30.241 0.0000000000
120930  -55.872  29.161  29.255 0.0000000000
120166  -56.427  27.970  30.034 0.0000000000
120210  -56.032  28.425  28.704 0.0000000000
128163  -51.487  38.524  20.143 0.0000000000
127378  -51.619  37.667  20.789 0.0000000000
126667  -52.379  36.626  20.140 0.0000000000
121037  -54.294  30.240  20.372 0.0000000000
122729  -54.537  31.685  21.194 0.0000000000
121884  -54.488  30.646  22.268 0.0000000000
122681  -54.495  31.236  24.206 0.0000000000
121003  -54.349  29.908  23.460 0.0000000000
120994  -54.247  29.676  25.587 0.0000000000
121855  -53.281  29.865  23.966 0.0000000000
121853  -51.171  30.573  24.406 0.0000000000
114518  -47.610  21.562  34.385 0.0000000000
113679  -48.992  20.302  35.114 0.0000000000
114520  -49.457  21.726  34.999 0.0000000000
114505  -50.535  21.929  35.332 0.0000000000
115290  -49.559  23.194  35.297 0.0000000000
130051  -44.038  40.946  30.052 0.0000000000
130044  -45.804  41.609  31.294 0.0000000000
130060  -45.684  41.677  29.368 0.0000000000
130722  -47.853  42.546  28.979 0.0000000000
129421  -45.153  41.251  27.576 0.0000000000
132621  -45.573  45.591  24.002 0.0000000000
131366  -46.452  44.037  24.239 0.0000000000
131973  -47.354  45.565  23.568 0.0000000000
130797  -48.715  43.542  21.980 0.0000000000
131998  -49.592  45.324  21.036 0.0000000000
127394  -48.433  37.853  19.969 0.0000000000
128838  -49.355  39.810  19.105 0.0000000000
125994  -48.782  36.002  19.869 0.0000000000
125260  -49.745  34.715  19.211 0.0000000000
124373  -47.663  33.667  19.964 0.0000000000
123525  -46.994  32.479  19.625 0.0000000000
124372  -46.435  33.322  19.948 0.0000000000
120896  -40.991  29.665  35.086 0.0000000000
119418  -40.819  28.192  34.382 0.0000000000
119420  -42.673  28.043  34.474 0.0000000000
119433  -44.708  26.725  33.657 0.0000000000
120142  -44.466  28.837  34.745 0.0000000000
120867  -47.610  30.148  36.173 0.0000000000
120128  -47.433  29.100  35.474 0.0000000000
120130  -49.483  28.769  35.665 0.0000000000
118677  -50.127  26.699  35.278 0.0000000000
119426  -50.271  27.683  35.116 0.0000000000
125916  -44.458  35.827  26.525 0.0000000000
125151  -43.793  35.239  27.419 0.0000000000
125153  -45.511  34.439  27.338 0.0000000000
125213  -51.833  34.072  23.002 0.0000000000
125211  -49.371  34.899  23.029 0.0000000000
124319  -51.343  33.724  24.086 0.0000000000
125146  -52.088  33.853  28.468 0.0000000000
125156  -51.057  33.850  27.341 0.0000000000
124265  -50.477  33.527  28.576 0.0000000000
124251  -48.611  33.181  29.092 0.0000000000
123437  -49.670  32.724  29.665 0.0000000000
122607  -49.578  31.745  31.074 0.0000000000
123407  -51.272  32.256  31.025 0.0000000000
120160  -53.857  28.315  31.660 0.0000000000
120912  -52.829  29.537  32.318 0.0000000000
118710  -52.662  26.502  31.136 0.0000000000
117885  -50.736  25.751  32.001 0.0000000000
117889  -52.006  25.012  31.020 0.0000000000
116155  -51.815  23.563  31.364 0.0000000000
116973  -52.949  24.463  30.543 0.0000000000
116184  -55.188  23.357  27.283 0.0000000000
115344  -54.479  22.631  28.200 0.0000000000
115357  -52.308  22.582  27.042 0.0000000000
115355  -50.221  22.463  26.815 0.0000000000
115387  -51.003  23.143  25.203 0.0000000000
120207  -53.602  28.566  28.690 0.0000000000
119463  -53.755  27.633  29.198 0.0000000000
119462  -52.461  27.509  29.431 0.0000000000
117068  -48.352  24.554  24.996 0.0000000000
117049  -49.865  24.661  25.879 0.0000000000
117102  -48.521  24.598  22.810 0.0000000000
116238  -49.116  23.757  21.636 0.0000000000
116249  -47.017  23.627  20.472 0.0000000000
115431  -45.883  22.631  20.575 0.0000000000
111919  -52.111  18.453  37.319 0.0000000000
113706  -51.370  20.194  32.546 0.0000000000
126008  -51.573  35.627  18.275 0.0000000000
125262  -52.815  34.781  19.110 0.0000000000
123544  -52.362  32.549  18.426 0.0000000000
121071  -53.355  30.546  18.900 0.0000000000
121036  -53.573  29.994  20.331 0.0000000000
121883  -53.294  30.054  22.114 0.0000000000
121016  -51.898  30.234  20.752 0.0000000000
111936  -46.765  18.162  35.114 0.0000000000
113692  -46.155  20.500  34.074 0.0000000000
116116  -46.995  23.742  34.863 0.0000000000
129402  -42.425  40.230  28.498 0.0000000000
132031  -49.611  44.827  19.500 0.0000000000
126665  -47.332  36.855  20.625 0.0000000000
125243  -46.465  34.957  20.732 0.0000000000
120899  -44.108  29.688  35.047 0.0000000000
121722  -45.738  30.482  33.772 0.0000000000
121708  -47.852  30.438  34.900 0.0000000000
126615  -46.628  36.607  24.439 0.0000000000
124322  -53.551  33.190  24.622 0.0000000000
124309  -52.935  33.644  25.562 0.0000000000
124297  -53.311  33.402  26.972 0.0000000000
124281  -52.963  33.404  28.089 0.0000000000
123441  -53.003  32.121  30.001 0.0000000000
123410  -53.005  31.945  31.837 0.0000000000
122610  -53.960  30.919  30.950 0.0000000000
120918  -54.616  29.380  31.330 0.0000000000
118712  -55.194  26.722  31.208 0.0000000000
117892  -55.073  25.142  30.568 0.0000000000
118720  -56.632  26.002  30.318 0.0000000000
117911  -57.075  24.931  29.581 0.0000000000
117005  -55.496  24.415  28.002 0.0000000000
118731  -50.962  26.657  29.226 0.0000000000
123430  -43.169  33.268  29.544 0.0000000000
129457  -49.999  40.636  24.023 0.0000000000
128816  -49.397  39.169  23.363 0.0000000000
127362  -50.429  38.125  21.864 0.0000000000
125231  -51.086  35.525  21.564 0.0000000000
125225  -53.145  33.982  22.735 0.0000000000
124361  -53.631  33.554  20.305 0.0000000000
124351  -54.015  32.969  21.675 0.0000000000
124335  -54.012  32.947  23.709 0.0000000000
123487  -54.227  32.328  24.173 0.0000000000
122643  -54.413  30.998  25.914 0.0000000000
120991  -55.497  29.776  27.081 0.0000000000
120225  -55.866  28.716  27.858 0.0000000000
120990  -55.012  29.743  26.588 0.0000000000
120989  -54.057  29.513  26.454 0.0000000000
120973  -52.571  29.728  27.411 0.0000000000
121854  -52.289  30.374  24.229 0.0000000000
121817  -51.650  30.415  26.048 0.0000000000
111925  -47.975  18.144  35.894 0.0000000000
111927  -49.759  18.580  36.602 0.0000000000
111917  -50.492  18.333  37.194 0.0000000000
113667  -52.022  20.307  36.300 0.0000000000
114507  -52.574  21.767  36.113 0.0000000000
116122  -52.477  23.116  35.498 0.0000000000
129359  -48.372  40.676  32.173 0.0000000000
130687  -48.488  42.047  32.184 0.0000000000
129382  -48.600  41.115  30.648 0.0000000000
130062  -48.778  41.812  29.694 0.0000000000
130714  -49.223  42.209  28.626 0.0000000000
130733  -49.579  42.219  27.321 0.0000000000
129434  -43.838  41.073  26.654 0.0000000000
130112  -45.522  41.879  25.857 0.0000000000
130757  -47.728  42.176  25.665 0.0000000000
130114  -49.195  41.660  24.971 0.0000000000
130130  -49.185  41.874  22.287 0.0000000000
129473  -49.964  40.980  20.596 0.0000000000
129484  -51.209  40.556  19.050 0.0000000000
130821  -49.923  43.025  19.353 0.0000000000
130170  -50.879  41.035  18.139 0.0000000000
128186  -50.924  38.857  18.393 0.0000000000
125261  -50.576  34.798  18.624 0.0000000000
123528  -50.037  32.874  18.734 0.0000000000
122758  -47.921  31.146  18.516 0.0000000000
122743  -46.458  31.673  19.192 0.0000000000
124371  -45.401  33.269  19.915 0.0000000000
117860  -45.859  24.947  33.982 0.0000000000
117862  -47.472  25.420  34.560 0.0000000000
120143  -45.738  28.931  35.022 0.0000000000
118689  -48.099  26.363  34.842 0.0000000000
116935  -48.939  24.811  35.247 0.0000000000
116936  -50.038  24.784  35.502 0.0000000000
117854  -51.297  24.843  35.422 0.0000000000
116951  -52.078  24.548  35.047 0.0000000000
123432  -44.537  32.707  29.574 0.0000000000
128139  -48.685  38.005  23.171 0.0000000000
125947  -48.029  35.751  23.380 0.0000000000
125182  -47.348  34.720  25.368 0.0000000000
125186  -51.430  33.813  26.052 0.0000000000
125169  -49.509  33.803  26.370 0.0000000000
125167  -47.507  34.230  26.462 0.0000000000
124262  -47.549  33.473  28.347 0.0000000000
124249  -46.575  33.146  29.131 0.0000000000
122613  -46.168  31.988  30.072 0.0000000000
122590  -47.551  31.070  31.401 0.0000000000
121741  -48.678  30.686  32.827 0.0000000000
122564  -50.361  31.067  34.622 0.0000000000
122579  -52.570  31.451  33.189 0.0000000000
121712  -52.016  30.732  34.523 0.0000000000
120150  -50.749  28.543  33.946 0.0000000000
118705  -50.508  26.450  33.093 0.0000000000
116964  -51.115  24.981  33.672 0.0000000000
116148  -51.930  23.561  33.815 0.0000000000
114527  -52.046  21.855  32.385 0.0000000000
114531  -52.314  21.621  31.409 0.0000000000
113721  -52.403  21.149  30.847 0.0000000000
116160  -54.378  23.472  29.707 0.0000000000
114542  -53.018  21.626  29.491 0.0000000000
113729  -50.838  20.985  29.963 0.0000000000
114538  -49.047  21.382  29.079 0.0000000000
114553  -48.491  21.695  27.997 0.0000000000
119487  -55.590  27.812  28.898 0.0000000000
117908  -54.691  25.744  29.064 0.0000000000
117028  -53.217  24.325  26.617 0.0000000000
117933  -50.976  25.356  28.486 0.0000000000
117051  -51.976  24.570  25.680 0.0000000000
117090  -52.210  24.088  24.216 0.0000000000
116213  -50.234  23.527  23.367 0.0000000000
115384  -47.723  22.606  24.688 0.0000000000
115314  -53.618  21.384  35.500 0.0000000000
115313  -53.235  22.093  34.773 0.0000000000
114521  -53.373  21.073  34.679 0.0000000000
121959  -49.815  30.470  17.942 0.0000000000
121083  -50.331  30.149  18.033 0.0000000000
121082  -49.710  29.918  17.910 0.0000000000
122587  -44.541  31.302  31.214 0.0000000000
122602  -44.421  31.767  30.705 0.0000000000
129424  -50.553  41.096  26.818 0.0000000000
128797  -50.185  40.668  26.455 0.0000000000
128803  -50.013  40.487  25.730 0.0000000000
121772  -55.462  30.146  28.016 0.0000000000
121762  -55.285  30.051  28.995 0.0000000000
121763  -55.837  29.484  28.578 0.0000000000
120931  -56.155  28.707  28.824 0.0000000000
120952  -56.341  28.925  28.218 0.0000000000
128834  -51.264  38.964  19.624 0.0000000000
127395  -52.080  37.524  19.776 0.0000000000
121019  -54.303  29.981  21.307 0.0000000000
121903  -54.402  30.826  21.274 0.0000000000
121010  -54.243  29.971  22.412 0.0000000000
121868  -54.516  30.512  23.301 0.0000000000
121002  -54.006  29.656  23.683 0.0000000000
111082  -46.554  17.105  36.224 0.0000000000
115310  -48.024  22.647  34.674 0.0000000000
114519  -48.593  21.675  34.659 0.0000000000
115311  -49.009  22.503  34.945 0.0000000000
115312  -49.784  22.486  35.217 0.0000000000
116137  -48.658  23.219  35.074 0.0000000000
129380  -43.915  40.832  29.679 0.0000000000
130052  -44.601  41.276  29.851 0.0000000000
130059  -44.832  41.276  28.850 0.0000000000
130070  -45.628  41.400  28.272 0.0000000000
129405  -44.904  41.090  27.953 0.0000000000
132644  -47.055  45.647  22.345 0.0000000000
131984  -45.638  44.831  23.041 0.0000000000
132632  -46.662  45.630  23.268 0.0000000000
132614  -46.746  46.033  24.120 0.0000000000
132633  -47.643  46.010  22.932 0.0000000000
131987  -48.920  45.478  21.976 0.0000000000
132646  -49.109  46.217  21.299 0.0000000000
125982  -47.942  36.158  20.333 0.0000000000
126678  -48.695  36.989  19.894 0.0000000000
125245  -48.205  35.452  20.164 0.0000000000
125259  -48.541  34.802  19.857 0.0000000000
125258  -47.830  34.391  20.214 0.0000000000
124360  -47.487  34.277  20.285 0.0000000000
120877  -40.756  30.122  35.093 0.0000000000
120897  -41.908  29.842  34.953 0.0000000000
120139  -41.381  29.002  34.774 0.0000000000
120140  -42.363  28.981  34.751 0.0000000000
119421  -43.710  27.951  34.333 0.0000000000
121675  -48.324  30.297  36.103 0.0000000000
120884  -47.900  29.596  36.103 0.0000000000
120885  -48.948  29.755  36.080 0.0000000000
120131  -50.192  28.796  35.301 0.0000000000
126610  -45.738  36.606  25.214 0.0000000000
125922  -45.393  35.764  25.655 0.0000000000
125164  -44.866  35.364  26.519 0.0000000000
125166  -46.465  34.631  26.312 0.0000000000
125214  -52.609  33.986  23.141 0.0000000000
124331  -51.477  33.890  23.495 0.0000000000
124332  -52.043  33.806  23.651 0.0000000000
124255  -52.046  33.265  29.435 0.0000000000
124266  -51.496  33.704  28.601 0.0000000000
124253  -50.598  33.334  29.229 0.0000000000
124252  -49.601  33.215  29.129 0.0000000000
123438  -50.661  32.824  29.827 0.0000000000
123424  -50.702  32.287  30.680 0.0000000000
118711  -54.016  26.736  31.176 0.0000000000
119442  -53.391  27.526  31.431 0.0000000000
117887  -52.456  25.831  31.076 0.0000000000
117890  -52.606  25.343  30.799 0.0000000000
116972  -52.153  24.493  30.865 0.0000000000
117891  -53.768  25.215  30.624 0.0000000000
116195  -54.448  23.312  26.681 0.0000000000
115374  -54.087  22.872  26.496 0.0000000000
115373  -53.133  22.958  26.164 0.0000000000
115372  -52.066  22.934  26.212 0.0000000000
116205  -52.757  23.586  24.904 0.0000000000
120206  -52.434  28.739  28.762 0.0000000000
120181  -52.820  28.182  29.218 0.0000000000
117086  -47.897  24.756  23.983 0.0000000000
117087  -49.045  24.557  23.792 0.0000000000
117114  -47.942  24.474  21.830 0.0000000000
117130  -46.812  24.080  20.100 0.0000000000
117113  -46.716  24.467  21.902 0.0000000000
112756  -52.560  19.060  37.015 0.0000000000
125274  -51.737  34.544  18.213 0.0000000000
124389  -51.941  33.484  18.331 0.0000000000
121069  -51.840  29.970  18.657 0.0000000000
121945  -52.763  30.865  18.560 0.0000000000
121070  -52.784  30.158  18.731 0.0000000000
121054  -53.604  30.240  19.500 0.0000000000
121053  -52.729  29.941  19.363 0.0000000000
121035  -52.597  30.094  20.204 0.0000000000
121034  -51.490  30.075  20.258 0.0000000000
121918  -50.866  30.362  20.662 0.0000000000
113691  -45.181  20.570  33.946 0.0000000000
115287  -46.330  22.946  34.753 0.0000000000
116115  -45.870  23.572  34.762 0.0000000000
129387  -41.801  40.049  30.021 0.0000000000
128160  -47.207  38.525  20.533 0.0000000000
126664  -46.496  36.723  20.941 0.0000000000
127375  -46.075  37.461  21.109 0.0000000000
121738  -45.605  30.473  32.875 0.0000000000
121723  -46.681  30.447  33.797 0.0000000000
121724  -47.707  30.474  33.866 0.0000000000
129406  -48.496  40.698  29.527 0.0000000000
127351  -46.825  37.158  24.217 0.0000000000
123474  -53.824  32.703  25.102 0.0000000000
124310  -53.378  33.305  25.845 0.0000000000
123461  -53.676  32.620  26.191 0.0000000000
122618  -53.812  31.786  28.068 0.0000000000
123447  -53.607  32.514  27.428 0.0000000000
123445  -53.160  32.660  28.814 0.0000000000
122609  -53.567  31.506  30.563 0.0000000000
120922  -55.532  28.939  30.420 0.0000000000
120921  -55.002  29.639  30.414 0.0000000000
120919  -55.359  28.695  30.847 0.0000000000
120161  -54.687  28.350  31.378 0.0000000000
119444  -55.600  27.449  31.097 0.0000000000
118713  -56.048  26.689  30.930 0.0000000000
119445  -56.146  27.047  30.927 0.0000000000
119466  -56.370  27.211  29.594 0.0000000000
118737  -56.797  25.699  29.520 0.0000000000
118757  -56.578  25.631  29.019 0.0000000000
117006  -56.258  24.382  28.452 0.0000000000
117938  -56.114  25.252  28.727 0.0000000000
129461  -50.039  40.261  22.724 0.0000000000
128822  -50.293  39.446  22.331 0.0000000000
125983  -52.125  36.155  20.631 0.0000000000
126650  -51.174  36.821  21.222 0.0000000000
125970  -52.093  35.582  20.960 0.0000000000
125232  -51.566  35.212  21.515 0.0000000000
125234  -53.175  34.190  21.769 0.0000000000
123546  -53.652  32.794  18.970 0.0000000000
125263  -53.347  34.129  19.573 0.0000000000
123530  -53.992  32.408  19.947 0.0000000000
123504  -54.502  32.402  21.943 0.0000000000
123509  -54.406  32.421  21.042 0.0000000000
124343  -54.136  33.054  22.681 0.0000000000
121856  -54.563  30.387  24.261 0.0000000000
122661  -54.629  30.943  24.969 0.0000000000
121840  -54.613  30.326  25.222 0.0000000000
121820  -55.044  30.225  26.439 0.0000000000
121819  -53.702  29.757  25.777 0.0000000000
120988  -53.217  29.767  26.849 0.0000000000
121882  -52.554  30.342  22.256 0.0000000000
121866  -52.428  30.426  23.226 0.0000000000
121837  -50.958  30.573  25.292 0.0000000000
111955  -47.105  18.640  34.820 0.0000000000
111937  -47.357  18.138  35.528 0.0000000000
112777  -49.359  19.490  35.624 0.0000000000
111939  -48.981  18.774  36.011 0.0000000000
112763  -50.057  19.432  36.082 0.0000000000
112764  -50.955  19.695  36.292 0.0000000000
111928  -51.030  18.784  36.934 0.0000000000
115292  -51.425  22.816  35.565 0.0000000000
114506  -51.710  21.849  35.662 0.0000000000
115293  -52.348  22.611  35.802 0.0000000000
116121  -51.961  23.436  35.591 0.0000000000
128747  -48.543  40.172  33.947 0.0000000000
128752  -48.446  40.452  33.133 0.0000000000
128751  -48.094  40.287  32.420 0.0000000000
129360  -48.569  40.914  32.334 0.0000000000
130020  -45.100  41.283  32.435 0.0000000000
130035  -45.856  41.608  32.156 0.0000000000
130054  -46.686  41.971  30.847 0.0000000000
130695  -48.141  42.401  31.767 0.0000000000
130696  -48.502  42.144  31.265 0.0000000000
130046  -48.623  41.597  31.742 0.0000000000
130055  -48.633  41.641  30.698 0.0000000000
130705  -48.490  42.161  30.309 0.0000000000
130072  -47.376  42.382  28.522 0.0000000000
130713  -48.714  42.284  29.314 0.0000000000
130723  -48.658  42.536  28.452 0.0000000000
130724  -49.297  42.349  28.066 0.0000000000
130732  -48.685  42.463  27.559 0.0000000000
130095  -44.906  41.574  26.226 0.0000000000
130755  -45.341  42.705  25.135 0.0000000000
131367  -47.022  43.333  24.208 0.0000000000
130772  -46.861  42.783  24.793 0.0000000000
130773  -47.593  42.498  24.457 0.0000000000
130758  -48.715  41.983  25.532 0.0000000000
130119  -47.876  41.913  23.897 0.0000000000
130120  -48.734  41.540  24.131 0.0000000000
130124  -48.053  42.353  23.608 0.0000000000
130798  -49.215  43.146  21.184 0.0000000000
130133  -49.831  41.997  20.864 0.0000000000
129474  -50.642  40.482  19.982 0.0000000000
130820  -48.906  42.973  19.284 0.0000000000
131438  -49.940  44.281  19.492 0.0000000000
130155  -49.465  41.812  19.086 0.0000000000
127409  -49.792  37.979  18.397 0.0000000000
128839  -50.112  39.942  18.394 0.0000000000
128185  -50.340  38.937  18.426 0.0000000000
128850  -50.919  39.856  18.457 0.0000000000
127423  -50.477  37.946  17.923 0.0000000000
126007  -50.982  35.750  18.273 0.0000000000
126692  -50.706  36.830  18.225 0.0000000000
124374  -48.949  33.614  19.450 0.0000000000
124375  -50.123  33.655  18.823 0.0000000000
123527  -49.344  32.443  18.977 0.0000000000
123541  -49.635  31.772  18.617 0.0000000000
122759  -48.965  31.335  18.477 0.0000000000
122742  -45.977  31.710  19.127 0.0000000000
122756  -45.694  31.350  18.624 0.0000000000
123540  -45.280  31.985  19.080 0.0000000000
124358  -45.905  34.083  20.444 0.0000000000
118698  -43.111  26.261  33.525 0.0000000000
118686  -45.546  26.764  33.853 0.0000000000
118700  -44.997  25.940  33.531 0.0000000000
118701  -45.852  25.822  33.703 0.0000000000
116949  -46.610  24.671  34.480 0.0000000000
120880  -44.752  30.135  35.137 0.0000000000
120900  -44.983  29.562  35.168 0.0000000000
120126  -46.134  29.310  35.328 0.0000000000
119408  -48.683  27.772  35.398 0.0000000000
119425  -48.155  27.623  34.864 0.0000000000
118675  -48.766  27.047  35.222 0.0000000000
117851  -48.612  25.841  35.154 0.0000000000
117852  -49.723  25.770  35.398 0.0000000000
117853  -50.689  25.497  35.288 0.0000000000
117865  -51.468  25.027  35.215 0.0000000000
117879  -51.421  25.094  34.628 0.0000000000
125144  -45.013  34.164  28.038 0.0000000000
124247  -44.601  33.438  29.091 0.0000000000
128140  -49.365  38.356  22.749 0.0000000000
128134  -48.853  38.540  23.311 0.0000000000
126636  -49.152  36.742  22.460 0.0000000000
125210  -48.592  35.243  23.387 0.0000000000
125199  -48.153  34.861  24.107 0.0000000000
125183  -48.388  34.314  25.302 0.0000000000
125187  -52.295  33.888  26.314 0.0000000000
124308  -52.218  33.757  25.348 0.0000000000
124295  -49.962  33.607  27.369 0.0000000000
125170  -50.504  33.742  26.833 0.0000000000
124294  -49.424  33.670  27.141 0.0000000000
125168  -48.587  34.017  26.204 0.0000000000
124293  -48.607  33.799  26.907 0.0000000000
124275  -47.542  33.784  27.381 0.0000000000
123435  -47.751  32.646  29.555 0.0000000000
124250  -47.610  33.163  29.120 0.0000000000
123420  -47.192  32.281  29.919 0.0000000000
123434  -46.665  32.407  29.697 0.0000000000
122604  -46.613  31.836  30.386 0.0000000000
122605  -47.619  31.694  30.670 0.0000000000
122592  -49.669  31.469  31.706 0.0000000000
122575  -49.158  31.128  32.174 0.0000000000
121742  -49.692  30.933  33.337 0.0000000000
121726  -49.904  30.993  34.232 0.0000000000
121727  -50.395  31.267  33.786 0.0000000000
122596  -53.431  31.434  31.995 0.0000000000
122595  -52.560  31.790  32.378 0.0000000000
122580  -53.103  31.134  33.118 0.0000000000
120158  -51.959  28.163  31.967 0.0000000000
120907  -51.975  30.020  33.470 0.0000000000
120910  -51.160  28.961  32.794 0.0000000000
120902  -51.188  29.499  34.251 0.0000000000
120153  -50.823  28.512  33.067 0.0000000000
119436  -50.592  27.555  33.502 0.0000000000
119439  -50.581  27.222  32.689 0.0000000000
116969  -51.188  24.857  31.798 0.0000000000
116967  -50.995  24.916  32.639 0.0000000000
116147  -51.275  24.184  33.229 0.0000000000
116152  -51.404  23.323  32.669 0.0000000000
115316  -51.971  22.519  33.252 0.0000000000
116156  -52.412  22.922  30.993 0.0000000000
115321  -52.224  22.480  31.419 0.0000000000
116975  -55.539  24.274  29.993 0.0000000000
116974  -54.111  24.334  30.266 0.0000000000
116161  -55.292  23.726  29.606 0.0000000000
115342  -52.556  22.230  27.933 0.0000000000
114558  -53.690  22.143  28.839 0.0000000000
114557  -52.865  21.757  28.730 0.0000000000
113730  -51.711  21.130  29.932 0.0000000000
114540  -51.252  21.478  29.350 0.0000000000
114539  -50.198  21.444  29.250 0.0000000000
114555  -50.799  21.792  28.551 0.0000000000
115354  -49.274  22.324  26.583 0.0000000000
115339  -49.416  22.162  27.473 0.0000000000
114569  -48.591  22.115  27.130 0.0000000000
114568  -47.596  21.804  26.997 0.0000000000
115353  -48.358  22.178  26.373 0.0000000000
120224  -55.275  28.748  27.965 0.0000000000
120209  -55.451  28.383  28.400 0.0000000000
118734  -54.210  26.589  29.342 0.0000000000
117936  -54.113  25.010  28.493 0.0000000000
117003  -53.597  24.393  27.683 0.0000000000
117932  -49.958  25.543  28.594 0.0000000000
117000  -50.550  24.807  27.770 0.0000000000
117070  -50.650  24.572  24.684 0.0000000000
117050  -50.956  24.652  25.754 0.0000000000
117071  -51.687  24.461  24.722 0.0000000000
117072  -52.534  24.306  24.857 0.0000000000
117089  -51.344  24.206  23.594 0.0000000000
116215  -51.736  23.851  23.861 0.0000000000
116227  -50.794  23.876  22.880 0.0000000000
115410  -47.615  23.045  22.576 0.0000000000
115411  -48.608  23.342  22.790 0.0000000000
115398  -47.205  22.590  23.687 0.0000000000
115367  -47.149  22.337  25.444 0.0000000000
114490  -53.527  21.174  36.209 0.0000000000
115272  -53.820  21.251  36.174 0.0000000000
113696  -53.102  20.245  34.996 0.0000000000
122761  -50.856  31.138  18.242 0.0000000000
121943  -51.012  30.303  18.264 0.0000000000
121051  -50.500  29.715  19.160 0.0000000000
121752  -44.583  30.857  31.960 0.0000000000
121753  -45.547  30.715  31.967 0.0000000000
129422  -49.535  40.857  28.202 0.0000000000
128796  -49.351  40.308  26.744 0.0000000000
128808  -47.740  38.748  24.636 0.0000000000
123448  -53.975  31.912  27.131 0.0000000000
122627  -54.474  31.281  27.137 0.0000000000
122615  -54.300  30.890  29.768 0.0000000000
120929  -55.175  29.756  29.724 0.0000000000
120182  -56.131  28.539  29.950 0.0000000000
120183  -56.190  28.322  29.381 0.0000000000
119488  -56.055  27.728  29.185 0.0000000000
128825  -50.820  39.555  21.007 0.0000000000
128149  -50.799  38.675  21.551 0.0000000000
128162  -51.187  38.925  20.736 0.0000000000
126651  -51.918  36.837  20.668 0.0000000000
125984  -52.672  35.657  20.359 0.0000000000
121930  -54.359  31.252  19.773 0.0000000000
122747  -54.171  31.981  19.867 0.0000000000
121920  -54.432  31.008  20.427 0.0000000000
122716  -54.544  31.565  22.137 0.0000000000
122700  -54.461  31.434  23.183 0.0000000000
120999  -54.436  29.901  24.436 0.0000000000
120998  -54.102  29.662  24.652 0.0000000000
121865  -51.300  30.622  23.424 0.0000000000
110092  -48.161  16.800  37.024 0.0000000000
112776  -48.580  19.679  35.045 0.0000000000
113694  -48.303  20.573  34.598 0.0000000000
113695  -49.027  21.004  34.896 0.0000000000
113680  -49.778  20.745  35.337 0.0000000000
113681  -50.977  20.778  35.666 0.0000000000
115291  -50.472  23.040  35.423 0.0000000000
130024  -48.504  41.352  33.746 0.0000000000
129368  -43.723  40.987  31.171 0.0000000000
130034  -45.026  41.396  31.731 0.0000000000
130043  -44.756  41.320  30.916 0.0000000000
130053  -45.694  41.657  30.375 0.0000000000
130061  -46.634  42.078  29.932 0.0000000000
130712  -48.104  42.472  29.960 0.0000000000
130721  -47.410  42.389  29.653 0.0000000000
130071  -46.797  42.175  28.861 0.0000000000
130081  -46.718  41.915  27.783 0.0000000000
131969  -44.099  44.446  24.061 0.0000000000
131365  -45.286  43.888  24.558 0.0000000000
131957  -45.832  45.036  24.425 0.0000000000
131958  -46.732  45.417  24.101 0.0000000000
131381  -47.343  43.930  23.501 0.0000000000
131382  -47.967  43.528  22.949 0.0000000000
131400  -48.327  44.349  22.575 0.0000000000
131415  -49.160  44.437  21.536 0.0000000000
130806  -49.952  43.137  20.076 0.0000000000
128832  -48.421  39.564  19.693 0.0000000000
128172  -48.798  38.767  19.435 0.0000000000
127408  -49.190  37.911  19.298 0.0000000000
126679  -49.594  36.951  19.240 0.0000000000
126680  -50.158  36.540  18.796 0.0000000000
125995  -49.606  35.787  19.387 0.0000000000
123526  -48.140  32.569  19.447 0.0000000000
121700  -40.175  30.350  34.577 0.0000000000
120895  -40.204  29.643  35.014 0.0000000000
120138  -40.478  28.935  34.789 0.0000000000
119432  -43.913  27.023  33.729 0.0000000000
119422  -44.900  27.719  34.216 0.0000000000
121688  -46.073  30.202  35.161 0.0000000000
120127  -46.540  29.267  35.380 0.0000000000
120883  -47.011  29.704  35.992 0.0000000000
120129  -48.446  28.588  35.541 0.0000000000
119409  -49.148  27.781  35.646 0.0000000000
119410  -49.865  27.757  35.555 0.0000000000
118690  -50.448  26.605  34.937 0.0000000000
125152  -44.482  35.047  27.116 0.0000000000
124273  -46.039  34.081  27.570 0.0000000000
125222  -50.565  35.016  22.100 0.0000000000
125957  -49.457  35.838  22.398 0.0000000000
125212  -50.703  34.141  23.287 0.0000000000
125201  -50.422  33.817  24.634 0.0000000000
125158  -52.366  33.924  28.078 0.0000000000
125171  -51.565  34.024  26.944 0.0000000000
125157  -51.562  33.967  27.823 0.0000000000
124278  -50.460  33.667  27.791 0.0000000000
124264  -49.522  33.411  28.462 0.0000000000
124263  -48.531  33.417  28.416 0.0000000000
123436  -48.684  32.665  29.564 0.0000000000
123422  -48.666  32.230  30.197 0.0000000000
122606  -48.607  31.676  30.888 0.0000000000
123423  -49.660  32.261  30.369 0.0000000000
122608  -50.196  31.789  31.241 0.0000000000
122593  -50.761  31.772  31.664 0.0000000000
120917  -53.871  29.118  31.697 0.0000000000
121744  -53.076  30.347  32.626 0.0000000000
120916  -53.381  28.906  31.771 0.0000000000
119441  -52.234  27.491  31.566 0.0000000000
118709  -51.500  26.572  31.661 0.0000000000
118708  -50.702  26.504  32.298 0.0000000000
117886  -51.826  25.563  31.340 0.0000000000
116154  -51.397  24.280  31.646 0.0000000000
116158  -52.392  23.966  30.718 0.0000000000
116159  -52.976  23.436  30.472 0.0000000000
116177  -56.107  23.371  28.482 0.0000000000
115330  -55.679  23.115  28.788 0.0000000000
115360  -55.251  22.864  27.622 0.0000000000
115358  -53.370  22.562  27.085 0.0000000000
115341  -51.507  22.118  27.811 0.0000000000
115340  -50.448  22.124  27.681 0.0000000000
115356  -51.229  22.630  27.013 0.0000000000
115371  -51.082  22.775  26.082 0.0000000000
115370  -50.100  22.618  25.877 0.0000000000
120949  -54.219  29.137  28.103 0.0000000000
119486  -54.783  27.943  28.746 0.0000000000
119485  -54.203  28.177  28.751 0.0000000000
118733  -53.044  26.665  29.453 0.0000000000
117906  -52.447  25.825  29.159 0.0000000000
117048  -48.762  24.502  26.028 0.0000000000
117025  -50.206  24.540  26.870 0.0000000000
117069  -49.498  24.557  24.824 0.0000000000
117103  -49.596  24.447  22.696 0.0000000000
117116  -49.692  24.117  22.006 0.0000000000
117115  -49.023  24.467  21.872 0.0000000000
116237  -48.297  23.663  21.275 0.0000000000
115421  -47.554  23.318  21.451 0.0000000000
115420  -46.688  22.845  21.561 0.0000000000
115432  -46.741  23.142  20.574 0.0000000000
116267  -46.064  23.366  19.642 0.0000000000
111076  -51.239  17.419  37.648 0.0000000000
127426  -52.081  37.150  18.529 0.0000000000
127411  -52.440  36.979  19.014 0.0000000000
126009  -52.247  35.395  18.568 0.0000000000
124390  -52.713  33.424  18.537 0.0000000000
122764  -53.496  32.070  18.957 0.0000000000
122762  -52.032  31.517  18.402 0.0000000000
122763  -52.882  31.786  18.589 0.0000000000
121929  -53.906  30.819  19.296 0.0000000000
121055  -54.295  30.581  19.785 0.0000000000
121018  -53.468  29.883  21.457 0.0000000000
121902  -53.251  29.995  21.723 0.0000000000
121901  -52.839  30.153  21.587 0.0000000000
121900  -51.744  30.386  21.202 0.0000000000
121919  -51.382  30.303  20.684 0.0000000000
111101  -46.407  17.630  35.498 0.0000000000
111954  -46.112  18.368  34.670 0.0000000000
112792  -46.681  19.480  34.394 0.0000000000
114516  -45.592  21.373  34.234 0.0000000000
113693  -47.191  20.502  34.316 0.0000000000
115309  -46.943  22.381  34.412 0.0000000000
115288  -47.357  23.154  34.733 0.0000000000
129367  -42.684  40.565  31.493 0.0000000000
129378  -42.684  40.495  30.545 0.0000000000
129388  -42.474  40.309  29.548 0.0000000000
132657  -49.156  46.027  20.170 0.0000000000
129481  -47.895  40.707  19.796 0.0000000000
128161  -48.093  38.652  20.177 0.0000000000
127393  -47.672  37.753  20.438 0.0000000000
125981  -46.982  35.897  20.790 0.0000000000
125980  -45.959  35.903  21.033 0.0000000000
121705  -45.065  30.483  34.558 0.0000000000
121706  -45.907  30.404  34.534 0.0000000000
121707  -46.832  30.433  34.718 0.0000000000
121691  -48.802  30.270  35.798 0.0000000000
127347  -46.024  37.191  24.910 0.0000000000
125932  -46.459  35.829  24.799 0.0000000000
124321  -52.895  33.622  24.545 0.0000000000
124296  -52.962  33.863  26.598 0.0000000000
125173  -52.878  33.884  27.523 0.0000000000
124280  -52.628  33.674  28.255 0.0000000000
123440  -52.430  32.853  29.636 0.0000000000
123426  -52.466  32.332  30.681 0.0000000000
123427  -53.097  32.024  31.164 0.0000000000
121757  -53.775  30.904  31.885 0.0000000000
121758  -54.231  30.419  31.391 0.0000000000
121746  -54.055  30.149  31.746 0.0000000000
119443  -54.535  27.520  31.408 0.0000000000
118718  -54.580  26.003  30.847 0.0000000000
118719  -55.726  25.991  30.730 0.0000000000
116976  -56.720  24.666  30.049 0.0000000000
118721  -57.120  25.303  30.187 0.0000000000
116987  -56.875  24.583  29.588 0.0000000000
117032  -56.322  24.069  28.264 0.0000000000
117031  -55.788  23.869  27.726 0.0000000000
117030  -54.885  23.842  27.105 0.0000000000
119461  -51.421  27.458  29.362 0.0000000000
119460  -50.502  27.398  29.181 0.0000000000
118730  -50.008  26.601  29.038 0.0000000000
117931  -48.958  25.516  28.401 0.0000000000
117023  -48.118  24.593  27.123 0.0000000000
117047  -47.671  24.412  26.168 0.0000000000
117067  -47.261  24.542  25.133 0.0000000000
117085  -46.784  24.761  24.199 0.0000000000
129452  -50.155  40.802  25.216 0.0000000000
128811  -50.017  40.463  24.805 0.0000000000
128817  -50.143  39.959  23.672 0.0000000000
128821  -49.819  38.916  22.646 0.0000000000
127361  -49.883  37.599  22.190 0.0000000000
127377  -50.762  37.653  21.505 0.0000000000
126649  -50.468  36.750  21.666 0.0000000000
125968  -50.703  35.964  21.625 0.0000000000
125223  -51.590  34.486  22.184 0.0000000000
125224  -52.515  34.239  22.330 0.0000000000
125215  -53.051  33.871  23.288 0.0000000000
126668  -52.465  36.356  19.619 0.0000000000
125998  -53.188  35.096  19.902 0.0000000000
125247  -53.285  34.531  20.664 0.0000000000
123515  -54.160  32.410  20.346 0.0000000000
124362  -53.853  32.921  20.798 0.0000000000
124350  -53.579  33.616  21.252 0.0000000000
124342  -53.594  33.551  22.267 0.0000000000
124334  -53.453  33.538  23.459 0.0000000000
124323  -53.927  32.835  24.254 0.0000000000
123486  -53.898  32.796  24.535 0.0000000000
123475  -54.296  31.861  25.302 0.0000000000
121821  -55.502  30.054  27.050 0.0000000000
121795  -55.645  29.835  27.495 0.0000000000
120976  -55.939  29.279  27.712 0.0000000000
120975  -55.010  29.243  27.501 0.0000000000
120974  -53.723  29.433  27.427 0.0000000000
120948  -53.104  29.313  28.201 0.0000000000
120947  -51.908  29.329  28.184 0.0000000000
121867  -53.342  30.092  23.001 0.0000000000
121838  -52.091  30.510  25.224 0.0000000000
121818  -52.920  30.184  26.161 0.0000000000
111102  -46.982  17.601  35.918 0.0000000000
111083  -47.654  17.480  36.312 0.0000000000
111926  -48.548  18.258  36.239 0.0000000000
111938  -48.319  18.766  35.472 0.0000000000
111084  -48.768  17.648  36.848 0.0000000000
111075  -50.099  17.584  37.423 0.0000000000
111929  -51.628  18.689  37.161 0.0000000000
112765  -52.077  19.350  36.827 0.0000000000
113666  -51.495  20.421  36.016 0.0000000000
113682  -51.952  21.011  35.919 0.0000000000
113683  -52.574  20.988  36.181 0.0000000000
114508  -53.051  21.376  36.280 0.0000000000
130668  -48.385  41.809  32.897 0.0000000000
130045  -46.731  41.957  31.727 0.0000000000
130694  -47.520  42.274  32.143 0.0000000000
130038  -48.537  41.453  32.698 0.0000000000
129371  -48.631  41.124  31.369 0.0000000000
129381  -48.404  40.687  31.036 0.0000000000
129391  -48.363  40.744  30.254 0.0000000000
129392  -48.671  41.263  29.835 0.0000000000
129393  -49.092  41.484  29.200 0.0000000000
130063  -49.242  41.862  28.940 0.0000000000
129408  -49.496  41.374  28.515 0.0000000000
130073  -49.722  41.833  28.065 0.0000000000
130083  -50.317  41.445  26.954 0.0000000000
129419  -43.613  40.706  27.414 0.0000000000
129435  -44.475  41.297  26.644 0.0000000000
130096  -45.571  41.622  26.548 0.0000000000
130097  -46.267  41.839  26.802 0.0000000000
130771  -46.070  43.041  24.792 0.0000000000
130756  -46.548  42.123  25.835 0.0000000000
130740  -47.759  42.265  26.807 0.0000000000
130741  -48.760  42.267  26.579 0.0000000000
130115  -49.903  41.292  25.335 0.0000000000
130121  -49.592  41.261  24.537 0.0000000000
129456  -49.675  40.782  23.584 0.0000000000
129460  -49.504  40.770  23.011 0.0000000000
130129  -48.724  42.419  22.623 0.0000000000
129463  -49.690  40.940  21.773 0.0000000000
128833  -51.152  39.499  19.831 0.0000000000
128841  -51.154  39.177  19.329 0.0000000000
132658  -49.802  45.477  20.004 0.0000000000
131425  -50.206  44.235  19.805 0.0000000000
129483  -49.825  40.859  18.477 0.0000000000
130156  -50.532  41.307  18.653 0.0000000000
130157  -51.038  41.182  18.704 0.0000000000
128840  -51.074  39.607  18.813 0.0000000000
128187  -51.487  38.056  18.298 0.0000000000
126693  -51.359  36.660  18.199 0.0000000000
125273  -51.123  34.762  18.264 0.0000000000
124388  -50.990  33.573  18.412 0.0000000000
124387  -50.373  33.096  18.614 0.0000000000
123542  -50.325  32.294  18.561 0.0000000000
122760  -49.857  31.187  18.244 0.0000000000
122744  -47.467  31.697  19.164 0.0000000000
122757  -46.886  31.059  18.626 0.0000000000
124359  -46.913  34.182  20.357 0.0000000000
116947  -44.615  23.971  34.289 0.0000000000
118699  -44.067  26.089  33.475 0.0000000000
117876  -45.277  25.027  33.845 0.0000000000
116948  -45.600  24.307  34.374 0.0000000000
116932  -46.188  24.186  34.641 0.0000000000
116933  -46.734  24.253  34.740 0.0000000000
116934  -47.765  24.722  34.835 0.0000000000
119423  -46.132  27.719  34.424 0.0000000000
120144  -46.836  28.570  34.882 0.0000000000
119424  -47.144  27.584  34.633 0.0000000000
118688  -47.338  26.504  34.484 0.0000000000
117850  -47.990  25.422  34.842 0.0000000000
116117  -48.096  23.763  35.052 0.0000000000
116118  -49.262  23.958  35.330 0.0000000000
116119  -50.283  23.913  35.450 0.0000000000
116937  -50.969  24.562  35.583 0.0000000000
116938  -51.753  24.255  35.424 0.0000000000
116952  -52.314  23.788  35.260 0.0000000000
116138  -52.417  23.825  34.733 0.0000000000
124246  -43.700  33.587  29.134 0.0000000000
123431  -43.692  32.983  29.561 0.0000000000
128810  -49.666  39.754  24.589 0.0000000000
128133  -48.123  38.285  23.725 0.0000000000
125956  -48.707  36.094  22.771 0.0000000000
126627  -48.349  36.697  23.013 0.0000000000
127352  -47.275  37.503  23.963 0.0000000000
126616  -47.107  36.268  24.079 0.0000000000
125198  -47.182  35.216  24.658 0.0000000000
124320  -52.131  33.718  24.431 0.0000000000
125202  -51.355  33.783  25.073 0.0000000000
125185  -50.457  33.795  25.739 0.0000000000
125184  -49.428  33.899  25.404 0.0000000000
125154  -46.523  34.205  27.082 0.0000000000
124274  -46.536  33.870  27.602 0.0000000000
124261  -46.550  33.562  28.302 0.0000000000
124248  -45.563  33.275  29.101 0.0000000000
123433  -45.499  32.375  29.716 0.0000000000
123419  -44.941  32.032  30.268 0.0000000000
122603  -45.452  31.816  30.421 0.0000000000
122589  -46.554  31.128  31.206 0.0000000000
121754  -46.530  30.597  32.016 0.0000000000
121756  -48.036  30.697  32.425 0.0000000000
121740  -47.512  30.471  32.965 0.0000000000
121725  -48.791  30.625  34.020 0.0000000000
121709  -48.913  30.473  34.987 0.0000000000
121692  -49.945  30.338  35.724 0.0000000000
123408  -51.785  32.245  31.292 0.0000000000
122594  -51.713  31.897  32.225 0.0000000000
122578  -51.719  31.663  33.256 0.0000000000
122568  -52.840  31.010  33.432 0.0000000000
122567  -52.357  31.024  33.846 0.0000000000
122566  -51.739  31.298  34.128 0.0000000000
122556  -50.908  31.095  35.010 0.0000000000
121693  -50.947  30.579  35.444 0.0000000000
120147  -50.576  28.710  34.722 0.0000000000
119434  -50.490  27.610  34.479 0.0000000000
117878  -50.734  25.701  33.984 0.0000000000
117884  -50.531  26.084  32.160 0.0000000000
117882  -50.751  25.644  32.978 0.0000000000
116965  -51.750  24.398  34.287 0.0000000000
116149  -52.514  22.884  34.360 0.0000000000
114524  -52.277  21.750  33.193 0.0000000000
115319  -51.763  22.550  32.115 0.0000000000
114528  -52.259  21.238  32.587 0.0000000000
113713  -52.034  20.800  31.796 0.0000000000
113712  -51.034  20.397  31.556 0.0000000000
115324  -53.386  22.651  30.032 0.0000000000
115329  -54.629  22.669  28.981 0.0000000000
114543  -53.541  22.199  29.402 0.0000000000
114534  -52.934  21.810  30.217 0.0000000000
114533  -52.402  21.262  30.142 0.0000000000
113720  -51.668  20.770  30.696 0.0000000000
113719  -50.390  20.618  30.724 0.0000000000
113728  -49.700  20.834  29.853 0.0000000000
113727  -48.472  20.751  29.755 0.0000000000
114554  -49.707  21.783  28.365 0.0000000000
120226  -56.320  28.887  27.938 0.0000000000
119465  -55.805  27.132  29.280 0.0000000000
119464  -54.926  27.258  29.165 0.0000000000
118735  -55.293  26.463  29.250 0.0000000000
117909  -55.689  25.770  28.927 0.0000000000
117937  -55.163  25.131  28.421 0.0000000000
117004  -54.613  24.435  27.675 0.0000000000
117053  -53.551  23.987  25.806 0.0000000000
118732  -51.931  26.679  29.379 0.0000000000
117026  -51.236  24.554  26.759 0.0000000000
117002  -52.554  24.483  27.699 0.0000000000
117052  -52.901  24.437  25.634 0.0000000000
116217  -52.988  23.917  24.649 0.0000000000
116204  -51.899  23.549  24.606 0.0000000000
116203  -51.071  23.385  24.282 0.0000000000
115386  -49.981  23.026  24.880 0.0000000000
116212  -49.349  23.430  23.180 0.0000000000
115400  -49.526  23.149  24.026 0.0000000000
115385  -48.794  22.779  24.805 0.0000000000
111074  -49.211  17.348  37.256 0.0000000000
111918  -51.122  18.243  37.406 0.0000000000
111956  -47.691  18.659  35.045 0.0000000000
112766  -52.893  19.566  36.908 0.0000000000
114491  -53.810  20.873  36.152 0.0000000000
114530  -52.090  22.073  31.814 0.0000000000
114535  -53.431  22.301  29.758 0.0000000000
114541  -52.206  21.470  29.422 0.0000000000
115271  -53.696  21.494  36.070 0.0000000000
115289  -47.893  23.222  34.814 0.0000000000
115295  -53.830  21.372  35.978 0.0000000000
115325  -53.915  22.749  29.441 0.0000000000
115331  -55.920  23.235  28.767 0.0000000000
115343  -53.532  22.399  28.050 0.0000000000
115345  -55.363  22.827  28.375 0.0000000000
115346  -55.796  23.064  28.536 0.0000000000
115359  -54.296  22.741  27.317 0.0000000000
115361  -55.803  23.014  28.150 0.0000000000
115368  -48.100  22.434  25.572 0.0000000000
115375  -54.737  22.995  26.948 0.0000000000
115388  -51.932  23.248  25.416 0.0000000000
115389  -52.684  23.233  25.564 0.0000000000
115399  -48.424  22.867  23.691 0.0000000000
115433  -47.503  23.564  20.934 0.0000000000
115442  -45.952  22.870  19.716 0.0000000000
115443  -46.396  23.280  19.877 0.0000000000
115453  -45.933  23.110  19.447 0.0000000000
115454  -46.251  23.202  19.614 0.0000000000
116166  -54.593  23.017  29.344 0.0000000000
116167  -55.409  23.370  29.323 0.0000000000
116168  -56.327  23.573  29.029 0.0000000000
116169  -56.724  23.973  29.065 0.0000000000
116178  -56.477  23.767  28.669 0.0000000000
116185  -55.894  23.409  27.936 0.0000000000
116186  -56.237  23.611  28.327 0.0000000000
116193  -53.175  23.421  25.459 0.0000000000
116202  -50.394  23.317  24.012 0.0000000000
116206  -53.271  23.771  25.166 0.0000000000
116214  -51.018  23.627  23.529 0.0000000000
116216  -52.508  23.902  24.372 0.0000000000
116224  -48.439  23.465  21.979 0.0000000000
116225  -49.288  23.601  22.325 0.0000000000
116226  -50.055  23.722  22.639 0.0000000000
116228  -51.274  23.940  23.273 0.0000000000
116239  -49.810  23.903  22.060 0.0000000000
116240  -50.350  23.975  22.423 0.0000000000
116250  -47.921  23.867  20.959 0.0000000000
116251  -48.844  23.951  21.290 0.0000000000
116252  -49.449  24.015  21.631 0.0000000000
116259  -45.887  23.714  19.961 0.0000000000
116260  -46.527  23.683  19.950 0.0000000000
116266  -45.486  23.255  19.367 0.0000000000
116268  -46.300  23.415  19.708 0.0000000000
116939  -52.152  23.690  35.447 0.0000000000
116950  -47.150  24.726  34.611 0.0000000000
116963  -45.010  24.420  34.126 0.0000000000
116970  -51.672  24.619  31.304 0.0000000000
116977  -57.425  24.858  30.086 0.0000000000
116978  -57.607  24.899  30.145 0.0000000000
116985  -55.665  23.833  29.578 0.0000000000
116988  -57.261  24.866  29.980 0.0000000000
116998  -48.558  24.851  27.882 0.0000000000
117001  -51.545  24.669  27.714 0.0000000000
117007  -56.767  24.314  28.941 0.0000000000
117024  -49.161  24.505  26.993 0.0000000000
117027  -52.251  24.491  26.662 0.0000000000
117029  -54.031  24.046  26.805 0.0000000000
117054  -54.037  23.630  26.505 0.0000000000
117073  -53.136  24.111  24.936 0.0000000000
117088  -50.214  24.486  23.618 0.0000000000
117091  -52.782  24.047  24.505 0.0000000000
117105  -51.102  24.029  23.001 0.0000000000
117117  -50.147  24.028  22.253 0.0000000000
117122  -47.180  24.125  20.689 0.0000000000
117123  -48.453  24.167  21.260 0.0000000000
117124  -49.239  24.125  21.556 0.0000000000
117125  -49.502  24.167  21.791 0.0000000000
117129  -46.547  24.066  20.163 0.0000000000
117861  -46.466  25.402  34.083 0.0000000000
117863  -48.057  25.754  34.848 0.0000000000
117877  -45.907  25.274  33.848 0.0000000000
117881  -50.595  26.059  32.498 0.0000000000
117893  -56.297  25.157  30.453 0.0000000000
117894  -57.093  25.092  30.284 0.0000000000
117895  -57.272  25.060  30.158 0.0000000000
117907  -53.567  25.746  29.185 0.0000000000
117910  -56.207  25.775  28.935 0.0000000000
117912  -57.449  24.872  30.038 0.0000000000
117939  -56.728  25.041  29.013 0.0000000000
118702  -50.570  26.609  34.232 0.0000000000
118704  -50.582  26.301  32.562 0.0000000000
118707  -50.559  26.240  32.348 0.0000000000
118714  -56.275  26.779  30.726 0.0000000000
118716  -52.756  25.932  30.941 0.0000000000
118738  -57.212  25.220  30.057 0.0000000000
118755  -49.295  26.190  28.779 0.0000000000
118756  -56.417  25.809  28.956 0.0000000000
119437  -50.881  27.865  32.756 0.0000000000
119447  -55.818  27.791  30.836 0.0000000000
119448  -56.284  27.299  30.589 0.0000000000
120145  -47.780  28.379  34.918 0.0000000000
120146  -48.182  28.241  35.036 0.0000000000
120154  -51.426  28.442  32.513 0.0000000000
120155  -52.143  28.805  32.204 0.0000000000
120159  -52.828  28.445  31.749 0.0000000000
120162  -55.343  28.290  31.007 0.0000000000
120208  -54.663  28.562  28.362 0.0000000000
120868  -48.205  30.116  36.234 0.0000000000
120869  -48.519  30.157  36.140 0.0000000000
120878  -41.268  30.095  35.117 0.0000000000
120882  -46.163  29.701  35.454 0.0000000000
120887  -51.087  29.851  35.119 0.0000000000
120888  -51.672  30.366  34.852 0.0000000000
120901  -45.556  29.563  35.286 0.0000000000
120903  -51.696  30.235  34.487 0.0000000000
120906  -51.145  29.255  33.328 0.0000000000
120908  -52.607  30.281  32.950 0.0000000000
120911  -51.710  29.270  32.689 0.0000000000
120913  -53.690  29.911  32.049 0.0000000000
120914  -53.921  29.952  31.873 0.0000000000
120951  -56.165  29.294  28.293 0.0000000000
120977  -56.381  29.114  27.840 0.0000000000
121017  -52.382  30.162  20.883 0.0000000000
121067  -49.587  29.659  18.374 0.0000000000
121673  -47.665  30.383  36.016 0.0000000000
121674  -48.071  30.349  36.104 0.0000000000
121683  -40.787  30.309  34.853 0.0000000000
121689  -47.073  30.315  35.691 0.0000000000
121690  -48.017  30.457  35.713 0.0000000000
121694  -51.587  30.641  35.148 0.0000000000
121710  -50.053  30.690  35.099 0.0000000000
121711  -50.510  30.700  35.409 0.0000000000
121713  -52.197  30.884  34.100 0.0000000000
121728  -52.040  30.547  34.043 0.0000000000
121729  -52.609  30.729  33.493 0.0000000000
121730  -53.069  30.899  33.190 0.0000000000
121743  -50.169  31.181  33.610 0.0000000000
121755  -47.451  30.637  32.198 0.0000000000
121942  -49.203  30.726  18.030 0.0000000000
121946  -53.409  31.219  18.898 0.0000000000
121960  -50.437  30.575  18.102 0.0000000000
122547  -51.287  31.030  35.338 0.0000000000
122548  -51.503  30.889  35.348 0.0000000000
122555  -50.568  31.084  34.788 0.0000000000
122557  -51.816  31.016  34.887 0.0000000000
122558  -52.157  30.947  34.431 0.0000000000
122565  -50.801  31.329  34.171 0.0000000000
122576  -49.763  31.244  32.442 0.0000000000
122591  -48.572  31.143  31.816 0.0000000000
122597  -53.792  31.020  31.570 0.0000000000
122612  -45.942  32.081  29.923 0.0000000000
122735  -54.425  31.791  20.418 0.0000000000
122776  -50.494  30.816  18.137 0.0000000000
123409  -52.517  32.131  31.620 0.0000000000
123425  -51.741  32.507  30.504 0.0000000000
123444  -52.706  33.107  29.023 0.0000000000
123514  -53.816  32.811  20.067 0.0000000000
123529  -53.825  32.412  19.505 0.0000000000
123545  -53.147  32.687  18.630 0.0000000000
124254  -51.519  33.378  29.338 0.0000000000
124267  -52.382  33.552  28.823 0.0000000000
124268  -52.807  33.207  28.704 0.0000000000
124277  -49.407  33.544  27.789 0.0000000000
124279  -51.032  33.747  28.203 0.0000000000
124292  -48.053  33.911  26.719 0.0000000000
124376  -50.740  34.205  18.495 0.0000000000
124377  -53.671  33.215  19.481 0.0000000000
124391  -53.372  33.427  18.886 0.0000000000
125143  -44.442  34.435  27.973 0.0000000000
125145  -51.907  33.962  28.270 0.0000000000
125155  -47.030  34.004  27.135 0.0000000000
125159  -52.724  33.747  27.972 0.0000000000
125165  -45.479  35.128  26.238 0.0000000000
125181  -46.425  35.243  25.364 0.0000000000
125197  -46.754  35.490  24.783 0.0000000000
125221  -49.858  35.279  22.373 0.0000000000
125233  -52.512  34.873  21.292 0.0000000000
125275  -52.386  34.288  18.548 0.0000000000
125276  -52.920  34.016  18.911 0.0000000000
125917  -45.013  35.571  26.165 0.0000000000
125921  -44.911  35.974  25.924 0.0000000000
125923  -45.951  35.793  25.192 0.0000000000
125933  -47.013  35.834  24.394 0.0000000000
125934  -47.513  35.473  24.051 0.0000000000
125946  -47.358  35.967  23.856 0.0000000000
125948  -48.811  35.530  22.978 0.0000000000
125958  -50.128  35.616  22.067 0.0000000000
125967  -50.109  36.161  21.931 0.0000000000
125969  -51.540  36.021  21.166 0.0000000000
125985  -53.075  35.127  20.411 0.0000000000
125996  -50.402  35.745  18.821 0.0000000000
125997  -52.624  35.609  19.417 0.0000000000
126609  -45.214  36.237  25.687 0.0000000000
126611  -46.167  36.197  24.881 0.0000000000
126614  -46.182  36.989  24.732 0.0000000000
126625  -46.983  36.974  24.015 0.0000000000
126626  -47.413  36.640  23.682 0.0000000000
126666  -48.063  37.109  20.360 0.0000000000
126681  -52.245  36.181  19.035 0.0000000000
126694  -51.971  36.523  18.475 0.0000000000
127344  -45.838  37.590  25.301 0.0000000000
127348  -46.535  37.556  24.594 0.0000000000
127349  -47.111  37.864  24.349 0.0000000000
127353  -48.098  37.430  23.344 0.0000000000
127360  -48.869  37.489  22.724 0.0000000000
127376  -50.245  37.185  21.834 0.0000000000
127396  -52.407  36.909  19.638 0.0000000000
127424  -51.182  37.658  17.950 0.0000000000
127425  -51.690  37.311  18.273 0.0000000000
128128  -47.803  38.498  24.314 0.0000000000
128132  -47.469  38.111  24.173 0.0000000000
128141  -50.162  38.534  22.234 0.0000000000
128150  -51.324  38.329  21.013 0.0000000000
128173  -49.606  38.897  18.775 0.0000000000
128174  -51.019  39.071  18.707 0.0000000000
128175  -51.309  38.588  19.064 0.0000000000
128785  -49.024  40.624  28.464 0.0000000000
128804  -50.216  40.743  25.458 0.0000000000
128831  -47.665  39.423  20.272 0.0000000000
128849  -50.701  39.946  18.392 0.0000000000
129369  -44.443  41.231  31.475 0.0000000000
129370  -48.369  40.705  31.801 0.0000000000
129379  -43.462  40.739  30.113 0.0000000000
129389  -43.312  40.516  29.215 0.0000000000
129390  -44.085  40.832  29.036 0.0000000000
129404  -44.324  40.897  28.188 0.0000000000
129420  -44.472  41.060  27.343 0.0000000000
129436  -49.770  40.716  27.478 0.0000000000
129437  -50.348  40.822  26.874 0.0000000000
129438  -50.719  40.949  26.480 0.0000000000
129446  -50.542  40.844  26.337 0.0000000000
129472  -48.031  40.132  19.940 0.0000000000
129492  -50.621  40.758  18.189 0.0000000000
129493  -51.029  40.684  18.332 0.0000000000
130042  -44.105  41.069  30.441 0.0000000000
130069  -44.905  41.167  28.327 0.0000000000
130079  -45.044  41.357  26.946 0.0000000000
130080  -45.741  41.511  27.329 0.0000000000
130082  -47.139  42.246  28.279 0.0000000000
130084  -50.708  41.125  26.593 0.0000000000
130094  -44.169  41.539  26.031 0.0000000000
130098  -50.234  41.400  26.105 0.0000000000
130099  -50.715  41.100  26.324 0.0000000000
130111  -44.688  42.057  25.518 0.0000000000
130113  -45.979  41.806  26.230 0.0000000000
130116  -50.483  41.045  25.646 0.0000000000
130122  -50.053  40.948  24.872 0.0000000000
130125  -48.500  42.067  23.303 0.0000000000
130126  -49.352  41.126  23.640 0.0000000000
130127  -49.859  40.983  24.283 0.0000000000
130143  -51.021  41.094  19.220 0.0000000000
130171  -50.967  41.142  18.301 0.0000000000
130667  -48.247  41.803  33.228 0.0000000000
130686  -48.050  42.213  32.728 0.0000000000
130703  -47.522  42.345  31.314 0.0000000000
130711  -47.481  42.359  30.446 0.0000000000
130730  -47.119  42.232  27.616 0.0000000000
130731  -47.610  42.422  27.915 0.0000000000
130742  -49.623  41.887  26.418 0.0000000000
130759  -49.574  41.648  25.709 0.0000000000
130774  -48.384  41.899  24.604 0.0000000000
130782  -48.120  42.966  23.388 0.0000000000
130787  -48.443  43.075  22.719 0.0000000000
130788  -48.687  42.748  22.072 0.0000000000
131352  -44.633  43.599  24.686 0.0000000000
131353  -44.893  43.309  24.803 0.0000000000
131380  -46.886  44.627  23.934 0.0000000000
131399  -47.781  44.953  23.090 0.0000000000
131416  -49.830  44.325  20.580 0.0000000000
131437  -49.412  44.099  19.181 0.0000000000
131955  -44.360  44.508  24.181 0.0000000000
131959  -47.088  46.031  24.142 0.0000000000
131970  -44.681  45.080  23.880 0.0000000000
131971  -45.419  45.338  23.704 0.0000000000
131972  -47.093  44.957  23.819 0.0000000000
131985  -46.445  45.294  22.690 0.0000000000
131986  -48.228  45.597  22.876 0.0000000000
131999  -50.007  45.076  20.265 0.0000000000
132012  -49.992  44.872  19.808 0.0000000000
132611  -45.243  45.242  24.312 0.0000000000
132612  -45.474  45.374  24.235 0.0000000000
132613  -46.147  45.667  24.121 0.0000000000
132620  -45.182  45.339  24.138 0.0000000000
132622  -46.387  45.930  23.916 0.0000000000
132623  -47.029  46.081  23.815 0.0000000000
132631  -45.951  45.516  23.642 0.0000000000
132634  -48.464  46.044  22.243 0.0000000000
132647  -49.675  45.720  20.558 0.0000000000
132678  -49.264  45.459  19.640 0.0000000000
132679  -49.753  45.173  19.767 0.0000000000
