#!ascii label  , from subject S5_08 vox2ras=TkReg
1659
99029  -44.736  5.483  29.603 0.0000000000
98108  -59.247  5.235  19.553 0.0000000000
104093  -49.068  10.543  36.071 0.0000000000
98015  -53.597  4.323  27.298 0.0000000000
93687  -54.417  0.338  34.558 0.0000000000
105235  -51.490  11.045  23.578 0.0000000000
108275  -52.883  14.440  29.387 0.0000000000
114566  -45.243  21.346  27.171 0.0000000000
93646  -45.081  0.096  36.507 0.0000000000
96944  -48.552  3.284  26.871 0.0000000000
100173  -51.226  6.500  23.178 0.0000000000
102234  -48.142  8.389  27.254 0.0000000000
110070  -51.008  16.073  38.433 0.0000000000
106225  -54.381  11.772  34.117 0.0000000000
109156  -49.081  15.524  35.400 0.0000000000
108259  -44.953  14.754  30.380 0.0000000000
113711  -49.857  20.120  31.511 0.0000000000
102325  -55.986  8.789  17.295 0.0000000000
100035  -41.558  6.523  36.053 0.0000000000
101144  -46.939  6.983  33.757 0.0000000000
100066  -59.210  6.649  32.214 0.0000000000
94799  -54.393  2.177  30.848 0.0000000000
92657  -48.766  -0.199  29.695 0.0000000000
91512  -47.065  -1.201  33.422 0.0000000000
102306  -55.996  8.663  19.233 0.0000000000
108402  -57.030  14.433  20.009 0.0000000000
103188  -51.142  9.829  30.392 0.0000000000
107334  -54.972  13.299  27.725 0.0000000000
110210  -54.246  16.513  23.071 0.0000000000
110205  -49.103  16.281  23.417 0.0000000000
110200  -44.208  16.557  23.058 0.0000000000
98002  -46.543  4.477  28.517 0.0000000000
99062  -48.067  5.438  26.330 0.0000000000
100101  -46.627  6.751  28.856 0.0000000000
113668  -52.862  20.455  36.527 0.0000000000
110096  -51.746  16.651  37.108 0.0000000000
112795  -53.009  19.186  35.353 0.0000000000
111967  -49.865  18.409  33.611 0.0000000000
100254  -57.978  7.058  17.768 0.0000000000
103156  -40.004  9.930  33.603 0.0000000000
103159  -42.790  9.957  33.719 0.0000000000
93705  -54.581  0.604  32.445 0.0000000000
92660  -51.689  0.114  29.763 0.0000000000
92634  -51.726  -0.942  31.635 0.0000000000
92578  -45.331  -0.280  34.920 0.0000000000
94784  -40.332  1.135  31.734 0.0000000000
97936  -39.711  4.185  34.188 0.0000000000
96867  -37.633  3.112  34.325 0.0000000000
99081  -54.842  5.396  25.199 0.0000000000
102270  -51.325  8.354  23.086 0.0000000000
100213  -54.006  7.149  20.633 0.0000000000
104212  -53.765  10.340  20.716 0.0000000000
104229  -56.677  11.090  18.648 0.0000000000
106344  -54.247  12.871  21.648 0.0000000000
101133  -48.553  7.699  35.649 0.0000000000
102201  -49.053  9.050  31.667 0.0000000000
102184  -50.627  8.448  33.428 0.0000000000
107300  -53.938  13.314  31.925 0.0000000000
106264  -55.469  12.623  31.387 0.0000000000
108292  -56.479  14.559  28.674 0.0000000000
109224  -56.663  15.684  26.170 0.0000000000
109221  -53.775  15.582  26.511 0.0000000000
110208  -52.207  16.526  22.971 0.0000000000
109218  -50.508  15.354  26.487 0.0000000000
111981  -43.896  18.018  30.142 0.0000000000
109212  -44.573  15.588  26.817 0.0000000000
112005  -42.158  18.353  26.773 0.0000000000
112022  -41.657  18.415  23.204 0.0000000000
114595  -43.363  21.430  24.378 0.0000000000
95909  -51.472  2.882  26.997 0.0000000000
98057  -52.871  4.663  24.590 0.0000000000
98038  -49.895  4.647  25.199 0.0000000000
101239  -49.746  7.563  24.594 0.0000000000
104182  -49.713  10.081  25.092 0.0000000000
106165  -49.893  12.903  38.549 0.0000000000
104096  -52.374  10.159  35.727 0.0000000000
107242  -51.964  13.339  37.816 0.0000000000
106204  -51.134  12.355  35.898 0.0000000000
106246  -50.072  12.543  32.780 0.0000000000
107320  -49.276  13.818  29.792 0.0000000000
108254  -47.105  14.279  32.995 0.0000000000
111135  -46.195  17.403  32.105 0.0000000000
113726  -47.089  20.640  29.531 0.0000000000
104250  -55.415  10.961  16.692 0.0000000000
100062  -43.230  6.219  32.495 0.0000000000
101172  -45.141  7.482  30.726 0.0000000000
100043  -44.673  6.309  34.848 0.0000000000
102159  -45.602  8.338  35.308 0.0000000000
106200  -46.458  12.328  35.936 0.0000000000
108221  -44.251  14.267  37.236 0.0000000000
107238  -47.192  13.629  37.643 0.0000000000
97993  -56.069  5.263  29.550 0.0000000000
96900  -57.118  4.284  31.653 0.0000000000
95881  -53.470  3.094  28.890 0.0000000000
94822  -51.486  1.658  28.647 0.0000000000
94819  -48.485  1.671  28.101 0.0000000000
93670  -53.225  0.429  35.609 0.0000000000
93650  -49.219  0.660  36.615 0.0000000000
93685  -50.133  0.144  35.200 0.0000000000
92604  -51.158  -0.832  33.518 0.0000000000
91539  -48.302  -1.279  31.772 0.0000000000
97976  -42.988  4.255  30.272 0.0000000000
99144  -59.252  5.704  21.081 0.0000000000
99111  -54.529  5.424  23.406 0.0000000000
100217  -57.642  6.343  20.525 0.0000000000
100228  -58.881  6.762  19.159 0.0000000000
103283  -58.264  9.047  18.004 0.0000000000
105280  -57.537  11.732  17.873 0.0000000000
108421  -56.856  14.129  18.001 0.0000000000
102208  -46.859  8.672  30.519 0.0000000000
103191  -49.535  9.589  28.823 0.0000000000
105197  -50.809  11.376  27.056 0.0000000000
104128  -52.653  10.197  32.342 0.0000000000
105185  -53.294  11.877  28.769 0.0000000000
107353  -53.002  13.154  25.759 0.0000000000
108341  -55.820  14.585  23.590 0.0000000000
110258  -57.456  16.126  22.119 0.0000000000
109320  -55.807  15.738  19.381 0.0000000000
109215  -47.369  15.235  26.672 0.0000000000
110183  -46.506  16.366  23.919 0.0000000000
110304  -46.299  16.223  18.702 0.0000000000
110286  -42.568  16.259  19.227 0.0000000000
111197  -40.629  17.698  20.488 0.0000000000
97990  -46.026  4.938  28.936 0.0000000000
99037  -46.492  5.780  28.603 0.0000000000
99030  -45.598  5.682  29.217 0.0000000000
113684  -53.571  19.971  36.167 0.0000000000
113703  -52.486  20.373  34.094 0.0000000000
99167  -58.825  5.559  18.856 0.0000000000
93696  -54.655  0.374  33.543 0.0000000000
93704  -53.800  0.188  32.196 0.0000000000
92607  -53.943  -0.118  33.535 0.0000000000
93702  -39.710  0.371  32.466 0.0000000000
95826  -39.000  2.339  32.904 0.0000000000
99039  -54.877  5.355  27.367 0.0000000000
98027  -54.265  5.095  26.483 0.0000000000
104190  -51.456  10.084  23.104 0.0000000000
103255  -52.158  9.373  22.065 0.0000000000
105244  -52.548  11.252  22.339 0.0000000000
106350  -53.823  11.768  20.868 0.0000000000
106335  -52.574  11.953  22.846 0.0000000000
102163  -49.400  8.399  35.624 0.0000000000
101140  -49.801  7.876  34.337 0.0000000000
102164  -50.322  8.496  35.137 0.0000000000
107311  -53.328  13.854  30.601 0.0000000000
107312  -54.755  13.813  30.971 0.0000000000
108276  -53.959  14.457  29.372 0.0000000000
109202  -54.670  15.407  27.662 0.0000000000
109201  -53.265  15.284  27.294 0.0000000000
109220  -52.591  15.479  26.432 0.0000000000
108301  -51.799  15.139  27.943 0.0000000000
113723  -44.139  19.614  29.090 0.0000000000
111142  -42.870  17.701  28.367 0.0000000000
113748  -43.410  19.838  27.595 0.0000000000
113764  -42.849  20.563  25.483 0.0000000000
114575  -44.333  21.270  26.393 0.0000000000
95907  -49.745  2.728  26.733 0.0000000000
96968  -50.443  3.714  25.586 0.0000000000
96955  -49.022  3.513  26.225 0.0000000000
101212  -47.516  6.788  27.008 0.0000000000
100141  -48.362  6.512  25.774 0.0000000000
101225  -48.523  7.715  25.749 0.0000000000
102262  -49.578  8.511  24.912 0.0000000000
103220  -48.562  8.829  26.396 0.0000000000
108209  -50.165  14.501  38.418 0.0000000000
106166  -50.872  12.966  38.524 0.0000000000
108210  -51.069  14.258  38.325 0.0000000000
109143  -50.252  15.543  36.550 0.0000000000
108240  -50.284  14.574  36.766 0.0000000000
107271  -49.802  13.414  35.819 0.0000000000
105147  -50.283  11.936  34.045 0.0000000000
106219  -48.875  12.782  34.377 0.0000000000
106244  -48.278  12.883  32.656 0.0000000000
108246  -47.853  14.619  34.304 0.0000000000
112817  -49.922  19.678  32.238 0.0000000000
111130  -47.828  17.792  33.020 0.0000000000
112815  -48.206  19.540  31.711 0.0000000000
112813  -46.604  18.989  31.294 0.0000000000
113718  -49.175  20.440  30.644 0.0000000000
104240  -55.958  10.409  17.026 0.0000000000
98979  -42.500  5.570  35.018 0.0000000000
98991  -43.957  6.070  34.764 0.0000000000
98971  -43.319  6.149  35.610 0.0000000000
105160  -43.722  11.359  33.690 0.0000000000
103143  -44.347  9.499  34.396 0.0000000000
105143  -45.214  11.600  34.423 0.0000000000
104107  -46.425  10.501  34.666 0.0000000000
106218  -45.202  12.289  35.087 0.0000000000
110108  -43.838  16.156  35.884 0.0000000000
108222  -45.450  14.258  37.350 0.0000000000
109123  -46.320  15.115  37.294 0.0000000000
109124  -47.387  14.997  37.478 0.0000000000
110091  -46.857  16.257  36.891 0.0000000000
100083  -57.745  6.511  30.025 0.0000000000
99010  -58.029  5.662  31.241 0.0000000000
95840  -57.440  3.400  32.980 0.0000000000
95848  -55.905  2.914  31.394 0.0000000000
95859  -55.575  3.222  30.739 0.0000000000
95857  -53.998  2.363  30.263 0.0000000000
95880  -52.731  2.466  28.768 0.0000000000
94809  -52.811  1.860  29.450 0.0000000000
92658  -49.748  -0.284  29.618 0.0000000000
93743  -49.959  0.327  29.106 0.0000000000
93742  -48.948  0.335  29.096 0.0000000000
93648  -47.016  0.381  36.512 0.0000000000
93682  -47.896  0.396  35.110 0.0000000000
92601  -48.586  -0.611  33.887 0.0000000000
92584  -51.013  -0.449  34.502 0.0000000000
91514  -48.823  -1.065  33.246 0.0000000000
91529  -49.834  -1.279  32.524 0.0000000000
91527  -48.147  -1.254  32.533 0.0000000000
99007  -42.049  5.345  31.610 0.0000000000
97965  -41.294  4.235  31.546 0.0000000000
100192  -59.571  6.379  22.910 0.0000000000
98069  -52.464  4.925  23.885 0.0000000000
98071  -53.449  4.959  24.058 0.0000000000
99126  -53.027  5.657  22.636 0.0000000000
101281  -55.276  7.325  20.089 0.0000000000
100215  -55.413  6.719  20.592 0.0000000000
100226  -57.281  6.907  19.661 0.0000000000
100227  -58.215  6.792  19.457 0.0000000000
101294  -58.545  7.312  19.026 0.0000000000
101308  -58.535  7.724  18.536 0.0000000000
102315  -58.124  8.653  18.345 0.0000000000
107431  -56.407  13.146  19.560 0.0000000000
105279  -57.372  11.682  18.293 0.0000000000
106369  -57.328  12.734  18.369 0.0000000000
106376  -57.305  12.618  17.747 0.0000000000
108403  -57.440  14.711  19.492 0.0000000000
101154  -46.173  7.116  32.863 0.0000000000
102207  -45.927  8.245  30.582 0.0000000000
102199  -46.466  8.316  31.575 0.0000000000
103174  -50.203  9.418  31.505 0.0000000000
103180  -48.913  9.297  30.224 0.0000000000
103192  -50.149  9.741  29.270 0.0000000000
104152  -50.363  10.879  27.693 0.0000000000
104146  -51.339  10.839  28.400 0.0000000000
104098  -53.588  10.417  35.315 0.0000000000
103162  -53.201  9.760  34.166 0.0000000000
104124  -54.338  11.049  33.244 0.0000000000
107325  -55.353  13.079  29.389 0.0000000000
106266  -54.238  12.316  29.635 0.0000000000
106276  -54.579  12.826  28.510 0.0000000000
106274  -53.030  12.240  27.768 0.0000000000
107343  -53.693  13.265  26.748 0.0000000000
107355  -54.547  14.138  25.100 0.0000000000
108323  -55.519  14.564  25.465 0.0000000000
110189  -55.668  16.417  24.522 0.0000000000
110191  -57.142  16.090  24.478 0.0000000000
110235  -56.159  16.624  22.562 0.0000000000
110279  -56.803  16.324  20.695 0.0000000000
110255  -54.730  16.557  21.343 0.0000000000
110277  -54.392  16.383  20.626 0.0000000000
110233  -53.913  16.722  22.152 0.0000000000
109266  -50.758  15.912  23.830 0.0000000000
110231  -51.765  16.783  22.025 0.0000000000
107318  -47.293  13.771  29.884 0.0000000000
108284  -48.308  14.533  28.458 0.0000000000
108282  -46.391  14.572  28.449 0.0000000000
110167  -43.998  16.249  25.409 0.0000000000
110168  -45.129  16.251  25.071 0.0000000000
110201  -45.254  16.584  23.048 0.0000000000
110225  -46.006  16.937  21.972 0.0000000000
110245  -44.924  16.564  20.855 0.0000000000
110301  -44.265  15.768  18.510 0.0000000000
110222  -43.149  16.703  21.630 0.0000000000
113785  -41.691  20.128  22.120 0.0000000000
112035  -41.486  18.568  21.010 0.0000000000
112883  -41.616  19.626  21.057 0.0000000000
112888  -40.673  19.655  20.736 0.0000000000
96932  -47.456  3.462  27.926 0.0000000000
98023  -47.822  4.519  26.756 0.0000000000
98013  -47.300  4.453  27.558 0.0000000000
100127  -47.432  6.271  27.378 0.0000000000
101199  -47.419  7.104  27.483 0.0000000000
110081  -51.626  16.723  37.653 0.0000000000
111921  -53.094  18.676  36.870 0.0000000000
111106  -52.597  17.789  36.383 0.0000000000
111122  -51.583  17.888  35.388 0.0000000000
110122  -49.361  17.036  34.663 0.0000000000
111969  -51.408  18.704  34.295 0.0000000000
112811  -51.278  19.640  33.187 0.0000000000
101321  -57.734  7.650  17.597 0.0000000000
102154  -40.525  8.050  35.294 0.0000000000
102172  -41.979  8.632  34.771 0.0000000000
103140  -41.465  9.207  34.053 0.0000000000
93718  -54.372  1.084  31.456 0.0000000000
93732  -53.642  1.132  30.574 0.0000000000
93717  -53.658  0.524  31.434 0.0000000000
92649  -51.581  -0.565  30.559 0.0000000000
92648  -50.491  -0.693  30.331 0.0000000000
93662  -45.450  0.324  35.843 0.0000000000
91499  -44.378  -0.867  34.178 0.0000000000
95837  -40.565  2.420  31.683 0.0000000000
97955  -40.376  4.006  32.447 0.0000000000
96878  -39.397  3.272  33.057 0.0000000000
96868  -38.370  3.452  34.069 0.0000000000
101261  -51.461  7.398  22.759 0.0000000000
100187  -52.704  6.515  22.126 0.0000000000
102280  -52.087  8.047  21.969 0.0000000000
102297  -53.868  8.611  20.544 0.0000000000
102305  -55.081  8.782  19.528 0.0000000000
103275  -56.536  9.519  18.871 0.0000000000
104221  -55.221  10.453  19.503 0.0000000000
106352  -55.339  12.441  20.006 0.0000000000
107422  -55.887  13.348  20.201 0.0000000000
100055  -47.850  7.136  34.848 0.0000000000
101156  -48.101  7.829  33.100 0.0000000000
102182  -48.778  7.904  33.411 0.0000000000
102192  -49.953  8.859  32.380 0.0000000000
103175  -50.989  9.508  31.613 0.0000000000
106250  -54.422  12.661  33.130 0.0000000000
105169  -55.462  12.041  32.878 0.0000000000
107302  -55.579  13.104  31.478 0.0000000000
107315  -56.839  13.860  29.969 0.0000000000
107331  -56.662  14.369  28.218 0.0000000000
108315  -56.604  14.778  26.634 0.0000000000
109204  -56.627  15.429  27.070 0.0000000000
109241  -55.316  16.157  25.673 0.0000000000
110188  -54.485  16.366  24.002 0.0000000000
110209  -53.218  16.528  23.066 0.0000000000
109256  -53.512  16.047  24.472 0.0000000000
109254  -51.306  15.646  24.653 0.0000000000
109253  -50.312  15.587  24.666 0.0000000000
110136  -44.076  16.467  30.480 0.0000000000
109181  -44.790  15.097  28.310 0.0000000000
109179  -43.303  16.067  28.649 0.0000000000
110148  -43.106  16.397  27.296 0.0000000000
111169  -42.457  17.408  25.056 0.0000000000
111175  -42.438  17.339  23.785 0.0000000000
112017  -42.024  18.312  24.700 0.0000000000
113770  -41.924  20.227  24.323 0.0000000000
114611  -42.754  21.298  22.132 0.0000000000
96958  -51.976  3.352  26.609 0.0000000000
98025  -53.012  4.267  26.484 0.0000000000
96970  -52.235  3.781  25.883 0.0000000000
98055  -51.100  4.864  24.599 0.0000000000
99092  -50.547  5.641  24.180 0.0000000000
99077  -48.583  5.381  25.650 0.0000000000
99091  -49.832  5.638  24.714 0.0000000000
100172  -50.676  6.566  23.757 0.0000000000
102269  -50.803  8.392  23.713 0.0000000000
103235  -50.608  9.318  24.066 0.0000000000
105234  -50.904  10.966  24.213 0.0000000000
105110  -49.130  11.928  37.830 0.0000000000
104095  -51.414  10.107  35.902 0.0000000000
105120  -50.841  11.488  37.334 0.0000000000
105121  -52.265  11.696  37.285 0.0000000000
105133  -53.004  11.484  36.269 0.0000000000
108226  -51.308  14.279  37.917 0.0000000000
106187  -51.807  12.619  36.762 0.0000000000
106223  -53.051  11.716  35.085 0.0000000000
106238  -52.722  12.177  33.976 0.0000000000
106258  -51.823  12.712  32.059 0.0000000000
107298  -51.350  13.210  31.304 0.0000000000
107321  -50.288  13.819  29.758 0.0000000000
107296  -49.242  13.175  31.280 0.0000000000
107294  -47.336  13.443  31.540 0.0000000000
108257  -46.120  14.350  31.998 0.0000000000
110125  -47.707  16.495  33.691 0.0000000000
109166  -46.395  15.613  32.812 0.0000000000
109169  -45.435  15.530  31.768 0.0000000000
111133  -45.057  17.482  31.274 0.0000000000
112828  -45.633  19.595  30.230 0.0000000000
113740  -46.042  20.806  28.591 0.0000000000
100081  -44.027  6.415  30.665 0.0000000000
100082  -44.720  6.848  30.533 0.0000000000
101152  -44.441  6.852  32.101 0.0000000000
100064  -45.213  6.623  33.287 0.0000000000
100065  -45.912  6.651  33.640 0.0000000000
102157  -43.530  7.902  35.323 0.0000000000
101129  -45.234  7.267  35.787 0.0000000000
100045  -46.490  6.653  35.196 0.0000000000
101131  -46.877  7.580  35.606 0.0000000000
103126  -47.344  9.322  35.263 0.0000000000
105131  -48.167  11.215  35.979 0.0000000000
107253  -43.830  13.435  36.775 0.0000000000
107254  -44.958  13.274  36.695 0.0000000000
106184  -46.569  12.601  36.714 0.0000000000
106175  -47.859  13.042  37.607 0.0000000000
107239  -48.337  13.645  38.130 0.0000000000
108208  -49.133  14.565  38.201 0.0000000000
109126  -49.482  15.751  38.174 0.0000000000
99032  -56.164  5.788  29.020 0.0000000000
97991  -54.779  4.459  28.921 0.0000000000
96890  -58.323  4.458  32.639 0.0000000000
97958  -58.191  4.851  32.049 0.0000000000
97967  -56.502  4.436  30.853 0.0000000000
96920  -54.748  3.936  29.393 0.0000000000
96934  -53.845  3.814  28.462 0.0000000000
95896  -52.444  2.942  27.997 0.0000000000
95895  -51.567  2.411  27.841 0.0000000000
94834  -49.961  1.799  27.713 0.0000000000
93745  -51.699  1.005  29.443 0.0000000000
94820  -49.559  1.419  28.167 0.0000000000
94832  -48.568  2.135  27.749 0.0000000000
95877  -47.692  2.525  28.208 0.0000000000
94738  -50.504  1.160  37.217 0.0000000000
93664  -47.490  0.428  35.837 0.0000000000
93666  -49.437  0.568  35.840 0.0000000000
93652  -50.926  0.889  36.526 0.0000000000
93669  -52.252  0.543  35.777 0.0000000000
92564  -52.437  -0.082  35.124 0.0000000000
92587  -53.689  -0.209  34.220 0.0000000000
92619  -51.538  -0.990  32.591 0.0000000000
91541  -50.042  -1.277  31.764 0.0000000000
92646  -48.616  -0.628  30.364 0.0000000000
99028  -43.793  5.392  30.039 0.0000000000
99008  -42.612  5.665  31.276 0.0000000000
98999  -42.225  5.856  32.798 0.0000000000
98969  -41.816  5.438  35.552 0.0000000000
100034  -40.630  6.644  36.102 0.0000000000
98075  -59.965  5.623  22.629 0.0000000000
98088  -59.549  5.279  21.869 0.0000000000
99152  -59.432  5.808  19.804 0.0000000000
99079  -53.779  4.854  25.383 0.0000000000
99096  -55.162  5.619  24.240 0.0000000000
99139  -54.501  5.833  21.772 0.0000000000
99141  -56.008  5.947  21.904 0.0000000000
100190  -57.731  6.203  22.436 0.0000000000
100206  -58.535  6.084  21.384 0.0000000000
99151  -59.282  6.049  20.233 0.0000000000
100243  -59.315  6.330  18.911 0.0000000000
100242  -58.761  6.898  18.624 0.0000000000
101322  -58.496  7.852  17.821 0.0000000000
103294  -57.731  9.652  17.721 0.0000000000
103282  -57.764  9.629  18.128 0.0000000000
104231  -57.656  10.743  17.951 0.0000000000
104241  -57.058  10.722  17.060 0.0000000000
105286  -56.549  11.554  16.953 0.0000000000
106382  -55.649  12.063  16.746 0.0000000000
107445  -55.279  12.983  17.621 0.0000000000
101179  -45.767  7.570  29.839 0.0000000000
101180  -46.711  7.523  29.235 0.0000000000
102224  -47.940  8.271  28.447 0.0000000000
103179  -48.307  9.252  30.704 0.0000000000
102210  -48.387  8.949  29.459 0.0000000000
103197  -48.611  9.061  27.726 0.0000000000
103210  -48.949  9.639  27.358 0.0000000000
104163  -50.078  10.907  26.537 0.0000000000
105213  -51.318  11.810  25.515 0.0000000000
103147  -51.647  8.958  34.640 0.0000000000
103168  -51.811  9.402  32.663 0.0000000000
104132  -51.706  10.095  31.314 0.0000000000
105171  -54.232  11.440  31.655 0.0000000000
104138  -53.231  11.232  30.402 0.0000000000
104142  -52.157  10.822  29.016 0.0000000000
105183  -51.881  11.198  28.256 0.0000000000
106283  -52.136  12.344  26.422 0.0000000000
106312  -52.362  12.633  24.772 0.0000000000
106327  -53.090  12.968  23.855 0.0000000000
108369  -56.154  14.556  21.878 0.0000000000
108334  -56.593  15.554  25.140 0.0000000000
108353  -56.733  15.241  23.013 0.0000000000
108387  -57.262  15.167  20.688 0.0000000000
109307  -57.278  15.690  20.243 0.0000000000
109333  -56.566  15.373  18.793 0.0000000000
110232  -52.814  16.711  22.030 0.0000000000
108286  -50.152  14.744  28.353 0.0000000000
109217  -49.490  15.324  26.485 0.0000000000
109251  -48.379  15.766  24.824 0.0000000000
109194  -45.834  15.291  27.031 0.0000000000
109233  -46.801  15.699  25.543 0.0000000000
110204  -48.053  16.540  23.077 0.0000000000
110226  -46.953  17.073  21.934 0.0000000000
110291  -47.193  16.569  19.107 0.0000000000
108398  -46.589  15.268  19.189 0.0000000000
111188  -42.388  17.123  21.282 0.0000000000
111208  -41.698  16.605  19.665 0.0000000000
114578  -47.551  22.079  26.119 0.0000000000
114587  -46.326  22.245  25.232 0.0000000000
115396  -45.301  22.376  23.769 0.0000000000
115417  -44.107  22.139  22.342 0.0000000000
114629  -42.671  21.755  20.059 0.0000000000
98123  -59.128  5.380  19.105 0.0000000000
93688  -55.393  0.725  34.537 0.0000000000
94760  -55.823  1.154  34.214 0.0000000000
93701  -39.037  0.711  32.802 0.0000000000
98016  -54.387  4.820  27.011 0.0000000000
105243  -51.934  10.692  22.850 0.0000000000
105236  -52.184  11.504  23.166 0.0000000000
103128  -49.417  9.337  35.678 0.0000000000
103129  -50.431  9.276  35.554 0.0000000000
107324  -53.011  14.227  29.980 0.0000000000
108261  -53.509  14.272  29.916 0.0000000000
108289  -53.345  14.686  28.629 0.0000000000
108302  -52.754  14.960  27.922 0.0000000000
108288  -52.283  14.720  28.567 0.0000000000
113739  -44.928  20.408  28.607 0.0000000000
113738  -43.954  19.838  28.476 0.0000000000
113749  -44.095  20.509  27.631 0.0000000000
113758  -43.901  20.794  26.815 0.0000000000
114565  -44.535  21.024  27.204 0.0000000000
95906  -49.005  2.816  26.823 0.0000000000
101213  -47.809  7.433  26.669 0.0000000000
102246  -48.296  8.349  26.462 0.0000000000
102253  -48.621  8.548  25.937 0.0000000000
110069  -50.643  15.844  38.475 0.0000000000
109116  -50.766  15.485  38.263 0.0000000000
109157  -49.608  15.292  36.049 0.0000000000
108244  -49.687  14.294  36.159 0.0000000000
108243  -49.065  14.479  35.467 0.0000000000
106202  -49.360  12.788  35.088 0.0000000000
107270  -48.869  13.472  34.994 0.0000000000
108247  -48.476  14.258  34.746 0.0000000000
109160  -48.537  15.284  34.840 0.0000000000
112816  -49.105  19.660  32.035 0.0000000000
113709  -48.184  19.803  31.177 0.0000000000
101320  -56.514  7.914  17.513 0.0000000000
103292  -55.395  9.600  17.116 0.0000000000
103293  -56.661  9.666  17.256 0.0000000000
100024  -42.240  5.857  36.108 0.0000000000
98980  -43.323  5.817  35.219 0.0000000000
100036  -42.564  6.314  35.950 0.0000000000
106216  -43.639  12.480  34.442 0.0000000000
105142  -44.258  11.692  33.986 0.0000000000
106217  -44.550  12.390  34.767 0.0000000000
106198  -44.766  12.749  35.700 0.0000000000
110090  -45.625  16.393  36.451 0.0000000000
100075  -58.856  6.817  31.506 0.0000000000
95858  -54.797  2.927  30.478 0.0000000000
94810  -53.476  2.087  29.838 0.0000000000
94798  -53.826  1.828  30.397 0.0000000000
93741  -47.785  0.685  29.280 0.0000000000
93647  -46.018  0.360  36.552 0.0000000000
92600  -47.713  -0.684  33.951 0.0000000000
92602  -49.465  -0.626  33.885 0.0000000000
91513  -47.952  -1.030  33.260 0.0000000000
91526  -47.255  -1.369  32.618 0.0000000000
96903  -42.011  3.228  30.716 0.0000000000
97974  -41.629  3.761  30.934 0.0000000000
96897  -41.440  3.200  31.115 0.0000000000
100191  -58.687  6.408  22.686 0.0000000000
99108  -51.790  5.530  23.388 0.0000000000
99109  -52.696  5.330  23.353 0.0000000000
99125  -52.356  5.826  22.747 0.0000000000
101292  -56.355  7.550  19.502 0.0000000000
101293  -57.881  7.690  18.988 0.0000000000
101307  -58.220  8.120  18.578 0.0000000000
102307  -57.226  8.625  18.730 0.0000000000
107432  -56.641  13.694  19.675 0.0000000000
106360  -56.898  12.834  19.006 0.0000000000
107433  -57.185  13.825  19.253 0.0000000000
107440  -57.391  13.785  18.773 0.0000000000
101164  -46.201  7.781  32.184 0.0000000000
102189  -46.700  7.834  32.446 0.0000000000
103182  -50.682  9.700  30.845 0.0000000000
103187  -50.537  9.677  29.912 0.0000000000
104140  -50.586  9.923  29.349 0.0000000000
104141  -51.317  10.201  29.546 0.0000000000
105150  -54.089  11.287  34.741 0.0000000000
104099  -54.026  10.728  34.872 0.0000000000
104110  -54.187  10.902  34.147 0.0000000000
107329  -55.336  13.260  28.847 0.0000000000
107333  -54.005  12.973  27.475 0.0000000000
107344  -55.115  14.036  26.390 0.0000000000
110211  -55.335  16.543  23.341 0.0000000000
110212  -56.488  16.527  23.609 0.0000000000
110256  -55.895  16.560  21.484 0.0000000000
110234  -55.029  16.653  22.308 0.0000000000
110206  -50.243  16.368  23.096 0.0000000000
110229  -49.827  16.725  22.156 0.0000000000
110228  -48.869  16.871  22.073 0.0000000000
107317  -46.412  13.861  29.968 0.0000000000
108269  -46.791  14.170  29.211 0.0000000000
108268  -45.527  14.477  29.589 0.0000000000
110180  -43.340  16.653  24.282 0.0000000000
110181  -44.572  16.454  24.171 0.0000000000
110224  -45.046  16.637  21.970 0.0000000000
110223  -44.053  16.584  21.872 0.0000000000
110199  -43.201  16.656  22.875 0.0000000000
113793  -42.162  20.779  21.138 0.0000000000
113792  -41.877  20.300  21.370 0.0000000000
98012  -46.943  4.733  28.103 0.0000000000
99048  -47.129  5.546  27.955 0.0000000000
99038  -46.999  6.113  28.297 0.0000000000
100113  -47.204  6.534  28.006 0.0000000000
101187  -46.931  7.115  28.749 0.0000000000
112757  -52.820  18.898  37.013 0.0000000000
112766  -52.893  19.566  36.908 0.0000000000
113697  -53.479  20.098  35.638 0.0000000000
112779  -53.372  18.900  35.899 0.0000000000
111960  -52.688  18.583  35.528 0.0000000000
111105  -52.164  17.796  35.878 0.0000000000
111959  -51.967  18.534  35.022 0.0000000000
111121  -51.002  17.866  35.043 0.0000000000
112794  -52.379  19.180  34.733 0.0000000000
113707  -52.189  20.657  33.010 0.0000000000
113702  -51.823  20.071  33.369 0.0000000000
113706  -51.370  20.194  32.546 0.0000000000
99181  -58.166  6.063  18.583 0.0000000000
100240  -57.543  6.714  18.139 0.0000000000
101306  -57.591  7.126  17.737 0.0000000000
103139  -40.488  9.254  34.083 0.0000000000
102171  -40.987  8.620  34.700 0.0000000000
93706  -55.334  1.099  32.794 0.0000000000
94777  -54.952  1.253  32.167 0.0000000000
92635  -52.560  -0.373  31.510 0.0000000000
91553  -51.032  -1.063  30.996 0.0000000000
93713  -41.748  0.524  31.411 0.0000000000
94785  -40.866  1.455  31.414 0.0000000000
94776  -40.290  1.787  31.812 0.0000000000
95836  -40.006  2.420  32.206 0.0000000000
96877  -38.648  3.054  33.442 0.0000000000
101262  -52.049  7.356  22.264 0.0000000000
102279  -51.734  8.295  22.426 0.0000000000
103256  -52.812  9.389  21.417 0.0000000000
103264  -53.495  9.438  20.916 0.0000000000
102298  -54.489  8.747  20.025 0.0000000000
103265  -54.162  9.512  20.405 0.0000000000
103273  -54.746  9.572  19.724 0.0000000000
104213  -54.446  10.421  20.124 0.0000000000
106343  -53.621  12.138  21.365 0.0000000000
106351  -54.461  12.315  20.663 0.0000000000
107421  -55.174  12.873  20.455 0.0000000000
107410  -55.067  13.275  21.016 0.0000000000
100047  -47.918  7.298  35.183 0.0000000000
101145  -48.213  7.210  34.003 0.0000000000
101139  -49.176  7.645  34.608 0.0000000000
102177  -50.489  8.262  34.376 0.0000000000
101147  -50.010  8.019  33.878 0.0000000000
103166  -50.691  9.226  32.137 0.0000000000
102193  -50.975  8.850  32.677 0.0000000000
107288  -54.216  13.010  32.662 0.0000000000
107289  -54.804  13.013  32.465 0.0000000000
107301  -55.153  13.381  31.725 0.0000000000
108278  -56.162  14.431  29.701 0.0000000000
108264  -56.440  14.101  30.370 0.0000000000
108279  -56.819  14.121  29.789 0.0000000000
107327  -56.857  13.985  29.189 0.0000000000
107336  -56.781  14.615  27.668 0.0000000000
109186  -56.555  15.270  27.857 0.0000000000
109222  -55.019  15.719  26.521 0.0000000000
109257  -54.703  16.260  24.916 0.0000000000
109240  -54.209  15.829  25.584 0.0000000000
109239  -53.024  15.721  25.533 0.0000000000
109219  -51.527  15.421  26.445 0.0000000000
109238  -51.922  15.574  25.543 0.0000000000
109237  -50.890  15.463  25.556 0.0000000000
111137  -43.977  17.333  30.317 0.0000000000
109175  -43.551  15.862  29.299 0.0000000000
111140  -43.622  17.432  29.660 0.0000000000
111998  -42.424  18.406  27.555 0.0000000000
110140  -42.666  17.307  28.034 0.0000000000
111158  -42.411  17.641  27.097 0.0000000000
110166  -42.900  16.644  25.626 0.0000000000
111164  -42.310  17.462  26.170 0.0000000000
112011  -41.896  18.275  25.816 0.0000000000
113763  -42.304  19.881  25.473 0.0000000000
113771  -42.893  20.827  24.735 0.0000000000
114604  -42.695  21.146  23.206 0.0000000000
114605  -43.526  21.706  23.220 0.0000000000
98039  -50.819  4.343  25.135 0.0000000000
98054  -50.424  5.036  24.762 0.0000000000
98024  -48.435  4.526  26.161 0.0000000000
100156  -49.174  6.585  24.987 0.0000000000
100157  -50.067  6.583  24.362 0.0000000000
101250  -50.429  7.500  24.024 0.0000000000
103228  -49.404  9.371  25.360 0.0000000000
103229  -49.918  9.361  24.637 0.0000000000
104183  -50.314  10.332  24.515 0.0000000000
105104  -49.641  12.287  38.301 0.0000000000
105111  -50.157  11.877  37.928 0.0000000000
105105  -50.523  12.391  38.347 0.0000000000
106168  -51.990  12.915  38.211 0.0000000000
105113  -51.887  12.453  38.064 0.0000000000
106177  -52.134  12.591  37.809 0.0000000000
105132  -52.561  11.899  36.854 0.0000000000
106188  -52.211  12.426  37.279 0.0000000000
109145  -51.407  15.969  37.805 0.0000000000
109144  -50.790  15.432  37.393 0.0000000000
107272  -50.477  12.866  36.035 0.0000000000
107257  -51.037  13.394  36.862 0.0000000000
106205  -52.310  11.877  36.198 0.0000000000
106222  -51.874  11.859  34.943 0.0000000000
106236  -50.355  12.136  33.654 0.0000000000
106247  -51.125  12.424  32.847 0.0000000000
106257  -50.715  12.789  32.005 0.0000000000
107297  -50.261  13.221  31.281 0.0000000000
106256  -49.681  12.784  31.968 0.0000000000
107283  -47.543  13.658  33.348 0.0000000000
106254  -47.879  12.953  32.032 0.0000000000
106253  -47.447  13.280  32.142 0.0000000000
108253  -46.543  14.556  32.550 0.0000000000
111127  -49.482  17.786  34.018 0.0000000000
110121  -48.613  16.518  34.429 0.0000000000
111126  -48.827  17.669  33.748 0.0000000000
111129  -46.887  17.613  32.597 0.0000000000
111124  -47.416  17.192  33.256 0.0000000000
110129  -46.083  16.593  32.375 0.0000000000
109165  -45.831  15.762  32.301 0.0000000000
110133  -45.885  16.997  31.939 0.0000000000
110132  -45.429  16.560  31.687 0.0000000000
111134  -45.776  17.479  31.714 0.0000000000
113716  -46.641  20.026  30.376 0.0000000000
112821  -46.127  19.265  30.703 0.0000000000
113715  -46.033  19.816  30.277 0.0000000000
113725  -45.732  20.180  29.663 0.0000000000
104239  -54.882  10.289  16.838 0.0000000000
105294  -55.083  11.558  16.563 0.0000000000
100074  -43.908  6.600  31.793 0.0000000000
100050  -43.645  6.199  33.405 0.0000000000
100051  -44.385  6.231  33.952 0.0000000000
100052  -45.369  6.419  34.201 0.0000000000
103141  -42.436  9.256  34.105 0.0000000000
102156  -42.521  7.969  35.400 0.0000000000
102173  -42.978  8.609  34.739 0.0000000000
102175  -44.855  8.787  34.846 0.0000000000
102158  -44.545  7.980  35.336 0.0000000000
100039  -45.753  6.736  35.667 0.0000000000
100027  -46.051  7.013  36.047 0.0000000000
100040  -46.451  7.033  35.745 0.0000000000
102160  -46.690  8.285  35.444 0.0000000000
105145  -46.721  11.141  34.855 0.0000000000
104108  -47.157  10.450  34.948 0.0000000000
105130  -47.273  11.479  35.510 0.0000000000
104092  -47.948  10.388  35.492 0.0000000000
109140  -44.042  14.912  36.743 0.0000000000
108220  -43.155  14.022  37.489 0.0000000000
107235  -43.446  13.710  37.259 0.0000000000
107236  -44.596  13.736  37.171 0.0000000000
108223  -46.631  14.267  37.583 0.0000000000
107237  -45.861  13.502  37.268 0.0000000000
106174  -46.780  12.974  37.300 0.0000000000
106185  -47.614  12.457  36.879 0.0000000000
110077  -47.827  15.885  37.399 0.0000000000
109125  -48.580  15.180  37.823 0.0000000000
110078  -49.066  16.503  37.602 0.0000000000
100096  -58.145  7.114  29.732 0.0000000000
99019  -57.087  5.810  30.048 0.0000000000
99033  -56.817  6.071  29.367 0.0000000000
98006  -55.251  5.281  28.545 0.0000000000
97992  -55.411  4.886  29.251 0.0000000000
96888  -56.823  3.541  32.016 0.0000000000
96889  -57.501  3.959  32.368 0.0000000000
97957  -57.511  4.535  31.735 0.0000000000
97969  -57.703  4.934  31.520 0.0000000000
96899  -56.475  3.892  31.351 0.0000000000
95869  -54.366  3.312  29.803 0.0000000000
96906  -54.794  3.547  30.070 0.0000000000
96919  -54.032  3.348  29.235 0.0000000000
96933  -53.040  3.207  28.358 0.0000000000
95879  -51.991  2.111  28.566 0.0000000000
94835  -50.798  1.848  27.919 0.0000000000
95894  -50.372  2.284  27.381 0.0000000000
92661  -52.382  0.481  29.899 0.0000000000
93746  -52.720  1.154  29.852 0.0000000000
93753  -49.225  0.896  28.588 0.0000000000
93754  -50.184  0.915  28.673 0.0000000000
94833  -49.064  1.929  27.656 0.0000000000
95878  -48.225  2.358  27.840 0.0000000000
94818  -47.691  1.708  28.584 0.0000000000
93671  -54.237  0.585  35.651 0.0000000000
93637  -48.953  0.383  37.069 0.0000000000
94724  -49.533  0.801  37.168 0.0000000000
94737  -49.827  0.992  37.095 0.0000000000
93680  -46.090  0.220  35.235 0.0000000000
93663  -46.488  0.423  35.876 0.0000000000
93681  -46.929  0.335  35.125 0.0000000000
93683  -48.833  0.284  35.178 0.0000000000
93667  -50.350  0.461  35.667 0.0000000000
93668  -51.324  0.531  35.782 0.0000000000
92562  -50.816  0.054  35.179 0.0000000000
92603  -50.310  -0.725  33.819 0.0000000000
92585  -51.933  -0.510  34.435 0.0000000000
92586  -52.970  -0.391  34.535 0.0000000000
92605  -52.211  -0.663  33.534 0.0000000000
91540  -49.176  -1.187  31.773 0.0000000000
91551  -49.343  -1.078  31.007 0.0000000000
91550  -48.430  -1.000  31.030 0.0000000000
96905  -43.442  3.372  29.900 0.0000000000
95855  -44.155  2.467  29.802 0.0000000000
96915  -44.207  3.510  29.618 0.0000000000
97987  -43.651  4.321  29.836 0.0000000000
99027  -43.287  4.851  30.176 0.0000000000
99016  -42.800  5.340  30.683 0.0000000000
98998  -41.497  5.304  32.559 0.0000000000
97945  -39.744  4.033  33.229 0.0000000000
98960  -39.929  5.432  36.348 0.0000000000
98961  -40.742  5.494  36.296 0.0000000000
100033  -39.710  6.643  36.039 0.0000000000
101124  -40.093  7.356  35.680 0.0000000000
99116  -60.156  5.821  23.157 0.0000000000
100193  -59.988  6.219  23.251 0.0000000000
100207  -59.217  6.093  22.062 0.0000000000
99131  -59.654  5.814  22.228 0.0000000000
98098  -59.468  5.101  20.525 0.0000000000
98041  -52.726  4.321  25.498 0.0000000000
98042  -53.458  4.697  25.311 0.0000000000
99110  -53.550  5.258  23.558 0.0000000000
99095  -54.173  5.162  24.429 0.0000000000
100200  -52.924  6.979  21.578 0.0000000000
100188  -53.292  6.005  22.077 0.0000000000
100201  -53.672  6.543  21.342 0.0000000000
100216  -56.391  6.646  20.392 0.0000000000
100203  -55.747  6.238  21.213 0.0000000000
100204  -56.655  6.129  21.390 0.0000000000
100189  -56.897  6.046  22.185 0.0000000000
100205  -57.509  6.105  21.583 0.0000000000
100218  -58.805  6.343  20.135 0.0000000000
100219  -59.272  6.243  19.635 0.0000000000
100229  -59.351  6.319  19.116 0.0000000000
102316  -58.536  8.424  18.081 0.0000000000
101323  -58.686  7.827  18.116 0.0000000000
102328  -58.549  8.277  17.891 0.0000000000
102327  -58.143  8.490  17.710 0.0000000000
103295  -58.355  8.789  17.929 0.0000000000
104222  -56.248  10.532  18.925 0.0000000000
103281  -57.253  9.624  18.525 0.0000000000
104230  -57.166  10.618  18.435 0.0000000000
104242  -57.570  10.919  17.581 0.0000000000
105287  -57.202  11.663  17.397 0.0000000000
107447  -56.987  13.437  17.718 0.0000000000
106375  -56.470  12.435  17.229 0.0000000000
107446  -56.109  13.552  17.595 0.0000000000
108420  -56.324  14.291  18.067 0.0000000000
101162  -44.642  7.056  31.456 0.0000000000
102216  -46.370  8.229  29.871 0.0000000000
102217  -47.100  8.375  29.600 0.0000000000
101181  -47.268  7.947  29.100 0.0000000000
102218  -47.771  8.411  29.102 0.0000000000
102191  -48.698  8.433  32.517 0.0000000000
102200  -47.861  8.977  31.356 0.0000000000
103172  -48.667  9.393  31.054 0.0000000000
103186  -49.685  9.504  29.644 0.0000000000
103185  -48.935  9.251  29.208 0.0000000000
103190  -48.760  9.191  28.461 0.0000000000
103198  -49.100  9.663  28.170 0.0000000000
105212  -50.701  11.416  26.043 0.0000000000
103130  -51.569  9.313  35.183 0.0000000000
103148  -52.346  9.254  34.515 0.0000000000
103170  -53.198  9.917  33.399 0.0000000000
103161  -52.515  9.410  33.674 0.0000000000
103169  -52.589  9.788  32.887 0.0000000000
103177  -52.161  9.930  32.294 0.0000000000
104133  -52.390  10.336  31.540 0.0000000000
105178  -55.298  12.101  31.789 0.0000000000
105172  -54.979  11.766  32.038 0.0000000000
105177  -54.971  11.940  31.332 0.0000000000
105181  -53.434  11.705  29.318 0.0000000000
105176  -53.981  11.793  30.473 0.0000000000
105175  -53.171  11.345  29.920 0.0000000000
104137  -52.525  10.758  30.169 0.0000000000
105180  -52.790  11.197  29.350 0.0000000000
104147  -52.016  11.058  28.507 0.0000000000
105184  -52.599  11.499  28.431 0.0000000000
107342  -52.984  12.887  26.340 0.0000000000
106284  -52.761  12.529  26.866 0.0000000000
106297  -52.491  12.669  25.986 0.0000000000
106296  -51.874  12.315  25.739 0.0000000000
106313  -53.029  13.135  24.514 0.0000000000
108332  -55.218  14.415  24.472 0.0000000000
107365  -54.419  14.085  24.068 0.0000000000
108340  -55.052  14.244  23.830 0.0000000000
108352  -56.136  14.652  22.494 0.0000000000
108325  -56.692  15.394  26.056 0.0000000000
108324  -56.359  14.944  25.731 0.0000000000
110214  -57.685  16.041  23.271 0.0000000000
109270  -57.436  15.823  23.517 0.0000000000
109271  -57.768  15.932  22.986 0.0000000000
109277  -57.355  15.672  22.598 0.0000000000
109290  -57.452  15.806  21.415 0.0000000000
110280  -57.357  16.155  21.227 0.0000000000
110278  -55.701  16.336  20.363 0.0000000000
110297  -56.589  16.133  20.043 0.0000000000
108413  -55.853  14.790  18.470 0.0000000000
109319  -54.765  15.497  19.666 0.0000000000
110252  -51.330  17.211  21.260 0.0000000000
108272  -49.742  14.254  29.089 0.0000000000
108297  -47.896  14.805  27.801 0.0000000000
109197  -49.084  15.176  27.260 0.0000000000
109216  -48.479  15.319  26.495 0.0000000000
109235  -48.880  15.496  25.603 0.0000000000
109234  -47.889  15.502  25.638 0.0000000000
109192  -44.265  15.492  27.660 0.0000000000
108294  -45.384  14.981  27.910 0.0000000000
109193  -45.200  15.308  27.417 0.0000000000
110169  -46.098  16.241  24.883 0.0000000000
110170  -46.837  16.151  24.644 0.0000000000
109250  -47.538  15.908  24.782 0.0000000000
110184  -47.337  16.299  23.931 0.0000000000
110203  -47.129  16.637  22.972 0.0000000000
110246  -45.909  16.702  20.878 0.0000000000
110290  -46.481  16.552  19.088 0.0000000000
109316  -47.044  16.046  18.773 0.0000000000
109315  -46.277  15.550  18.701 0.0000000000
108411  -45.728  15.428  18.534 0.0000000000
110287  -43.755  16.059  18.822 0.0000000000
109328  -43.971  15.567  18.591 0.0000000000
109314  -43.199  15.754  18.911 0.0000000000
109313  -42.271  15.805  19.147 0.0000000000
111174  -42.051  17.728  23.127 0.0000000000
111183  -42.492  17.185  22.504 0.0000000000
111182  -41.847  17.707  22.220 0.0000000000
111198  -41.460  17.253  20.262 0.0000000000
110263  -40.769  16.686  20.334 0.0000000000
115383  -46.732  22.425  24.598 0.0000000000
115382  -45.830  22.346  24.539 0.0000000000
115397  -46.162  22.504  23.735 0.0000000000
115430  -44.791  22.421  20.764 0.0000000000
114620  -43.461  21.917  20.885 0.0000000000
100093  -46.035  6.666  29.263 0.0000000000
113669  -53.366  20.232  36.464 0.0000000000
114509  -53.882  20.801  35.830 0.0000000000
112805  -52.556  19.685  34.656 0.0000000000
114521  -53.373  21.073  34.679 0.0000000000
114525  -52.657  21.327  33.769 0.0000000000
100241  -58.339  6.748  18.274 0.0000000000
104116  -38.630  10.727  33.589 0.0000000000
104117  -39.543  10.723  33.561 0.0000000000
93697  -55.317  0.829  33.488 0.0000000000
92622  -54.097  0.112  32.834 0.0000000000
92621  -53.325  -0.190  32.558 0.0000000000
92620  -52.424  -0.614  32.556 0.0000000000
94775  -39.837  1.424  32.132 0.0000000000
95835  -39.505  2.081  32.479 0.0000000000
94774  -39.235  1.403  32.574 0.0000000000
99040  -55.534  5.801  27.916 0.0000000000
99049  -54.724  5.367  26.652 0.0000000000
99064  -54.283  5.342  25.985 0.0000000000
103245  -51.743  9.246  22.744 0.0000000000
103254  -51.855  8.916  22.311 0.0000000000
103246  -51.993  9.707  22.471 0.0000000000
104204  -52.639  10.233  21.854 0.0000000000
104205  -53.151  10.253  21.253 0.0000000000
105254  -53.446  11.199  21.135 0.0000000000
105253  -52.946  10.919  21.648 0.0000000000
105245  -53.118  11.645  21.776 0.0000000000
106336  -53.321  12.575  22.533 0.0000000000
101117  -49.017  7.890  35.907 0.0000000000
108262  -54.396  14.268  30.178 0.0000000000
108277  -55.078  14.542  29.557 0.0000000000
109185  -55.853  15.327  28.235 0.0000000000
108290  -54.515  14.833  28.629 0.0000000000
109200  -52.171  15.276  27.241 0.0000000000
109199  -51.177  15.279  27.363 0.0000000000
112826  -44.154  19.215  29.585 0.0000000000
111986  -43.619  18.344  29.548 0.0000000000
112825  -43.516  18.973  29.156 0.0000000000
112835  -43.202  19.187  28.479 0.0000000000
112845  -42.399  19.075  27.340 0.0000000000
112853  -42.232  19.256  26.512 0.0000000000
113757  -42.984  20.198  26.591 0.0000000000
114574  -43.471  20.897  26.196 0.0000000000
114584  -43.515  21.185  25.467 0.0000000000
95908  -50.704  2.709  26.871 0.0000000000
96957  -51.002  3.225  26.333 0.0000000000
96956  -50.067  3.221  26.186 0.0000000000
96967  -49.643  3.853  25.657 0.0000000000
100128  -47.752  6.305  26.674 0.0000000000
100155  -48.753  7.237  25.361 0.0000000000
101238  -49.092  7.742  25.251 0.0000000000
101226  -48.842  8.158  25.588 0.0000000000
102254  -49.083  8.620  25.532 0.0000000000
103221  -48.875  9.390  26.257 0.0000000000
107223  -50.451  13.619  38.560 0.0000000000
107224  -51.258  13.467  38.445 0.0000000000
108227  -51.593  13.757  38.173 0.0000000000
107256  -50.175  13.896  36.412 0.0000000000
106221  -50.599  12.059  34.561 0.0000000000
106203  -50.111  12.552  35.361 0.0000000000
106220  -49.695  12.310  34.473 0.0000000000
106235  -49.422  12.372  33.613 0.0000000000
106245  -49.109  12.675  32.729 0.0000000000
106234  -48.484  12.892  33.493 0.0000000000
107281  -48.100  13.548  34.180 0.0000000000
107280  -47.560  13.998  33.981 0.0000000000
111974  -49.274  18.555  33.257 0.0000000000
111131  -48.317  17.800  33.359 0.0000000000
111973  -48.608  18.378  33.086 0.0000000000
111972  -47.615  18.534  32.425 0.0000000000
111979  -47.078  18.589  32.069 0.0000000000
111978  -46.477  18.283  31.838 0.0000000000
112814  -47.316  19.084  31.717 0.0000000000
113717  -47.900  20.134  30.635 0.0000000000
99000  -42.977  5.955  33.409 0.0000000000
98990  -43.339  5.892  34.298 0.0000000000
98981  -43.960  6.258  35.278 0.0000000000
104121  -43.547  10.584  33.715 0.0000000000
103142  -43.433  9.502  34.208 0.0000000000
104104  -43.970  10.051  34.129 0.0000000000
104105  -44.566  10.581  34.101 0.0000000000
103144  -45.247  9.570  34.536 0.0000000000
103145  -46.058  9.741  34.652 0.0000000000
104106  -45.618  10.548  34.463 0.0000000000
105144  -46.048  11.276  34.674 0.0000000000
105129  -46.320  11.776  35.239 0.0000000000
109121  -44.643  14.845  36.974 0.0000000000
109122  -45.238  14.895  37.123 0.0000000000
110076  -47.071  15.561  37.304 0.0000000000
100084  -58.304  6.834  30.523 0.0000000000
99020  -57.703  6.034  30.505 0.0000000000
97979  -56.917  5.246  30.546 0.0000000000
95849  -56.520  3.326  31.811 0.0000000000
96898  -55.896  3.434  30.938 0.0000000000
95868  -53.738  2.720  29.600 0.0000000000
95867  -53.203  2.240  29.392 0.0000000000
94823  -52.238  1.899  28.934 0.0000000000
94808  -52.155  1.543  29.302 0.0000000000
92659  -50.751  -0.184  29.677 0.0000000000
93744  -50.858  0.555  29.262 0.0000000000
93752  -48.267  0.992  28.653 0.0000000000
93751  -47.767  1.180  28.847 0.0000000000
92579  -46.323  -0.356  34.551 0.0000000000
92580  -47.349  -0.157  34.523 0.0000000000
92581  -48.272  -0.147  34.529 0.0000000000
92582  -49.172  -0.232  34.597 0.0000000000
92583  -50.130  -0.221  34.716 0.0000000000
91516  -50.341  -1.131  33.154 0.0000000000
91515  -49.650  -1.128  33.233 0.0000000000
91528  -49.011  -1.242  32.526 0.0000000000
95854  -43.276  2.414  30.154 0.0000000000
96904  -42.697  3.324  30.344 0.0000000000
97975  -42.088  4.276  30.727 0.0000000000
99015  -42.089  5.003  30.946 0.0000000000
99006  -41.418  4.970  32.003 0.0000000000
97947  -41.078  5.110  32.999 0.0000000000
98056  -51.966  4.720  24.394 0.0000000000
99127  -53.887  5.572  22.377 0.0000000000
101280  -54.403  7.784  20.151 0.0000000000
100214  -54.563  6.915  20.618 0.0000000000
105271  -56.403  11.721  18.964 0.0000000000
105278  -56.970  11.445  18.558 0.0000000000
105272  -57.043  12.018  18.659 0.0000000000
106368  -57.209  12.319  18.547 0.0000000000
107448  -57.328  13.548  18.177 0.0000000000
108415  -57.288  14.513  18.608 0.0000000000
101163  -45.586  7.615  31.776 0.0000000000
102198  -45.672  8.088  31.186 0.0000000000
102202  -49.665  9.221  31.687 0.0000000000
103173  -49.398  9.469  31.152 0.0000000000
103181  -49.919  9.556  30.537 0.0000000000
104144  -49.639  9.868  28.422 0.0000000000
104145  -50.330  10.112  28.674 0.0000000000
104153  -51.013  11.169  27.880 0.0000000000
104097  -53.062  10.245  35.615 0.0000000000
103131  -52.718  9.676  35.274 0.0000000000
103149  -53.273  9.715  34.944 0.0000000000
104123  -53.812  10.337  33.691 0.0000000000
104129  -53.575  10.626  32.507 0.0000000000
106268  -55.731  12.937  30.439 0.0000000000
106263  -55.022  12.407  30.631 0.0000000000
106267  -55.165  12.721  29.855 0.0000000000
106271  -53.893  12.320  28.842 0.0000000000
106270  -53.309  12.117  28.404 0.0000000000
106275  -53.936  12.549  27.986 0.0000000000
107354  -53.811  13.628  25.610 0.0000000000
110172  -56.445  16.242  25.251 0.0000000000
110173  -56.986  16.047  24.997 0.0000000000
110190  -56.777  16.300  24.478 0.0000000000
110236  -57.148  16.464  22.819 0.0000000000
110257  -56.860  16.387  21.811 0.0000000000
109305  -54.963  16.059  20.026 0.0000000000
110207  -51.224  16.461  23.003 0.0000000000
110230  -50.795  16.752  22.102 0.0000000000
107319  -48.286  13.789  29.834 0.0000000000
108271  -48.778  14.211  29.125 0.0000000000
108270  -47.815  14.200  29.164 0.0000000000
108283  -47.388  14.469  28.415 0.0000000000
108296  -47.053  14.745  27.553 0.0000000000
109230  -44.030  15.738  26.266 0.0000000000
109231  -44.763  15.666  25.922 0.0000000000
110182  -45.609  16.397  24.028 0.0000000000
110202  -46.214  16.621  22.980 0.0000000000
110303  -45.503  16.093  18.555 0.0000000000
110267  -44.820  16.371  19.803 0.0000000000
110266  -43.856  16.318  19.630 0.0000000000
110243  -43.052  16.574  20.445 0.0000000000
112871  -41.500  19.207  23.005 0.0000000000
112030  -41.505  18.479  22.074 0.0000000000
112877  -41.465  19.348  22.029 0.0000000000
112040  -41.050  18.780  20.709 0.0000000000
112889  -41.378  20.084  20.764 0.0000000000
96943  -47.920  3.562  27.229 0.0000000000
96954  -48.311  3.870  26.629 0.0000000000
99061  -47.500  5.409  27.057 0.0000000000
99047  -46.752  5.130  28.272 0.0000000000
101200  -47.785  7.858  27.646 0.0000000000
110071  -51.263  16.181  38.197 0.0000000000
111077  -52.000  17.499  37.519 0.0000000000
111078  -52.455  17.601  37.180 0.0000000000
110082  -52.228  17.187  37.175 0.0000000000
112780  -53.334  18.937  36.317 0.0000000000
111942  -53.235  18.285  36.295 0.0000000000
111087  -52.246  17.419  36.664 0.0000000000
111086  -51.587  17.207  36.418 0.0000000000
111104  -51.127  17.370  35.720 0.0000000000
110112  -49.710  16.465  35.337 0.0000000000
110111  -48.900  15.991  35.068 0.0000000000
111103  -50.436  17.290  35.266 0.0000000000
111120  -50.020  17.690  34.540 0.0000000000
111957  -50.436  18.284  34.091 0.0000000000
112804  -51.744  19.334  34.045 0.0000000000
112803  -50.786  19.069  33.380 0.0000000000
112810  -50.529  19.531  32.758 0.0000000000
113705  -50.564  19.974  32.099 0.0000000000
113712  -51.034  20.397  31.556 0.0000000000
102326  -57.218  8.691  17.453 0.0000000000
101125  -41.059  7.312  35.759 0.0000000000
101126  -42.047  7.170  35.677 0.0000000000
102155  -41.512  8.019  35.380 0.0000000000
103158  -41.949  9.913  33.606 0.0000000000
104118  -40.491  10.756  33.536 0.0000000000
104119  -41.493  10.791  33.523 0.0000000000
104120  -42.502  10.745  33.528 0.0000000000
94787  -54.858  1.783  31.568 0.0000000000
93733  -54.209  1.599  30.953 0.0000000000
93731  -53.012  0.517  30.500 0.0000000000
92650  -52.455  -0.059  30.463 0.0000000000
92636  -53.273  0.023  31.758 0.0000000000
93716  -52.960  0.151  31.145 0.0000000000
92647  -49.537  -0.699  30.316 0.0000000000
93661  -44.714  0.170  36.020 0.0000000000
92560  -44.800  -0.149  35.511 0.0000000000
92577  -44.292  -0.613  34.664 0.0000000000
91501  -45.523  -0.831  34.249 0.0000000000
95845  -41.162  2.373  31.229 0.0000000000
96896  -40.907  3.192  31.568 0.0000000000
96887  -40.400  3.175  32.052 0.0000000000
96886  -39.917  3.232  32.537 0.0000000000
97954  -39.825  3.683  32.798 0.0000000000
95827  -39.562  2.687  32.648 0.0000000000
96862  -38.961  3.803  34.504 0.0000000000
100186  -51.859  6.451  22.638 0.0000000000
101270  -52.513  7.474  21.781 0.0000000000
101271  -53.017  7.584  21.301 0.0000000000
102289  -52.489  8.443  21.612 0.0000000000
102290  -53.211  8.527  21.091 0.0000000000
101279  -53.608  7.655  20.747 0.0000000000
101290  -54.748  8.297  19.750 0.0000000000
103274  -55.611  9.579  19.274 0.0000000000
105270  -55.658  11.210  19.327 0.0000000000
105262  -54.091  11.259  20.536 0.0000000000
105263  -54.941  11.433  19.927 0.0000000000
105264  -55.650  11.902  19.497 0.0000000000
106359  -56.090  12.601  19.488 0.0000000000
107423  -56.545  14.155  20.481 0.0000000000
100054  -47.224  6.862  34.593 0.0000000000
101155  -47.296  7.467  33.075 0.0000000000
101146  -49.287  7.767  33.938 0.0000000000
102183  -49.568  8.258  33.299 0.0000000000
103183  -51.281  9.890  31.122 0.0000000000
106240  -54.604  12.178  33.678 0.0000000000
105163  -54.729  11.746  33.529 0.0000000000
106251  -55.176  12.413  32.901 0.0000000000
106260  -55.412  12.503  32.208 0.0000000000
107313  -55.710  13.702  30.896 0.0000000000
107314  -56.127  13.606  30.504 0.0000000000
107326  -56.137  13.399  29.629 0.0000000000
107330  -56.270  13.676  28.505 0.0000000000
107335  -56.313  14.215  27.401 0.0000000000
108304  -56.839  14.768  27.284 0.0000000000
109203  -55.908  15.560  27.320 0.0000000000
109223  -56.139  15.994  26.407 0.0000000000
110158  -56.551  16.110  25.873 0.0000000000
109258  -55.327  16.336  25.119 0.0000000000
110187  -53.697  16.337  23.667 0.0000000000
109269  -53.238  16.239  23.737 0.0000000000
109268  -52.675  16.171  23.773 0.0000000000
109255  -52.336  15.811  24.623 0.0000000000
109267  -51.725  16.077  23.814 0.0000000000
109265  -49.909  15.883  23.897 0.0000000000
109172  -44.471  15.490  30.511 0.0000000000
108267  -44.710  14.850  29.976 0.0000000000
109176  -44.433  15.217  29.399 0.0000000000
109180  -43.910  15.557  28.542 0.0000000000
109191  -43.496  15.953  27.905 0.0000000000
111143  -43.267  17.558  28.968 0.0000000000
109211  -43.768  15.809  27.033 0.0000000000
110157  -43.337  16.156  26.353 0.0000000000
112016  -41.819  18.678  24.081 0.0000000000
112860  -41.941  19.163  25.575 0.0000000000
112866  -41.803  19.301  24.720 0.0000000000
112865  -41.639  19.269  23.866 0.0000000000
113778  -42.030  20.558  23.183 0.0000000000
113786  -42.133  20.763  22.176 0.0000000000
98014  -52.969  4.078  27.014 0.0000000000
96959  -52.614  3.843  26.599 0.0000000000
96971  -52.649  4.037  26.108 0.0000000000
98040  -51.723  4.234  25.175 0.0000000000
96969  -51.393  3.634  25.695 0.0000000000
99093  -51.254  5.300  24.021 0.0000000000
99107  -51.003  5.831  23.593 0.0000000000
98037  -49.051  4.510  25.568 0.0000000000
99078  -49.233  5.465  25.255 0.0000000000
100142  -48.823  5.982  25.385 0.0000000000
101251  -50.948  7.456  23.382 0.0000000000
102263  -50.191  8.440  24.298 0.0000000000
103236  -51.254  9.247  23.489 0.0000000000
104189  -50.923  10.194  23.738 0.0000000000
104082  -49.412  11.240  36.590 0.0000000000
104094  -50.307  10.196  36.019 0.0000000000
105119  -49.712  11.510  37.181 0.0000000000
104084  -51.283  10.881  36.623 0.0000000000
105112  -51.227  12.025  38.013 0.0000000000
104085  -52.344  10.719  36.467 0.0000000000
105122  -53.056  11.031  36.470 0.0000000000
105134  -53.596  11.006  35.775 0.0000000000
105149  -53.497  11.403  35.380 0.0000000000
109128  -51.270  15.930  38.212 0.0000000000
109127  -50.886  15.277  38.051 0.0000000000
108241  -50.955  14.271  37.425 0.0000000000
107241  -51.468  13.839  37.590 0.0000000000
107258  -51.883  12.970  37.260 0.0000000000
106206  -52.944  11.645  35.866 0.0000000000
106239  -53.815  12.391  34.016 0.0000000000
106249  -53.515  12.750  33.017 0.0000000000
106237  -51.496  12.054  33.795 0.0000000000
106248  -52.273  12.473  32.975 0.0000000000
106259  -52.847  12.843  32.243 0.0000000000
107299  -52.554  13.240  31.423 0.0000000000
107310  -51.961  13.634  30.581 0.0000000000
107323  -52.381  14.079  29.917 0.0000000000
108274  -51.797  14.381  29.187 0.0000000000
107309  -50.828  13.516  30.517 0.0000000000
107308  -49.776  13.521  30.531 0.0000000000
107307  -48.774  13.532  30.579 0.0000000000
106255  -48.712  12.771  31.960 0.0000000000
107295  -48.277  13.225  31.353 0.0000000000
107306  -47.785  13.558  30.649 0.0000000000
107305  -46.791  13.649  30.683 0.0000000000
107292  -45.668  13.953  31.097 0.0000000000
109159  -48.051  15.583  34.340 0.0000000000
109163  -47.547  15.436  33.817 0.0000000000
111125  -48.043  17.340  33.520 0.0000000000
109162  -47.071  15.828  33.359 0.0000000000
108249  -47.015  15.026  33.178 0.0000000000
108252  -45.907  15.013  32.225 0.0000000000
109173  -45.157  15.088  31.006 0.0000000000
109168  -44.943  15.812  31.281 0.0000000000
111138  -44.409  17.214  30.832 0.0000000000
111982  -44.625  18.190  30.657 0.0000000000
111984  -46.091  18.640  31.197 0.0000000000
111983  -45.508  18.570  30.906 0.0000000000
112819  -44.633  18.947  30.176 0.0000000000
112827  -45.025  19.493  29.901 0.0000000000
113751  -45.863  21.166  27.781 0.0000000000
100091  -44.369  6.002  30.025 0.0000000000
101171  -44.651  6.942  30.833 0.0000000000
100063  -44.262  6.557  32.777 0.0000000000
101153  -45.024  7.037  32.392 0.0000000000
101143  -46.355  6.792  33.628 0.0000000000
101127  -43.072  7.141  35.625 0.0000000000
101128  -44.114  7.199  35.639 0.0000000000
102174  -43.956  8.658  34.767 0.0000000000
100038  -44.702  6.643  35.574 0.0000000000
100044  -45.582  6.420  35.046 0.0000000000
100053  -46.297  6.601  34.317 0.0000000000
100046  -47.359  7.180  35.312 0.0000000000
101132  -47.862  7.731  35.724 0.0000000000
103146  -46.716  9.802  34.839 0.0000000000
102144  -47.954  8.131  36.190 0.0000000000
103127  -48.438  9.334  35.536 0.0000000000
107268  -44.254  13.269  36.106 0.0000000000
106182  -45.146  12.866  36.236 0.0000000000
106183  -45.707  12.739  36.551 0.0000000000
107255  -45.596  13.100  36.938 0.0000000000
106173  -46.029  12.933  37.039 0.0000000000
106201  -47.167  12.249  36.188 0.0000000000
105118  -48.726  11.756  36.682 0.0000000000
106186  -48.441  12.436  37.465 0.0000000000
106176  -48.804  12.815  38.281 0.0000000000
107240  -48.758  13.371  38.347 0.0000000000
108224  -47.851  14.310  37.850 0.0000000000
108207  -48.458  14.198  38.172 0.0000000000
107222  -49.242  13.664  38.464 0.0000000000
109114  -49.361  15.204  38.075 0.0000000000
109115  -50.040  15.402  38.368 0.0000000000
110079  -50.430  16.361  38.123 0.0000000000
111085  -49.419  17.833  37.105 0.0000000000
100095  -57.577  6.798  29.225 0.0000000000
100094  -56.881  6.429  28.804 0.0000000000
99041  -55.908  5.912  28.461 0.0000000000
98005  -54.575  4.746  28.180 0.0000000000
98004  -53.840  4.266  27.978 0.0000000000
97968  -57.089  4.798  31.094 0.0000000000
97978  -56.271  4.859  30.221 0.0000000000
96908  -56.202  4.245  30.700 0.0000000000
97977  -55.617  4.484  29.919 0.0000000000
96935  -54.515  4.201  28.729 0.0000000000
96947  -53.508  4.031  27.841 0.0000000000
96946  -52.884  3.622  27.520 0.0000000000
96945  -52.087  2.988  27.384 0.0000000000
95893  -49.442  2.361  27.286 0.0000000000
93755  -50.929  1.127  28.883 0.0000000000
94821  -50.501  1.433  28.318 0.0000000000
95892  -48.563  2.647  27.386 0.0000000000
95891  -47.959  2.909  27.743 0.0000000000
96931  -46.949  3.276  28.550 0.0000000000
96930  -46.297  3.685  28.754 0.0000000000
98001  -45.977  4.216  28.878 0.0000000000
94726  -50.996  1.360  37.873 0.0000000000
94739  -51.428  1.297  37.282 0.0000000000
93665  -48.497  0.537  35.844 0.0000000000
93651  -50.045  0.804  36.531 0.0000000000
93653  -51.876  0.985  36.556 0.0000000000
92563  -51.648  -0.045  35.158 0.0000000000
93686  -53.710  0.179  34.885 0.0000000000
92606  -53.137  -0.456  33.507 0.0000000000
91530  -50.661  -1.223  32.565 0.0000000000
91542  -50.908  -1.240  31.745 0.0000000000
91552  -50.237  -1.101  30.995 0.0000000000
91537  -46.512  -1.406  31.928 0.0000000000
91538  -47.402  -1.380  31.808 0.0000000000
91548  -46.562  -1.138  31.141 0.0000000000
92643  -45.555  -0.485  30.733 0.0000000000
91549  -47.494  -1.014  31.072 0.0000000000
92645  -47.596  -0.420  30.371 0.0000000000
93730  -47.361  0.249  29.825 0.0000000000
97988  -44.436  4.483  29.547 0.0000000000
99017  -43.491  5.776  30.553 0.0000000000
100073  -43.083  6.070  31.361 0.0000000000
100061  -42.631  5.888  31.957 0.0000000000
98962  -41.541  5.525  36.081 0.0000000000
97964  -40.715  3.677  31.877 0.0000000000
97946  -40.533  4.746  33.437 0.0000000000
97930  -41.103  5.106  35.766 0.0000000000
100022  -41.121  5.997  36.331 0.0000000000
102170  -40.015  8.667  34.673 0.0000000000
103138  -39.532  9.297  34.103 0.0000000000
102152  -38.600  8.120  35.146 0.0000000000
102169  -39.063  8.712  34.642 0.0000000000
103155  -39.070  9.951  33.651 0.0000000000
98074  -59.766  5.226  22.705 0.0000000000
99132  -60.121  5.976  22.710 0.0000000000
98026  -53.651  4.804  26.248 0.0000000000
99063  -53.800  5.027  25.682 0.0000000000
99080  -54.109  4.993  25.276 0.0000000000
98058  -53.556  4.808  24.557 0.0000000000
98059  -53.940  4.823  24.851 0.0000000000
100202  -54.846  6.326  21.217 0.0000000000
99130  -56.303  5.909  22.469 0.0000000000
99143  -59.049  6.059  20.687 0.0000000000
99168  -59.413  5.853  18.958 0.0000000000
99182  -58.891  6.228  18.683 0.0000000000
100256  -58.648  7.504  18.090 0.0000000000
100255  -58.421  7.287  17.925 0.0000000000
102314  -57.659  9.146  18.400 0.0000000000
104251  -56.217  11.040  16.827 0.0000000000
105295  -55.848  11.522  16.717 0.0000000000
106383  -56.148  11.911  16.839 0.0000000000
106381  -54.958  12.105  16.680 0.0000000000
100092  -45.003  6.575  29.922 0.0000000000
101188  -47.379  7.555  28.419 0.0000000000
101189  -47.881  8.037  28.120 0.0000000000
102190  -47.495  8.208  32.378 0.0000000000
102209  -47.859  8.956  30.120 0.0000000000
102219  -48.383  8.750  28.767 0.0000000000
102225  -48.323  8.437  28.063 0.0000000000
103209  -48.483  8.993  26.911 0.0000000000
104174  -49.474  10.223  25.907 0.0000000000
104151  -49.554  10.173  27.950 0.0000000000
104162  -49.479  10.265  26.971 0.0000000000
104175  -50.152  10.723  25.511 0.0000000000
105225  -50.765  11.207  25.039 0.0000000000
105226  -51.514  11.664  24.586 0.0000000000
102165  -51.108  8.736  34.704 0.0000000000
102178  -51.472  8.667  34.131 0.0000000000
102179  -52.053  8.954  33.834 0.0000000000
102185  -51.597  8.891  33.274 0.0000000000
103167  -51.268  9.283  32.294 0.0000000000
103176  -51.643  9.760  31.841 0.0000000000
104136  -51.713  10.178  30.671 0.0000000000
105168  -54.951  11.616  32.746 0.0000000000
104130  -54.351  11.187  32.734 0.0000000000
104134  -53.329  11.014  31.116 0.0000000000
105188  -51.544  11.405  27.704 0.0000000000
105189  -52.238  11.997  27.404 0.0000000000
105198  -51.559  11.897  26.608 0.0000000000
106311  -51.734  12.139  25.140 0.0000000000
105227  -52.082  11.771  23.942 0.0000000000
106326  -52.599  12.228  23.520 0.0000000000
106337  -54.181  13.125  22.251 0.0000000000
107364  -53.706  13.482  24.515 0.0000000000
107411  -55.994  14.114  21.307 0.0000000000
107412  -56.601  14.510  21.049 0.0000000000
108314  -55.977  14.562  26.209 0.0000000000
108333  -56.044  14.955  24.767 0.0000000000
109259  -57.148  15.892  24.555 0.0000000000
108342  -56.746  15.358  24.132 0.0000000000
108370  -56.750  15.041  21.685 0.0000000000
109335  -57.342  15.005  18.802 0.0000000000
109306  -56.946  16.008  20.071 0.0000000000
109321  -56.936  15.862  19.412 0.0000000000
108414  -56.739  14.748  18.415 0.0000000000
107439  -55.918  14.142  18.009 0.0000000000
110253  -52.297  17.079  21.026 0.0000000000
108287  -51.180  14.872  28.399 0.0000000000
109183  -50.861  15.191  27.891 0.0000000000
109198  -50.161  15.148  27.479 0.0000000000
108285  -49.200  14.568  28.438 0.0000000000
108299  -49.463  14.932  27.887 0.0000000000
109236  -49.874  15.428  25.560 0.0000000000
109252  -49.280  15.739  24.601 0.0000000000
110186  -48.704  15.999  24.250 0.0000000000
108281  -45.537  14.813  28.452 0.0000000000
108295  -46.026  14.937  27.580 0.0000000000
108313  -46.591  15.039  27.039 0.0000000000
109232  -45.723  15.719  25.729 0.0000000000
109214  -46.280  15.390  26.522 0.0000000000
110185  -48.157  16.151  24.071 0.0000000000
110227  -47.912  17.029  21.928 0.0000000000
110248  -47.803  17.079  20.753 0.0000000000
110247  -46.847  16.931  20.822 0.0000000000
110270  -47.546  16.960  19.759 0.0000000000
109317  -47.447  16.351  19.168 0.0000000000
108410  -45.066  15.090  18.424 0.0000000000
108396  -44.719  14.574  18.969 0.0000000000
111199  -42.271  16.888  20.057 0.0000000000
111187  -41.750  17.685  21.035 0.0000000000
111209  -41.927  16.632  19.598 0.0000000000
111196  -40.058  17.652  20.741 0.0000000000
113720  -51.668  20.770  30.696 0.0000000000
113727  -48.472  20.751  29.755 0.0000000000
114537  -47.880  21.231  28.868 0.0000000000
113741  -46.987  21.012  28.579 0.0000000000
114551  -46.506  21.226  28.050 0.0000000000
114567  -46.341  21.526  27.219 0.0000000000
114577  -46.544  21.902  26.092 0.0000000000
114576  -45.383  21.601  26.263 0.0000000000
114586  -45.410  22.030  25.220 0.0000000000
114585  -44.386  21.623  25.373 0.0000000000
114596  -44.380  21.915  24.302 0.0000000000
115419  -45.677  22.521  21.734 0.0000000000
115407  -44.597  22.310  23.047 0.0000000000
115406  -43.930  22.097  22.850 0.0000000000
114612  -43.500  21.766  22.027 0.0000000000
114619  -42.731  21.431  21.046 0.0000000000
91500  -44.809  -0.840  34.246 0.0000000000
92561  -50.380  0.109  35.196 0.0000000000
92598  -44.122  -0.887  34.075 0.0000000000
92656  -48.022  -0.090  29.894 0.0000000000
93633  -45.354  0.036  36.948 0.0000000000
93684  -49.683  0.200  35.197 0.0000000000
93711  -40.165  0.672  31.993 0.0000000000
93747  -53.318  1.586  29.971 0.0000000000
94807  -47.447  1.435  28.961 0.0000000000
96869  -39.113  3.686  33.749 0.0000000000
96907  -55.558  3.870  30.360 0.0000000000
96921  -55.307  4.303  29.757 0.0000000000
97919  -40.989  5.240  36.118 0.0000000000
97956  -41.014  4.771  32.472 0.0000000000
97966  -41.828  4.753  31.153 0.0000000000
98043  -53.784  4.750  25.102 0.0000000000
98070  -53.095  4.877  23.957 0.0000000000
98089  -59.858  5.664  22.428 0.0000000000
98963  -42.031  5.695  36.113 0.0000000000
98970  -42.440  5.749  35.786 0.0000000000
98972  -43.883  6.433  35.501 0.0000000000
99009  -57.350  5.490  30.696 0.0000000000
99018  -56.470  5.547  29.655 0.0000000000
99031  -55.622  5.553  28.671 0.0000000000
99094  -53.668  5.031  24.162 0.0000000000
99129  -55.679  5.757  22.497 0.0000000000
99142  -56.455  5.971  21.995 0.0000000000
99183  -59.156  6.315  18.795 0.0000000000
100021  -40.265  6.043  36.415 0.0000000000
100023  -41.879  5.929  36.226 0.0000000000
100025  -45.445  6.906  35.917 0.0000000000
100026  -45.819  6.883  35.991 0.0000000000
100037  -43.613  6.595  35.641 0.0000000000
100041  -47.090  7.404  35.485 0.0000000000
100072  -42.602  5.752  31.549 0.0000000000
100080  -43.330  5.932  30.795 0.0000000000
100102  -46.914  6.651  28.455 0.0000000000
101112  -45.592  7.094  36.027 0.0000000000
101113  -45.806  7.125  35.995 0.0000000000
101114  -46.204  7.138  35.847 0.0000000000
101115  -48.253  7.913  35.957 0.0000000000
101116  -48.571  7.886  35.959 0.0000000000
101130  -46.059  7.525  35.657 0.0000000000
101134  -49.309  7.841  35.371 0.0000000000
101135  -49.858  7.961  34.820 0.0000000000
101137  -48.023  7.465  35.424 0.0000000000
101138  -48.560  7.268  34.822 0.0000000000
101237  -48.808  7.573  25.426 0.0000000000
101282  -55.832  7.047  20.135 0.0000000000
101291  -55.245  8.013  19.600 0.0000000000
102145  -48.395  8.053  36.043 0.0000000000
102146  -48.849  8.057  36.071 0.0000000000
102161  -47.817  8.257  35.749 0.0000000000
102162  -48.730  8.444  35.777 0.0000000000
102176  -45.373  8.920  34.876 0.0000000000
102186  -52.066  9.097  33.529 0.0000000000
102194  -51.429  9.041  32.723 0.0000000000
102288  -51.979  8.639  22.019 0.0000000000
102308  -57.928  8.280  18.616 0.0000000000
103124  -45.747  9.099  34.868 0.0000000000
103125  -46.364  9.078  35.104 0.0000000000
103132  -53.213  9.952  35.321 0.0000000000
103157  -40.975  9.918  33.591 0.0000000000
103160  -52.089  9.317  33.238 0.0000000000
104083  -50.115  11.004  36.602 0.0000000000
104086  -53.002  10.590  36.140 0.0000000000
104087  -53.351  10.655  35.845 0.0000000000
104109  -53.749  10.270  34.562 0.0000000000
104122  -44.067  11.062  33.746 0.0000000000
104197  -51.831  9.998  22.668 0.0000000000
104198  -52.222  10.203  22.401 0.0000000000
104223  -56.845  10.081  18.706 0.0000000000
105106  -51.359  12.584  38.320 0.0000000000
105107  -51.762  12.743  38.278 0.0000000000
105117  -47.818  11.891  36.187 0.0000000000
105123  -53.321  10.832  36.134 0.0000000000
105128  -45.719  11.928  34.959 0.0000000000
105135  -53.906  10.874  35.235 0.0000000000
105146  -50.050  12.006  34.188 0.0000000000
105148  -53.175  11.545  35.718 0.0000000000
105161  -49.825  12.044  33.938 0.0000000000
105162  -50.075  11.976  33.890 0.0000000000
105164  -55.310  12.084  33.188 0.0000000000
105167  -54.443  11.368  32.361 0.0000000000
105173  -55.383  12.101  32.216 0.0000000000
105187  -50.915  11.256  27.600 0.0000000000
105199  -52.133  12.226  26.850 0.0000000000
106167  -51.580  12.992  38.406 0.0000000000
106199  -45.610  12.410  35.698 0.0000000000
106224  -54.007  11.854  34.570 0.0000000000
106233  -47.930  13.106  33.163 0.0000000000
106241  -55.081  12.121  33.315 0.0000000000
106243  -47.654  13.213  32.620 0.0000000000
106262  -54.547  12.371  30.160 0.0000000000
106272  -54.734  12.782  29.177 0.0000000000
106285  -53.473  12.703  27.377 0.0000000000
106361  -57.185  13.234  18.903 0.0000000000
106374  -55.487  12.553  17.154 0.0000000000
107221  -48.722  14.028  38.355 0.0000000000
107225  -51.729  13.356  38.267 0.0000000000
107269  -44.776  13.094  36.231 0.0000000000
107284  -47.959  13.252  33.585 0.0000000000
107286  -46.487  14.097  32.082 0.0000000000
107287  -47.037  13.764  32.343 0.0000000000
107290  -55.368  12.895  32.201 0.0000000000
107293  -46.297  13.851  31.486 0.0000000000
107304  -45.911  13.844  30.586 0.0000000000
107322  -51.340  13.885  29.794 0.0000000000
107345  -56.072  14.408  26.688 0.0000000000
107363  -53.161  13.223  25.024 0.0000000000
108211  -51.441  13.673  38.365 0.0000000000
108225  -48.482  14.510  38.013 0.0000000000
108239  -43.607  14.354  37.247 0.0000000000
108250  -47.408  14.480  33.614 0.0000000000
108256  -45.633  14.516  31.498 0.0000000000
108260  -45.404  14.353  30.696 0.0000000000
108263  -55.561  14.285  30.404 0.0000000000
108265  -56.767  13.951  30.209 0.0000000000
108273  -50.747  14.349  29.103 0.0000000000
108291  -55.599  14.770  28.851 0.0000000000
108298  -48.701  14.876  27.850 0.0000000000
108300  -51.251  15.202  27.940 0.0000000000
108303  -53.714  14.951  27.988 0.0000000000
108305  -56.882  14.921  27.686 0.0000000000
108312  -46.197  15.173  27.037 0.0000000000
108316  -56.832  15.189  26.874 0.0000000000
108371  -57.228  15.472  21.399 0.0000000000
108386  -56.891  14.692  20.761 0.0000000000
108393  -42.313  15.433  19.432 0.0000000000
108394  -42.968  15.237  19.316 0.0000000000
108408  -43.650  15.256  18.788 0.0000000000
108409  -44.269  15.016  18.501 0.0000000000
108422  -57.179  14.014  18.026 0.0000000000
109117  -51.156  15.869  38.371 0.0000000000
109171  -43.810  15.795  29.994 0.0000000000
109177  -45.058  14.879  28.932 0.0000000000
109182  -50.576  15.062  28.078 0.0000000000
109184  -55.189  15.215  28.411 0.0000000000
109195  -47.642  15.007  27.324 0.0000000000
109196  -48.198  15.172  27.269 0.0000000000
109213  -45.397  15.483  26.574 0.0000000000
109242  -56.083  16.251  25.740 0.0000000000
109243  -56.852  15.853  25.411 0.0000000000
109278  -57.613  15.941  22.370 0.0000000000
109289  -57.312  15.648  21.887 0.0000000000
109322  -57.392  15.234  19.141 0.0000000000
109329  -44.599  15.491  18.422 0.0000000000
109330  -45.312  15.650  18.430 0.0000000000
109331  -46.184  15.896  18.509 0.0000000000
109332  -46.649  16.130  18.648 0.0000000000
109334  -57.174  15.198  18.783 0.0000000000
110080  -51.308  16.609  37.935 0.0000000000
110088  -43.920  15.526  36.331 0.0000000000
110094  -49.998  15.977  36.121 0.0000000000
110095  -50.741  16.425  36.292 0.0000000000
110097  -52.312  17.235  36.945 0.0000000000
110113  -50.513  16.874  35.622 0.0000000000
110120  -47.922  16.028  34.120 0.0000000000
110124  -46.836  16.585  33.125 0.0000000000
110126  -48.272  17.023  33.874 0.0000000000
110128  -45.640  16.113  32.070 0.0000000000
110131  -44.644  16.504  31.097 0.0000000000
110135  -43.689  16.580  29.818 0.0000000000
110138  -43.353  16.693  29.120 0.0000000000
110141  -42.926  16.774  28.282 0.0000000000
110147  -42.657  17.094  27.548 0.0000000000
110156  -42.735  16.859  26.674 0.0000000000
110159  -56.827  16.031  25.593 0.0000000000
110171  -55.759  16.320  25.285 0.0000000000
110213  -57.347  16.179  23.746 0.0000000000
110237  -57.704  16.153  22.926 0.0000000000
110244  -43.952  16.486  20.708 0.0000000000
110265  -43.044  16.383  19.536 0.0000000000
110288  -44.706  16.248  18.915 0.0000000000
110289  -45.633  16.422  19.034 0.0000000000
110292  -47.692  16.572  19.463 0.0000000000
110296  -56.307  16.061  19.776 0.0000000000
110302  -44.685  15.912  18.480 0.0000000000
110305  -46.793  16.298  18.802 0.0000000000
111088  -52.643  17.664  36.794 0.0000000000
111119  -49.210  17.392  34.320 0.0000000000
111150  -42.557  17.759  27.826 0.0000000000
111920  -52.825  18.327  37.075 0.0000000000
111930  -52.974  18.163  36.765 0.0000000000
111931  -53.120  18.589  36.734 0.0000000000
111940  -52.507  18.307  35.637 0.0000000000
111941  -52.922  18.310  36.024 0.0000000000
111958  -50.946  18.319  34.453 0.0000000000
111966  -49.135  18.277  33.449 0.0000000000
111968  -50.907  18.637  33.890 0.0000000000
111971  -46.985  18.292  32.259 0.0000000000
111976  -45.176  18.140  31.116 0.0000000000
111977  -45.657  18.130  31.380 0.0000000000
111987  -44.182  18.563  30.040 0.0000000000
111989  -42.741  18.435  28.204 0.0000000000
111990  -43.223  18.377  28.785 0.0000000000
112023  -41.910  18.045  23.815 0.0000000000
112039  -40.218  18.569  20.818 0.0000000000
112758  -52.993  18.928  37.195 0.0000000000
112767  -53.167  19.181  36.707 0.0000000000
112796  -53.488  19.394  35.889 0.0000000000
112802  -50.169  19.055  33.158 0.0000000000
112807  -47.875  19.145  32.102 0.0000000000
112808  -48.469  19.115  32.399 0.0000000000
112809  -49.489  19.085  32.840 0.0000000000
112820  -45.259  19.038  30.458 0.0000000000
112822  -47.091  19.493  30.949 0.0000000000
112823  -47.766  19.602  31.203 0.0000000000
112834  -42.570  18.997  27.966 0.0000000000
112836  -43.773  19.410  28.989 0.0000000000
112846  -42.925  19.417  27.789 0.0000000000
112854  -42.793  19.581  27.167 0.0000000000
113710  -48.735  20.013  31.310 0.0000000000
113724  -44.653  19.850  29.250 0.0000000000
113737  -43.381  19.593  28.083 0.0000000000
113750  -45.138  20.867  27.826 0.0000000000
113756  -42.315  19.686  26.062 0.0000000000
113769  -41.550  19.698  23.620 0.0000000000
113777  -41.517  19.935  23.088 0.0000000000
113797  -41.133  20.600  20.843 0.0000000000
114522  -53.595  20.769  35.354 0.0000000000
114552  -47.290  21.452  27.980 0.0000000000
114594  -42.497  20.922  24.019 0.0000000000
114597  -45.109  22.221  24.378 0.0000000000
114606  -44.206  22.087  23.480 0.0000000000
114613  -43.934  22.100  21.712 0.0000000000
114621  -44.111  22.274  21.188 0.0000000000
115395  -44.706  22.202  23.829 0.0000000000
115408  -45.470  22.468  22.862 0.0000000000
115409  -46.477  22.645  22.709 0.0000000000
115418  -44.672  22.282  21.972 0.0000000000
