#!ascii label  , from subject S5_08 vox2ras=TkReg
2231
47056  -35.498  -40.613  57.055 0.0000000000
78476  -51.395  -13.167  47.092 0.0000000000
63704  -37.569  -25.583  52.698 0.0000000000
38638  -4.604  -48.181  51.900 0.0000000000
39952  -23.897  -45.078  51.334 0.0000000000
48255  -12.504  -40.217  56.559 0.0000000000
48176  -8.419  -41.386  61.652 0.0000000000
68773  -46.618  -21.826  45.626 0.0000000000
55009  -7.501  -34.390  51.506 0.0000000000
30616  -7.070  -53.274  57.518 0.0000000000
56886  -34.240  -34.333  54.929 0.0000000000
43688  -32.739  -43.472  48.841 0.0000000000
39984  -29.870  -45.077  49.687 0.0000000000
82641  -54.323  -9.471  45.824 0.0000000000
67524  -42.689  -23.186  48.643 0.0000000000
42486  -19.282  -43.965  51.479 0.0000000000
54932  -6.555  -33.798  56.914 0.0000000000
44709  -8.715  -44.927  54.937 0.0000000000
45921  -9.596  -42.620  51.524 0.0000000000
41293  -6.836  -46.136  49.573 0.0000000000
34523  -14.693  -49.266  60.801 0.0000000000
35820  -10.158  -49.245  61.090 0.0000000000
63607  -35.090  -26.446  57.399 0.0000000000
39909  -27.421  -44.869  51.689 0.0000000000
42551  -25.554  -43.883  48.745 0.0000000000
49419  -10.295  -40.532  59.553 0.0000000000
42425  -7.995  -45.987  58.227 0.0000000000
73251  -50.656  -18.228  46.015 0.0000000000
35870  -15.779  -47.712  59.047 0.0000000000
39880  -17.789  -45.285  55.248 0.0000000000
48304  -10.512  -38.667  52.897 0.0000000000
50734  -7.409  -38.232  47.195 0.0000000000
44645  -10.800  -43.107  62.923 0.0000000000
38517  -7.152  -47.626  60.057 0.0000000000
35891  -4.328  -50.580  55.364 0.0000000000
51681  -35.332  -37.564  59.687 0.0000000000
49473  -36.574  -39.951  54.889 0.0000000000
52837  -35.885  -36.971  56.904 0.0000000000
44737  -35.698  -42.147  52.913 0.0000000000
45941  -34.843  -41.556  50.944 0.0000000000
42471  -34.762  -43.027  52.079 0.0000000000
80539  -53.039  -10.955  47.123 0.0000000000
77323  -49.166  -14.653  44.822 0.0000000000
79532  -50.730  -11.607  45.206 0.0000000000
81578  -51.926  -10.004  43.305 0.0000000000
66244  -39.939  -24.082  50.280 0.0000000000
63723  -34.962  -25.737  51.836 0.0000000000
141899  -36.701  -24.734  48.876 0.0000000000
67540  -38.776  -23.296  47.174 0.0000000000
43606  -5.847  -45.653  53.809 0.0000000000
45890  -6.226  -44.631  52.514 0.0000000000
38669  -6.408  -47.117  50.637 0.0000000000
38686  -9.257  -48.338  48.120 0.0000000000
37300  -8.158  -50.099  49.745 0.0000000000
34551  -12.941  -50.055  58.318 0.0000000000
31961  -11.664  -51.631  58.741 0.0000000000
62352  -33.720  -27.378  60.336 0.0000000000
57874  -33.254  -32.873  58.547 0.0000000000
59014  -32.982  -32.641  54.971 0.0000000000
58953  -31.664  -30.445  57.921 0.0000000000
62400  -31.600  -28.273  56.586 0.0000000000
43630  -30.133  -43.006  51.257 0.0000000000
42594  -29.073  -43.390  47.975 0.0000000000
41327  -27.200  -44.180  48.906 0.0000000000
83800  -54.238  -7.503  40.953 0.0000000000
86028  -54.745  -6.155  39.601 0.0000000000
49399  -9.530  -40.217  60.802 0.0000000000
45833  -8.509  -43.286  59.395 0.0000000000
44659  -7.862  -43.361  60.264 0.0000000000
71049  -48.776  -20.459  45.097 0.0000000000
67618  -44.232  -21.861  43.609 0.0000000000
69902  -46.048  -20.741  42.698 0.0000000000
72177  -47.992  -19.286  43.144 0.0000000000
37172  -17.715  -46.899  61.177 0.0000000000
37181  -19.150  -46.627  59.970 0.0000000000
51717  -12.473  -37.519  55.282 0.0000000000
52865  -10.706  -36.133  54.152 0.0000000000
49464  -11.933  -38.652  54.111 0.0000000000
47152  -6.517  -41.915  49.297 0.0000000000
47167  -9.259  -41.044  48.770 0.0000000000
49577  -5.970  -39.914  46.834 0.0000000000
43563  -12.212  -44.126  62.288 0.0000000000
33247  -8.935  -51.707  59.747 0.0000000000
37160  -8.859  -48.213  60.210 0.0000000000
35848  -7.009  -50.674  59.525 0.0000000000
37186  -4.837  -49.477  58.127 0.0000000000
33282  -5.185  -52.446  57.310 0.0000000000
56841  -34.907  -34.151  57.969 0.0000000000
42467  -31.920  -43.023  51.581 0.0000000000
41223  -32.823  -43.484  51.597 0.0000000000
41332  -31.067  -44.413  48.503 0.0000000000
84873  -55.540  -7.640  45.251 0.0000000000
83775  -53.405  -8.867  42.722 0.0000000000
68757  -44.683  -22.842  46.889 0.0000000000
67579  -41.842  -22.139  45.767 0.0000000000
42532  -22.122  -43.560  49.776 0.0000000000
41259  -21.460  -44.522  51.191 0.0000000000
52893  -5.838  -35.845  53.565 0.0000000000
47057  -11.386  -42.735  56.875 0.0000000000
45884  -12.403  -42.280  54.032 0.0000000000
45881  -9.919  -44.133  53.828 0.0000000000
47124  -6.772  -42.919  51.270 0.0000000000
43695  -7.058  -43.990  47.335 0.0000000000
38489  -15.378  -47.089  62.334 0.0000000000
38486  -13.150  -46.403  61.985 0.0000000000
34511  -12.345  -49.701  61.061 0.0000000000
31946  -10.709  -52.234  59.364 0.0000000000
63658  -35.928  -26.358  54.850 0.0000000000
62451  -32.444  -26.983  53.930 0.0000000000
39929  -26.137  -45.241  51.627 0.0000000000
39932  -28.871  -45.049  50.458 0.0000000000
39980  -26.192  -45.268  50.337 0.0000000000
41299  -24.508  -44.500  49.916 0.0000000000
51695  -12.765  -37.524  57.270 0.0000000000
51688  -12.414  -37.761  59.316 0.0000000000
49421  -11.806  -39.504  58.429 0.0000000000
47047  -10.350  -42.657  58.561 0.0000000000
43585  -8.106  -45.593  56.500 0.0000000000
42440  -4.520  -46.215  55.110 0.0000000000
76232  -51.172  -15.636  47.014 0.0000000000
74253  -48.499  -17.292  44.349 0.0000000000
37157  -16.844  -47.127  62.187 0.0000000000
35849  -14.931  -48.635  59.547 0.0000000000
35881  -12.955  -49.194  56.759 0.0000000000
39902  -20.912  -45.118  53.196 0.0000000000
38575  -20.263  -45.880  55.784 0.0000000000
38542  -19.747  -46.422  57.665 0.0000000000
38554  -17.051  -46.251  57.402 0.0000000000
37236  -13.633  -47.658  54.890 0.0000000000
54978  -9.324  -34.364  54.672 0.0000000000
51713  -7.983  -36.157  54.369 0.0000000000
50692  -8.327  -38.416  50.939 0.0000000000
47109  -12.259  -41.096  52.303 0.0000000000
50695  -11.173  -38.724  49.783 0.0000000000
52934  -9.103  -36.650  48.630 0.0000000000
45787  -9.299  -42.452  62.584 0.0000000000
39823  -10.430  -46.347  62.259 0.0000000000
41167  -8.760  -45.150  61.672 0.0000000000
43569  -7.950  -44.438  61.222 0.0000000000
41187  -7.006  -47.316  58.933 0.0000000000
39862  -4.502  -47.805  56.609 0.0000000000
37257  -4.690  -49.723  53.111 0.0000000000
27896  -5.977  -55.920  54.606 0.0000000000
30676  -5.473  -54.399  53.297 0.0000000000
34650  -7.433  -51.664  50.741 0.0000000000
49418  -35.022  -38.769  58.987 0.0000000000
47009  -35.217  -40.302  60.403 0.0000000000
48265  -36.395  -40.272  55.997 0.0000000000
50601  -35.680  -38.493  57.158 0.0000000000
45875  -35.823  -41.566  54.871 0.0000000000
47086  -35.811  -41.098  54.460 0.0000000000
45840  -35.159  -41.187  57.634 0.0000000000
43617  -35.550  -42.172  55.273 0.0000000000
79527  -52.240  -11.918  47.190 0.0000000000
78475  -50.742  -13.751  46.587 0.0000000000
78496  -49.746  -13.007  44.893 0.0000000000
79533  -51.264  -12.089  45.838 0.0000000000
80537  -51.882  -11.543  45.977 0.0000000000
63748  -38.465  -24.752  51.305 0.0000000000
63729  -40.317  -24.622  51.921 0.0000000000
63685  -38.792  -25.292  53.296 0.0000000000
63744  -35.405  -25.383  50.581 0.0000000000
63765  -36.905  -25.152  50.263 0.0000000000
65042  -37.990  -24.460  49.508 0.0000000000
39919  -4.243  -47.171  51.809 0.0000000000
41226  -4.977  -46.109  51.638 0.0000000000
38650  -5.227  -47.709  51.325 0.0000000000
37322  -7.588  -48.572  49.972 0.0000000000
37281  -6.879  -49.170  51.307 0.0000000000
34578  -12.068  -50.491  56.566 0.0000000000
33283  -11.606  -51.276  57.358 0.0000000000
57848  -32.499  -31.477  60.737 0.0000000000
58954  -32.070  -31.366  58.437 0.0000000000
58928  -32.126  -30.500  60.609 0.0000000000
61156  -31.972  -28.627  59.434 0.0000000000
84896  -55.653  -6.822  42.683 0.0000000000
84919  -54.770  -6.675  40.521 0.0000000000
86016  -56.477  -5.705  41.639 0.0000000000
49388  -9.012  -40.984  60.855 0.0000000000
48214  -8.591  -41.396  60.083 0.0000000000
47011  -8.000  -42.425  60.756 0.0000000000
69876  -48.012  -21.086  45.081 0.0000000000
68762  -49.351  -21.168  46.984 0.0000000000
68785  -45.232  -21.726  44.920 0.0000000000
67636  -45.125  -21.332  43.033 0.0000000000
68786  -46.811  -21.410  44.645 0.0000000000
69894  -47.524  -20.587  43.651 0.0000000000
38514  -19.889  -46.317  61.093 0.0000000000
38519  -19.944  -46.338  60.270 0.0000000000
38643  -24.424  -45.469  52.164 0.0000000000
39926  -23.516  -45.212  51.951 0.0000000000
54999  -7.123  -34.085  52.207 0.0000000000
50602  -12.674  -38.458  56.169 0.0000000000
50633  -12.141  -37.980  54.542 0.0000000000
49446  -12.362  -39.168  54.957 0.0000000000
45958  -5.956  -42.217  47.476 0.0000000000
48348  -6.479  -41.335  48.134 0.0000000000
45991  -5.579  -41.706  46.085 0.0000000000
45793  -14.384  -42.610  63.178 0.0000000000
42407  -14.059  -44.450  62.461 0.0000000000
31951  -8.144  -52.088  58.838 0.0000000000
34533  -8.070  -51.227  59.210 0.0000000000
33261  -6.823  -51.830  58.929 0.0000000000
34550  -5.680  -51.335  58.450 0.0000000000
31972  -5.778  -52.989  57.743 0.0000000000
53910  -35.637  -36.059  58.702 0.0000000000
54928  -35.420  -35.609  57.794 0.0000000000
54917  -34.741  -34.472  59.478 0.0000000000
55852  -34.074  -33.718  59.671 0.0000000000
42516  -34.072  -44.613  50.137 0.0000000000
41284  -33.284  -44.939  49.990 0.0000000000
42554  -32.379  -44.166  49.035 0.0000000000
43704  -30.699  -43.981  47.708 0.0000000000
83740  -55.144  -8.628  45.961 0.0000000000
82659  -53.167  -9.960  44.697 0.0000000000
82689  -52.365  -9.544  43.031 0.0000000000
82660  -53.864  -9.269  44.686 0.0000000000
83765  -54.412  -8.512  44.264 0.0000000000
68744  -43.579  -22.714  47.755 0.0000000000
67526  -44.918  -23.315  48.567 0.0000000000
67507  -43.566  -23.401  49.353 0.0000000000
67542  -41.119  -23.177  47.973 0.0000000000
67559  -39.575  -22.709  46.730 0.0000000000
68754  -41.971  -22.663  47.351 0.0000000000
68769  -43.294  -22.383  46.571 0.0000000000
54920  -5.573  -33.923  57.953 0.0000000000
54974  -5.240  -34.551  54.892 0.0000000000
53938  -6.169  -35.440  55.201 0.0000000000
44698  -10.632  -44.231  56.176 0.0000000000
45868  -10.879  -44.110  55.355 0.0000000000
45866  -8.843  -44.652  54.160 0.0000000000
41273  -4.944  -45.494  50.206 0.0000000000
47104  -6.353  -43.714  51.886 0.0000000000
43652  -4.961  -44.614  49.693 0.0000000000
43665  -5.454  -44.346  49.017 0.0000000000
42542  -7.082  -44.998  47.934 0.0000000000
42544  -8.472  -45.952  47.915 0.0000000000
35816  -15.096  -48.377  62.094 0.0000000000
35814  -13.735  -48.572  61.707 0.0000000000
34513  -13.536  -49.554  61.095 0.0000000000
30618  -11.007  -52.570  58.056 0.0000000000
31953  -11.432  -52.162  59.064 0.0000000000
30607  -10.809  -52.592  58.520 0.0000000000
30599  -9.931  -52.614  58.767 0.0000000000
62417  -35.492  -26.278  55.820 0.0000000000
62389  -33.028  -27.203  57.258 0.0000000000
62430  -32.480  -27.256  54.876 0.0000000000
63639  -34.065  -26.237  56.015 0.0000000000
62453  -34.688  -26.366  54.130 0.0000000000
41218  -27.298  -44.536  52.273 0.0000000000
39897  -26.362  -45.360  52.903 0.0000000000
39908  -26.635  -45.218  52.101 0.0000000000
41234  -31.162  -44.453  51.200 0.0000000000
41233  -30.073  -44.342  51.146 0.0000000000
39958  -29.397  -45.280  50.044 0.0000000000
41347  -26.488  -43.699  48.395 0.0000000000
40001  -26.755  -45.213  49.681 0.0000000000
41300  -25.491  -44.581  49.514 0.0000000000
39999  -25.095  -44.706  50.153 0.0000000000
41325  -25.158  -44.234  49.123 0.0000000000
41323  -23.874  -43.750  49.402 0.0000000000
50580  -10.702  -39.509  60.379 0.0000000000
50581  -11.719  -38.767  59.938 0.0000000000
50587  -12.141  -38.528  58.863 0.0000000000
49420  -10.898  -40.186  59.336 0.0000000000
47039  -11.053  -41.522  58.848 0.0000000000
47038  -10.561  -41.835  59.111 0.0000000000
44673  -8.370  -44.062  59.255 0.0000000000
43582  -8.852  -44.640  58.170 0.0000000000
42429  -7.672  -46.010  56.979 0.0000000000
42434  -7.182  -45.803  55.851 0.0000000000
42432  -5.734  -46.453  56.042 0.0000000000
75221  -50.815  -17.128  46.307 0.0000000000
75191  -51.736  -16.395  47.743 0.0000000000
74218  -51.964  -17.359  47.683 0.0000000000
73268  -49.139  -18.914  43.964 0.0000000000
74272  -47.865  -18.179  43.318 0.0000000000
73249  -49.419  -17.801  45.191 0.0000000000
76265  -49.963  -16.187  45.155 0.0000000000
41150  -18.600  -45.152  63.606 0.0000000000
35851  -16.824  -47.644  60.017 0.0000000000
35840  -16.818  -48.130  60.635 0.0000000000
35857  -15.950  -47.858  59.438 0.0000000000
35868  -14.257  -48.982  58.338 0.0000000000
35883  -14.634  -48.519  58.054 0.0000000000
41243  -20.372  -44.399  51.764 0.0000000000
39923  -21.246  -44.698  52.350 0.0000000000
39922  -20.570  -44.707  52.707 0.0000000000
39890  -18.536  -45.040  54.624 0.0000000000
39891  -19.515  -44.956  54.263 0.0000000000
39872  -19.411  -45.754  55.627 0.0000000000
38557  -20.482  -46.148  56.784 0.0000000000
38574  -18.985  -46.095  56.353 0.0000000000
38541  -18.708  -46.455  57.914 0.0000000000
38573  -17.792  -45.841  56.665 0.0000000000
38590  -14.514  -46.768  55.027 0.0000000000
54979  -10.392  -34.553  54.505 0.0000000000
50631  -10.614  -37.354  53.875 0.0000000000
51736  -9.275  -36.290  54.229 0.0000000000
49461  -9.834  -37.658  53.414 0.0000000000
49503  -8.614  -38.363  52.515 0.0000000000
49504  -9.670  -38.675  52.613 0.0000000000
45896  -11.163  -43.350  53.118 0.0000000000
45898  -12.424  -41.894  53.207 0.0000000000
45922  -10.602  -42.381  51.540 0.0000000000
49581  -8.970  -39.384  47.818 0.0000000000
48354  -10.577  -40.393  49.285 0.0000000000
50722  -9.997  -38.509  48.110 0.0000000000
51811  -9.712  -37.329  49.118 0.0000000000
52958  -8.570  -37.032  47.400 0.0000000000
54034  -7.334  -35.982  46.899 0.0000000000
44643  -9.400  -43.197  62.588 0.0000000000
37150  -11.156  -48.100  61.628 0.0000000000
39824  -11.263  -46.607  62.426 0.0000000000
38508  -10.176  -47.849  61.362 0.0000000000
38512  -8.134  -47.795  59.953 0.0000000000
39830  -8.790  -46.232  61.231 0.0000000000
39834  -8.169  -46.552  60.542 0.0000000000
42412  -8.157  -44.988  61.428 0.0000000000
41177  -8.014  -45.666  60.508 0.0000000000
42417  -7.829  -45.817  60.371 0.0000000000
39843  -6.887  -47.165  60.019 0.0000000000
35880  -4.524  -50.445  56.451 0.0000000000
38539  -4.618  -48.592  57.189 0.0000000000
37220  -4.106  -49.342  55.721 0.0000000000
38568  -3.891  -48.553  55.439 0.0000000000
37234  -4.030  -49.687  54.666 0.0000000000
27905  -5.893  -56.047  53.729 0.0000000000
30664  -5.149  -54.592  54.118 0.0000000000
53894  -35.178  -35.907  60.227 0.0000000000
50650  -35.843  -39.237  53.517 0.0000000000
51750  -36.135  -37.724  54.668 0.0000000000
50622  -36.527  -38.441  55.546 0.0000000000
52825  -35.504  -36.977  58.584 0.0000000000
43657  -34.542  -43.812  50.173 0.0000000000
44747  -35.153  -42.153  51.076 0.0000000000
47130  -35.784  -41.000  52.391 0.0000000000
43633  -35.391  -42.574  53.158 0.0000000000
81549  -53.951  -9.914  46.701 0.0000000000
79546  -48.973  -12.065  42.547 0.0000000000
80561  -49.920  -11.274  42.524 0.0000000000
81585  -50.660  -10.593  41.616 0.0000000000
81561  -51.355  -10.527  43.837 0.0000000000
81553  -52.775  -10.439  45.371 0.0000000000
66276  -41.207  -23.728  49.308 0.0000000000
66259  -42.395  -23.951  50.327 0.0000000000
63751  -41.555  -24.541  51.197 0.0000000000
64978  -41.960  -24.515  53.019 0.0000000000
63742  -33.115  -26.203  51.190 0.0000000000
63763  -34.727  -25.201  49.783 0.0000000000
65041  -35.480  -24.852  48.693 0.0000000000
141903  -36.697  -24.171  47.846 0.0000000000
65069  -37.292  -23.667  46.620 0.0000000000
66273  -37.715  -24.346  48.753 0.0000000000
66274  -39.236  -23.804  49.215 0.0000000000
44707  -6.939  -45.114  54.125 0.0000000000
45865  -7.938  -44.723  53.812 0.0000000000
45876  -6.301  -45.114  52.990 0.0000000000
42481  -4.921  -45.741  51.465 0.0000000000
39995  -6.537  -46.630  50.290 0.0000000000
40017  -8.715  -47.262  48.377 0.0000000000
38684  -7.671  -47.631  49.531 0.0000000000
37324  -9.300  -49.484  48.494 0.0000000000
33275  -13.228  -49.832  58.851 0.0000000000
33255  -12.637  -50.172  59.302 0.0000000000
31990  -11.824  -51.087  58.264 0.0000000000
63582  -34.573  -26.484  59.042 0.0000000000
57887  -33.928  -33.716  56.735 0.0000000000
57915  -33.795  -33.797  55.239 0.0000000000
58982  -32.416  -32.543  56.431 0.0000000000
58981  -32.194  -31.687  56.341 0.0000000000
58979  -31.472  -30.315  55.919 0.0000000000
61182  -31.479  -28.951  58.047 0.0000000000
62365  -32.461  -27.714  58.982 0.0000000000
41219  -28.426  -44.083  51.453 0.0000000000
41330  -29.605  -44.353  48.860 0.0000000000
40004  -29.002  -45.063  49.326 0.0000000000
41349  -27.911  -43.860  48.588 0.0000000000
42571  -26.824  -43.560  48.073 0.0000000000
84927  -53.565  -7.461  38.933 0.0000000000
84940  -54.074  -6.890  38.483 0.0000000000
86066  -54.218  -6.072  37.242 0.0000000000
87165  -54.653  -5.480  36.997 0.0000000000
49411  -9.980  -40.157  59.984 0.0000000000
48229  -9.819  -41.064  59.536 0.0000000000
48227  -8.639  -41.638  59.933 0.0000000000
45832  -8.130  -43.207  59.693 0.0000000000
43579  -8.349  -45.032  59.200 0.0000000000
72152  -49.644  -19.202  45.274 0.0000000000
71036  -50.298  -20.302  46.853 0.0000000000
68818  -44.908  -21.182  41.955 0.0000000000
71096  -45.883  -20.231  41.873 0.0000000000
72194  -46.304  -19.326  41.612 0.0000000000
71065  -47.514  -20.058  43.159 0.0000000000
71059  -49.101  -19.785  44.062 0.0000000000
41141  -19.428  -45.149  64.475 0.0000000000
39827  -19.409  -45.851  62.242 0.0000000000
37180  -18.073  -46.752  60.161 0.0000000000
37189  -17.226  -47.050  59.588 0.0000000000
42462  -17.181  -44.328  53.416 0.0000000000
39879  -16.541  -45.631  55.406 0.0000000000
53958  -12.536  -35.693  55.003 0.0000000000
53956  -11.039  -35.395  54.272 0.0000000000
51739  -12.134  -37.081  54.485 0.0000000000
50632  -11.352  -37.665  53.980 0.0000000000
48279  -11.598  -38.884  53.605 0.0000000000
47140  -7.909  -42.379  50.446 0.0000000000
47142  -9.512  -42.027  50.121 0.0000000000
48351  -7.758  -41.530  49.404 0.0000000000
48364  -7.040  -40.691  48.211 0.0000000000
49565  -6.690  -39.085  48.066 0.0000000000
46970  -14.925  -41.133  64.842 0.0000000000
44647  -12.965  -42.934  62.554 0.0000000000
43562  -11.069  -43.945  62.735 0.0000000000
34518  -9.520  -50.598  60.154 0.0000000000
35819  -9.722  -48.900  60.816 0.0000000000
34517  -8.966  -50.196  59.780 0.0000000000
35837  -8.058  -49.684  59.064 0.0000000000
37179  -7.166  -48.883  59.249 0.0000000000
38522  -6.489  -48.324  59.677 0.0000000000
35854  -5.456  -50.344  58.766 0.0000000000
34563  -4.586  -51.456  57.103 0.0000000000
34577  -4.648  -51.537  56.055 0.0000000000
54986  -35.089  -35.729  54.517 0.0000000000
52855  -36.089  -37.031  55.215 0.0000000000
54953  -35.302  -35.476  56.426 0.0000000000
56851  -34.452  -34.179  56.982 0.0000000000
56839  -33.951  -33.486  58.554 0.0000000000
57862  -33.019  -32.524  59.657 0.0000000000
39935  -31.737  -45.137  50.652 0.0000000000
42470  -33.939  -42.980  52.105 0.0000000000
41245  -32.686  -44.910  50.677 0.0000000000
40006  -30.380  -44.644  49.295 0.0000000000
42575  -30.015  -44.217  47.989 0.0000000000
82714  -52.069  -9.462  40.755 0.0000000000
83799  -53.376  -8.134  40.818 0.0000000000
84895  -54.769  -7.524  42.850 0.0000000000
68758  -45.431  -22.775  46.751 0.0000000000
68746  -46.841  -22.959  47.725 0.0000000000
67547  -46.157  -23.232  47.881 0.0000000000
67558  -38.553  -23.135  46.535 0.0000000000
67600  -42.703  -21.919  44.692 0.0000000000
68783  -44.203  -22.176  45.611 0.0000000000
41279  -22.429  -44.351  50.569 0.0000000000
39976  -22.661  -44.773  51.118 0.0000000000
41278  -21.047  -44.174  50.762 0.0000000000
41277  -20.621  -44.051  50.600 0.0000000000
54991  -6.110  -34.395  53.497 0.0000000000
53984  -6.566  -35.294  52.594 0.0000000000
47050  -12.487  -40.757  56.930 0.0000000000
47068  -12.669  -41.602  55.120 0.0000000000
45869  -11.825  -43.185  55.261 0.0000000000
45882  -10.972  -43.667  54.125 0.0000000000
45895  -10.015  -43.573  53.026 0.0000000000
45879  -8.022  -44.285  53.034 0.0000000000
47090  -7.596  -43.349  52.235 0.0000000000
47107  -7.545  -42.712  51.829 0.0000000000
47138  -6.852  -42.507  50.001 0.0000000000
41145  -13.829  -45.827  61.934 0.0000000000
38488  -14.423  -47.138  62.168 0.0000000000
37152  -12.886  -47.861  61.836 0.0000000000
34510  -11.523  -49.854  60.882 0.0000000000
33249  -12.702  -50.478  60.148 0.0000000000
33241  -11.590  -51.160  60.474 0.0000000000
34520  -10.915  -50.480  60.663 0.0000000000
31938  -9.905  -51.995  59.750 0.0000000000
30592  -9.305  -52.409  59.106 0.0000000000
29225  -8.395  -53.446  57.725 0.0000000000
63682  -36.421  -25.793  54.126 0.0000000000
62455  -37.747  -26.365  54.335 0.0000000000
62435  -37.406  -26.507  54.962 0.0000000000
56914  -33.739  -33.876  53.156 0.0000000000
62477  -32.568  -26.755  51.792 0.0000000000
63701  -34.842  -26.120  52.891 0.0000000000
39907  -25.808  -45.401  52.445 0.0000000000
39953  -24.761  -44.988  51.294 0.0000000000
42466  -30.618  -43.287  51.209 0.0000000000
41220  -29.649  -43.975  51.266 0.0000000000
39910  -28.314  -44.584  50.981 0.0000000000
39982  -28.234  -45.264  49.786 0.0000000000
39956  -27.570  -45.317  50.458 0.0000000000
39930  -27.034  -45.167  51.248 0.0000000000
39954  -25.674  -45.095  51.125 0.0000000000
39979  -25.318  -44.888  50.608 0.0000000000
39978  -24.381  -44.754  50.654 0.0000000000
41298  -23.511  -44.035  49.862 0.0000000000
88273  -55.205  -4.720  35.900 0.0000000000
88274  -55.936  -4.016  35.553 0.0000000000
89369  -56.268  -3.400  34.756 0.0000000000
51700  -12.758  -37.495  56.278 0.0000000000
50594  -12.499  -38.338  57.062 0.0000000000
51689  -12.617  -37.563  58.310 0.0000000000
50588  -12.552  -38.415  57.978 0.0000000000
48244  -12.299  -40.374  57.329 0.0000000000
47048  -11.247  -42.071  57.891 0.0000000000
45845  -10.686  -43.129  57.844 0.0000000000
44685  -10.192  -44.032  57.483 0.0000000000
45843  -9.508  -43.493  58.727 0.0000000000
44684  -9.663  -44.391  57.520 0.0000000000
43595  -8.286  -45.394  55.718 0.0000000000
43608  -6.622  -45.320  54.565 0.0000000000
42451  -4.509  -45.673  54.170 0.0000000000
39899  -3.972  -47.437  52.758 0.0000000000
77301  -51.337  -14.380  47.410 0.0000000000
73278  -47.164  -18.420  42.426 0.0000000000
75262  -47.184  -16.753  41.892 0.0000000000
75252  -47.667  -15.801  43.138 0.0000000000
76263  -48.954  -15.488  44.552 0.0000000000
76250  -49.944  -15.644  45.607 0.0000000000
37156  -15.776  -47.725  62.269 0.0000000000
34515  -15.323  -49.001  61.445 0.0000000000
37165  -17.300  -47.175  61.723 0.0000000000
34525  -16.327  -49.259  61.139 0.0000000000
34535  -15.106  -48.898  60.313 0.0000000000
34579  -12.736  -49.753  57.279 0.0000000000
39924  -22.057  -44.648  52.273 0.0000000000
38624  -22.112  -45.289  53.223 0.0000000000
38608  -22.171  -45.532  53.854 0.0000000000
39901  -20.215  -44.828  53.435 0.0000000000
39883  -20.800  -45.257  54.571 0.0000000000
38576  -21.263  -45.834  55.805 0.0000000000
38558  -21.230  -46.074  56.717 0.0000000000
38544  -21.094  -46.153  57.480 0.0000000000
38528  -20.271  -46.322  58.786 0.0000000000
37191  -19.775  -46.418  58.707 0.0000000000
37198  -17.913  -46.709  58.705 0.0000000000
37211  -16.410  -47.058  57.838 0.0000000000
39868  -15.790  -46.393  55.857 0.0000000000
38553  -16.031  -46.997  57.054 0.0000000000
37210  -15.019  -47.775  57.731 0.0000000000
37222  -13.802  -48.156  56.350 0.0000000000
54961  -7.959  -34.035  55.596 0.0000000000
53955  -10.017  -35.262  54.411 0.0000000000
52863  -8.575  -35.673  54.456 0.0000000000
53939  -6.872  -35.266  55.304 0.0000000000
50627  -7.265  -36.932  53.726 0.0000000000
50690  -8.121  -37.492  51.882 0.0000000000
52908  -7.714  -36.169  51.471 0.0000000000
47079  -12.468  -41.314  53.813 0.0000000000
48289  -12.418  -40.586  53.114 0.0000000000
48306  -11.762  -40.101  52.274 0.0000000000
47143  -10.681  -41.688  50.578 0.0000000000
48323  -11.252  -40.117  51.116 0.0000000000
49524  -11.226  -39.099  51.633 0.0000000000
50693  -9.432  -38.336  50.604 0.0000000000
52921  -8.546  -36.561  50.282 0.0000000000
54003  -8.139  -35.779  50.265 0.0000000000
54025  -7.499  -35.267  47.952 0.0000000000
41158  -12.303  -45.534  62.671 0.0000000000
42395  -11.649  -45.150  62.732 0.0000000000
43549  -10.425  -44.556  62.688 0.0000000000
39831  -9.309  -46.610  61.492 0.0000000000
41155  -9.468  -45.190  62.098 0.0000000000
43548  -9.692  -44.434  62.442 0.0000000000
44634  -8.752  -43.861  62.374 0.0000000000
44640  -7.949  -43.763  61.994 0.0000000000
45800  -7.919  -42.985  61.348 0.0000000000
44658  -8.000  -43.892  60.530 0.0000000000
42420  -7.820  -46.148  59.689 0.0000000000
42424  -7.482  -46.650  58.496 0.0000000000
38533  -5.397  -48.596  58.574 0.0000000000
39857  -5.561  -47.822  57.756 0.0000000000
41194  -5.452  -47.134  56.542 0.0000000000
39867  -4.686  -47.260  55.990 0.0000000000
39876  -3.947  -47.733  54.886 0.0000000000
38621  -4.544  -48.759  52.829 0.0000000000
27862  -7.023  -54.797  55.987 0.0000000000
27888  -6.616  -55.789  55.045 0.0000000000
29248  -6.199  -54.830  56.741 0.0000000000
32001  -5.317  -54.036  56.408 0.0000000000
33305  -5.129  -53.058  55.200 0.0000000000
33326  -4.879  -52.579  53.859 0.0000000000
32070  -5.757  -53.693  52.058 0.0000000000
34610  -4.816  -51.646  53.653 0.0000000000
34637  -6.012  -51.592  52.601 0.0000000000
35949  -6.447  -50.361  52.262 0.0000000000
35973  -6.676  -49.649  51.750 0.0000000000
35976  -7.821  -51.231  50.313 0.0000000000
34680  -8.397  -52.251  48.319 0.0000000000
48226  -35.193  -39.699  58.528 0.0000000000
48212  -35.145  -39.489  59.424 0.0000000000
47034  -34.991  -39.939  58.719 0.0000000000
48254  -35.749  -40.085  56.780 0.0000000000
49435  -35.610  -39.254  57.430 0.0000000000
47066  -36.053  -40.870  56.223 0.0000000000
47075  -36.061  -41.039  55.117 0.0000000000
45841  -35.296  -40.968  57.379 0.0000000000
45852  -35.642  -41.166  56.515 0.0000000000
47033  -34.894  -39.668  58.852 0.0000000000
79516  -51.979  -12.595  47.356 0.0000000000
79517  -52.612  -12.325  47.883 0.0000000000
78488  -51.185  -12.883  46.276 0.0000000000
79526  -51.734  -12.184  46.626 0.0000000000
63726  -37.757  -25.441  51.840 0.0000000000
63727  -38.485  -25.180  51.956 0.0000000000
63705  -38.314  -25.357  52.674 0.0000000000
63725  -36.954  -25.547  51.752 0.0000000000
63745  -36.417  -25.358  50.758 0.0000000000
63746  -37.307  -25.246  50.869 0.0000000000
38637  -4.043  -47.779  52.179 0.0000000000
37297  -6.560  -48.262  51.098 0.0000000000
37280  -5.918  -48.764  51.572 0.0000000000
33307  -11.446  -51.146  55.858 0.0000000000
58942  -32.228  -31.161  60.448 0.0000000000
49374  -8.932  -40.999  61.189 0.0000000000
48191  -8.610  -41.394  60.922 0.0000000000
46984  -8.362  -41.639  61.348 0.0000000000
68774  -47.494  -21.457  45.416 0.0000000000
69867  -48.316  -21.369  45.951 0.0000000000
68760  -47.686  -22.020  46.614 0.0000000000
67604  -46.030  -21.347  44.366 0.0000000000
68787  -47.485  -21.232  44.650 0.0000000000
39837  -20.931  -45.602  61.449 0.0000000000
38520  -20.470  -45.954  60.568 0.0000000000
38521  -20.839  -45.679  60.648 0.0000000000
39927  -24.273  -45.350  51.807 0.0000000000
38642  -23.963  -45.494  52.299 0.0000000000
55937  -7.655  -33.375  51.875 0.0000000000
49436  -12.554  -39.358  55.960 0.0000000000
45990  -5.886  -42.209  46.660 0.0000000000
42398  -14.833  -44.727  62.412 0.0000000000
30604  -8.038  -52.694  58.166 0.0000000000
31950  -7.520  -52.046  58.803 0.0000000000
30603  -7.278  -52.655  57.868 0.0000000000
31973  -6.567  -52.733  57.937 0.0000000000
31987  -6.181  -53.488  57.658 0.0000000000
54910  -34.900  -34.918  59.942 0.0000000000
54918  -35.479  -34.909  59.128 0.0000000000
54909  -34.336  -34.381  59.992 0.0000000000
42555  -33.192  -43.941  49.406 0.0000000000
42534  -33.078  -44.621  49.382 0.0000000000
43687  -32.287  -43.817  48.502 0.0000000000
83739  -54.708  -9.003  45.706 0.0000000000
82640  -53.685  -9.699  45.202 0.0000000000
83752  -54.531  -8.829  45.285 0.0000000000
68727  -43.060  -22.868  48.347 0.0000000000
67525  -43.753  -23.060  48.498 0.0000000000
67543  -42.012  -23.186  48.237 0.0000000000
68741  -41.440  -23.011  47.794 0.0000000000
67544  -42.410  -23.048  48.283 0.0000000000
68743  -42.597  -22.761  48.006 0.0000000000
55869  -6.648  -33.468  57.708 0.0000000000
54931  -5.910  -33.884  57.382 0.0000000000
54944  -5.583  -34.218  56.649 0.0000000000
53925  -6.206  -34.789  55.920 0.0000000000
44710  -9.557  -44.780  55.347 0.0000000000
44711  -10.241  -44.527  55.641 0.0000000000
41292  -6.027  -45.833  49.978 0.0000000000
43641  -5.073  -44.754  50.370 0.0000000000
42524  -5.389  -45.142  49.393 0.0000000000
42525  -6.080  -45.110  49.136 0.0000000000
42526  -6.931  -45.219  48.572 0.0000000000
42543  -7.786  -45.357  47.867 0.0000000000
41294  -7.425  -45.938  48.886 0.0000000000
34514  -14.487  -49.169  61.289 0.0000000000
35825  -14.402  -48.926  61.641 0.0000000000
33245  -13.927  -49.546  60.533 0.0000000000
30608  -11.053  -52.465  58.479 0.0000000000
63622  -35.581  -26.337  56.592 0.0000000000
63623  -36.232  -26.327  56.972 0.0000000000
63594  -35.411  -26.462  58.271 0.0000000000
55932  -34.567  -35.111  54.046 0.0000000000
63620  -33.671  -26.532  56.343 0.0000000000
63640  -34.899  -26.323  56.074 0.0000000000
39898  -26.943  -45.066  52.472 0.0000000000
39934  -30.840  -45.164  50.490 0.0000000000
39912  -30.461  -44.807  50.806 0.0000000000
41326  -26.155  -44.047  48.823 0.0000000000
42550  -25.002  -43.828  48.773 0.0000000000
42569  -24.819  -43.346  48.489 0.0000000000
49412  -11.156  -39.584  59.577 0.0000000000
48230  -10.773  -40.949  59.239 0.0000000000
43581  -8.533  -45.140  58.095 0.0000000000
42428  -7.195  -46.718  57.272 0.0000000000
74242  -50.436  -17.598  45.821 0.0000000000
74229  -51.304  -17.665  46.902 0.0000000000
74243  -50.918  -17.853  46.293 0.0000000000
73250  -49.919  -18.375  45.511 0.0000000000
73261  -49.000  -18.199  44.650 0.0000000000
74241  -49.790  -17.267  45.379 0.0000000000
35858  -16.603  -47.493  59.739 0.0000000000
35869  -15.246  -48.085  58.675 0.0000000000
42496  -19.719  -43.896  51.028 0.0000000000
39881  -19.022  -45.273  55.157 0.0000000000
39871  -18.426  -45.841  55.804 0.0000000000
39870  -17.262  -45.811  55.976 0.0000000000
54980  -11.366  -34.590  54.525 0.0000000000
48278  -10.923  -38.222  53.357 0.0000000000
49462  -10.358  -37.541  53.602 0.0000000000
48286  -10.438  -38.265  53.127 0.0000000000
45906  -10.291  -42.999  52.296 0.0000000000
45907  -11.271  -42.701  52.367 0.0000000000
49580  -7.794  -39.136  47.767 0.0000000000
50735  -8.471  -38.390  47.463 0.0000000000
51834  -8.963  -37.545  47.492 0.0000000000
51833  -8.191  -37.521  47.201 0.0000000000
52956  -7.335  -36.751  46.880 0.0000000000
50745  -7.216  -37.695  46.909 0.0000000000
45790  -11.356  -42.129  62.891 0.0000000000
44644  -10.035  -43.122  62.776 0.0000000000
37149  -10.488  -48.077  61.426 0.0000000000
38518  -7.548  -48.107  59.743 0.0000000000
39840  -7.714  -47.180  60.274 0.0000000000
41178  -8.034  -46.214  60.436 0.0000000000
39839  -7.554  -46.645  60.249 0.0000000000
41181  -7.532  -46.189  60.208 0.0000000000
37208  -4.583  -49.444  56.806 0.0000000000
35904  -4.366  -50.852  54.304 0.0000000000
25386  -6.015  -58.087  51.593 0.0000000000
26601  -6.059  -57.038  53.200 0.0000000000
26610  -6.081  -57.181  52.162 0.0000000000
52809  -35.292  -36.772  60.017 0.0000000000
49493  -36.001  -39.733  54.161 0.0000000000
49492  -36.372  -38.969  54.480 0.0000000000
49472  -36.672  -39.163  54.889 0.0000000000
51687  -35.642  -37.782  58.660 0.0000000000
51694  -35.667  -37.739  57.895 0.0000000000
52817  -35.493  -37.333  58.990 0.0000000000
52816  -35.448  -36.738  59.387 0.0000000000
44740  -35.054  -42.744  51.305 0.0000000000
44746  -34.931  -42.580  50.872 0.0000000000
44741  -35.334  -42.384  51.876 0.0000000000
48285  -36.062  -40.515  54.640 0.0000000000
47100  -36.048  -41.277  53.545 0.0000000000
48317  -35.814  -40.526  53.332 0.0000000000
48316  -35.734  -40.191  52.877 0.0000000000
44722  -36.136  -42.292  54.131 0.0000000000
43625  -35.802  -42.412  54.395 0.0000000000
43637  -35.619  -42.354  53.130 0.0000000000
42489  -35.100  -43.620  50.863 0.0000000000
81548  -53.272  -10.429  46.479 0.0000000000
81542  -54.311  -9.951  47.533 0.0000000000
81541  -53.595  -10.478  47.337 0.0000000000
76274  -48.335  -14.532  43.478 0.0000000000
76285  -48.180  -14.350  43.143 0.0000000000
77326  -48.584  -14.188  44.025 0.0000000000
79538  -49.834  -11.976  44.508 0.0000000000
79537  -49.389  -12.306  43.951 0.0000000000
79542  -49.576  -11.739  43.498 0.0000000000
79547  -49.489  -11.894  42.996 0.0000000000
80557  -50.172  -10.973  43.520 0.0000000000
80552  -50.862  -10.859  44.359 0.0000000000
80538  -52.460  -11.207  46.542 0.0000000000
80547  -52.242  -10.845  45.588 0.0000000000
81547  -52.747  -10.493  45.946 0.0000000000
66257  -40.445  -23.811  49.937 0.0000000000
65028  -41.633  -24.097  50.342 0.0000000000
65007  -40.918  -24.262  50.512 0.0000000000
62471  -40.044  -24.903  53.324 0.0000000000
63708  -41.165  -24.642  52.817 0.0000000000
62459  -41.131  -25.022  53.576 0.0000000000
63743  -34.172  -25.765  50.884 0.0000000000
65023  -35.794  -24.946  49.564 0.0000000000
65022  -35.215  -25.066  49.268 0.0000000000
141898  -35.781  -25.050  49.003 0.0000000000
66288  -36.493  -24.388  48.284 0.0000000000
141900  -37.100  -24.359  48.350 0.0000000000
65043  -38.483  -24.408  49.884 0.0000000000
66275  -40.681  -23.731  49.279 0.0000000000
44706  -6.343  -45.478  53.551 0.0000000000
45862  -6.078  -44.908  53.662 0.0000000000
44716  -6.199  -45.211  53.116 0.0000000000
39947  -5.108  -46.873  50.871 0.0000000000
41238  -4.721  -46.187  51.445 0.0000000000
41255  -5.205  -46.237  50.587 0.0000000000
39973  -5.801  -46.500  50.575 0.0000000000
38683  -7.287  -47.422  49.945 0.0000000000
38670  -6.926  -47.519  50.302 0.0000000000
37323  -8.427  -49.452  49.416 0.0000000000
36039  -9.495  -50.583  47.746 0.0000000000
36023  -9.011  -50.600  48.640 0.0000000000
33274  -12.553  -50.335  58.527 0.0000000000
33284  -12.100  -50.735  57.936 0.0000000000
62367  -34.333  -26.918  59.829 0.0000000000
57886  -33.588  -33.480  57.153 0.0000000000
57898  -32.855  -33.056  56.689 0.0000000000
57885  -32.858  -32.941  57.500 0.0000000000
58966  -32.263  -30.982  57.202 0.0000000000
58980  -32.078  -30.863  56.193 0.0000000000
58965  -31.609  -30.358  56.880 0.0000000000
60060  -31.411  -29.666  57.502 0.0000000000
60048  -31.455  -29.696  58.519 0.0000000000
62351  -32.667  -27.732  60.014 0.0000000000
43629  -28.588  -43.414  51.577 0.0000000000
42465  -29.132  -43.552  51.333 0.0000000000
41351  -29.587  -44.103  48.554 0.0000000000
41350  -28.825  -43.901  48.705 0.0000000000
42573  -28.507  -43.606  48.292 0.0000000000
83809  -52.952  -8.201  39.484 0.0000000000
83824  -52.916  -8.161  38.386 0.0000000000
84918  -53.913  -7.513  39.968 0.0000000000
84928  -54.276  -6.845  39.363 0.0000000000
86040  -54.533  -6.271  38.802 0.0000000000
86053  -54.494  -6.402  38.048 0.0000000000
86054  -54.857  -5.816  38.251 0.0000000000
86029  -55.513  -5.621  40.183 0.0000000000
49410  -9.176  -40.642  60.230 0.0000000000
48216  -9.246  -40.788  59.862 0.0000000000
48215  -8.784  -41.056  59.961 0.0000000000
45819  -7.867  -42.818  60.062 0.0000000000
47025  -8.335  -42.137  60.051 0.0000000000
44664  -8.097  -43.947  60.076 0.0000000000
71051  -49.472  -19.614  45.039 0.0000000000
71043  -49.682  -19.782  45.701 0.0000000000
71042  -49.361  -20.446  45.885 0.0000000000
66340  -43.945  -21.654  43.114 0.0000000000
68806  -45.822  -21.067  43.161 0.0000000000
67653  -44.892  -21.370  42.672 0.0000000000
68820  -45.744  -20.855  42.516 0.0000000000
69915  -46.017  -20.494  42.314 0.0000000000
71081  -46.624  -19.910  42.246 0.0000000000
69903  -46.739  -20.420  42.873 0.0000000000
69887  -48.281  -20.736  44.666 0.0000000000
71058  -48.376  -20.254  43.912 0.0000000000
71050  -49.151  -20.043  44.892 0.0000000000
72158  -49.347  -19.521  44.414 0.0000000000
39821  -19.770  -45.242  62.506 0.0000000000
37177  -19.067  -46.535  60.555 0.0000000000
35852  -17.580  -47.479  59.830 0.0000000000
37184  -18.027  -46.783  59.841 0.0000000000
41214  -17.029  -44.684  54.141 0.0000000000
42461  -16.327  -44.647  53.522 0.0000000000
52851  -12.750  -36.521  55.536 0.0000000000
52867  -12.325  -36.450  54.771 0.0000000000
48337  -7.160  -41.920  49.667 0.0000000000
48338  -7.653  -41.979  49.955 0.0000000000
48336  -6.680  -41.801  49.303 0.0000000000
49563  -6.637  -40.324  47.258 0.0000000000
49556  -6.838  -40.619  47.777 0.0000000000
48376  -6.978  -39.891  47.703 0.0000000000
49578  -6.967  -39.564  47.945 0.0000000000
50719  -6.189  -39.169  47.050 0.0000000000
49589  -5.410  -39.543  46.291 0.0000000000
43564  -13.527  -43.824  62.383 0.0000000000
45792  -13.725  -42.273  63.179 0.0000000000
44646  -11.733  -43.013  62.692 0.0000000000
34528  -9.067  -50.964  59.712 0.0000000000
34527  -8.558  -50.885  59.408 0.0000000000
34532  -7.488  -51.052  59.404 0.0000000000
34526  -8.003  -50.506  59.062 0.0000000000
35843  -7.383  -49.975  59.215 0.0000000000
35847  -6.441  -50.250  59.505 0.0000000000
37178  -6.547  -49.305  59.459 0.0000000000
34564  -5.230  -51.449  57.816 0.0000000000
33281  -4.730  -52.164  56.648 0.0000000000
33293  -4.833  -52.243  56.162 0.0000000000
53978  -35.446  -36.237  52.916 0.0000000000
53965  -35.522  -36.259  53.900 0.0000000000
51728  -36.222  -37.697  55.458 0.0000000000
52843  -36.356  -36.853  56.084 0.0000000000
55865  -35.050  -34.616  58.392 0.0000000000
55875  -35.496  -35.077  57.021 0.0000000000
55874  -35.115  -34.720  57.554 0.0000000000
55889  -35.279  -34.737  56.488 0.0000000000
56828  -34.800  -33.990  58.485 0.0000000000
56816  -33.423  -33.113  60.222 0.0000000000
45949  -33.951  -41.759  49.695 0.0000000000
42468  -33.077  -42.498  52.228 0.0000000000
41235  -32.115  -44.519  51.127 0.0000000000
42449  -34.662  -42.850  54.136 0.0000000000
41306  -31.904  -44.861  49.242 0.0000000000
41261  -32.703  -45.066  50.204 0.0000000000
41282  -31.754  -44.842  49.457 0.0000000000
39986  -31.667  -45.098  49.813 0.0000000000
41304  -30.709  -44.474  48.904 0.0000000000
41331  -30.173  -44.415  48.801 0.0000000000
41353  -30.495  -44.386  48.300 0.0000000000
42595  -29.847  -43.810  47.795 0.0000000000
81577  -51.591  -10.059  42.849 0.0000000000
81586  -51.284  -10.074  41.909 0.0000000000
82700  -51.770  -9.674  42.314 0.0000000000
83784  -52.728  -8.858  42.349 0.0000000000
82701  -52.147  -9.272  41.874 0.0000000000
83798  -52.642  -8.766  41.341 0.0000000000
83808  -52.518  -8.809  40.225 0.0000000000
83785  -53.387  -8.484  42.009 0.0000000000
83766  -55.006  -7.900  44.461 0.0000000000
84885  -54.729  -7.910  43.715 0.0000000000
84886  -55.568  -7.408  43.917 0.0000000000
67563  -45.295  -23.096  47.136 0.0000000000
67564  -45.817  -23.121  47.319 0.0000000000
67546  -45.214  -23.173  47.669 0.0000000000
66262  -44.924  -23.705  49.746 0.0000000000
67509  -45.632  -23.624  49.635 0.0000000000
66247  -43.243  -24.294  51.068 0.0000000000
66301  -37.789  -23.416  46.431 0.0000000000
67578  -40.576  -22.129  45.771 0.0000000000
67599  -41.560  -21.988  44.667 0.0000000000
68756  -43.788  -22.604  47.008 0.0000000000
68770  -43.929  -22.402  46.247 0.0000000000
68771  -44.757  -22.387  46.115 0.0000000000
42514  -21.455  -43.867  50.412 0.0000000000
42513  -20.759  -43.796  50.540 0.0000000000
55895  -5.047  -33.698  55.564 0.0000000000
53951  -5.481  -35.559  54.245 0.0000000000
54975  -5.324  -34.419  54.563 0.0000000000
53971  -6.070  -35.087  53.413 0.0000000000
53972  -6.330  -34.836  53.114 0.0000000000
52895  -6.717  -35.958  52.560 0.0000000000
47058  -12.087  -42.263  56.392 0.0000000000
45855  -11.497  -43.247  56.252 0.0000000000
45894  -8.802  -43.694  52.746 0.0000000000
45877  -6.603  -44.644  52.807 0.0000000000
45878  -7.138  -44.234  52.839 0.0000000000
44718  -6.820  -43.912  52.742 0.0000000000
47105  -6.819  -43.230  51.864 0.0000000000
47089  -7.033  -43.237  52.342 0.0000000000
47106  -7.113  -42.862  51.924 0.0000000000
47091  -8.122  -43.113  52.102 0.0000000000
47125  -7.171  -42.602  51.229 0.0000000000
47137  -6.349  -43.168  50.514 0.0000000000
44763  -5.773  -43.822  48.271 0.0000000000
44761  -5.862  -43.605  49.040 0.0000000000
40018  -9.315  -47.464  47.333 0.0000000000
38700  -9.722  -48.456  46.770 0.0000000000
39814  -15.082  -46.610  62.321 0.0000000000
35823  -13.003  -49.229  61.587 0.0000000000
37153  -13.759  -47.918  61.792 0.0000000000
35813  -12.965  -48.573  61.728 0.0000000000
35812  -12.137  -48.559  61.821 0.0000000000
35822  -12.188  -49.254  61.596 0.0000000000
33250  -12.776  -50.070  59.814 0.0000000000
31955  -12.316  -50.845  59.451 0.0000000000
31947  -11.393  -51.927  59.324 0.0000000000
31941  -11.857  -51.350  60.064 0.0000000000
31940  -11.118  -51.634  59.768 0.0000000000
33234  -11.361  -50.673  60.653 0.0000000000
33240  -10.792  -51.187  60.270 0.0000000000
33239  -9.943  -51.393  60.008 0.0000000000
31939  -10.410  -51.860  59.701 0.0000000000
29222  -9.862  -53.090  58.238 0.0000000000
30598  -9.483  -52.726  58.635 0.0000000000
30606  -9.424  -53.201  58.158 0.0000000000
30605  -8.903  -53.018  58.237 0.0000000000
64955  -36.251  -26.140  54.698 0.0000000000
63659  -36.583  -26.342  54.754 0.0000000000
62434  -36.633  -26.498  55.152 0.0000000000
58997  -33.121  -32.818  55.173 0.0000000000
57929  -33.948  -33.727  54.381 0.0000000000
57928  -33.419  -32.965  54.641 0.0000000000
62450  -31.708  -27.794  54.233 0.0000000000
62468  -32.417  -26.820  52.879 0.0000000000
62454  -35.318  -26.177  54.366 0.0000000000
63680  -34.810  -26.328  53.659 0.0000000000
63681  -35.586  -25.896  54.129 0.0000000000
39928  -25.059  -45.312  51.992 0.0000000000
39911  -29.385  -44.579  50.719 0.0000000000
41232  -28.870  -44.086  51.082 0.0000000000
41328  -28.239  -44.322  49.072 0.0000000000
40003  -28.485  -44.863  49.354 0.0000000000
41303  -27.985  -44.705  49.341 0.0000000000
39981  -27.170  -45.450  50.067 0.0000000000
39955  -26.621  -45.253  50.805 0.0000000000
41281  -24.260  -44.632  50.350 0.0000000000
41280  -23.771  -44.567  50.393 0.0000000000
42567  -23.438  -43.058  48.715 0.0000000000
42548  -23.176  -43.397  49.220 0.0000000000
87154  -55.444  -5.224  38.293 0.0000000000
87179  -54.914  -5.121  36.661 0.0000000000
88249  -55.696  -4.660  37.548 0.0000000000
88278  -55.784  -3.880  35.052 0.0000000000
89364  -56.461  -3.227  36.033 0.0000000000
52833  -13.062  -36.709  57.631 0.0000000000
51683  -12.252  -37.888  60.214 0.0000000000
49422  -12.599  -38.951  57.723 0.0000000000
49428  -12.003  -39.949  57.709 0.0000000000
48243  -11.725  -40.650  58.019 0.0000000000
45853  -10.413  -43.683  57.400 0.0000000000
45834  -8.996  -43.032  59.331 0.0000000000
47037  -9.589  -42.367  59.303 0.0000000000
43586  -8.877  -44.953  57.207 0.0000000000
44683  -9.155  -44.261  58.340 0.0000000000
43587  -9.224  -44.875  56.814 0.0000000000
43609  -7.338  -45.121  54.918 0.0000000000
43594  -7.401  -45.461  55.426 0.0000000000
42441  -5.521  -46.004  54.868 0.0000000000
41211  -4.012  -46.556  53.447 0.0000000000
41203  -4.080  -46.775  54.509 0.0000000000
77286  -52.066  -14.510  48.302 0.0000000000
76215  -51.711  -15.391  47.962 0.0000000000
62456  -38.382  -26.255  53.984 0.0000000000
72176  -47.356  -19.281  42.631 0.0000000000
73293  -46.585  -18.641  41.803 0.0000000000
74261  -47.816  -17.555  43.688 0.0000000000
74271  -47.341  -17.666  42.802 0.0000000000
74260  -47.352  -17.189  43.284 0.0000000000
75251  -47.385  -16.485  42.885 0.0000000000
75242  -47.912  -16.315  43.766 0.0000000000
75232  -48.913  -16.261  44.520 0.0000000000
75207  -50.681  -16.216  46.278 0.0000000000
76231  -50.461  -15.377  46.356 0.0000000000
77300  -50.734  -14.738  46.685 0.0000000000
39816  -16.916  -45.954  62.819 0.0000000000
37147  -16.347  -47.032  62.333 0.0000000000
35817  -15.807  -48.073  62.088 0.0000000000
35827  -15.839  -48.510  61.788 0.0000000000
37159  -18.616  -46.190  62.169 0.0000000000
37158  -17.988  -46.350  62.162 0.0000000000
37171  -17.211  -47.456  61.286 0.0000000000
35850  -15.728  -48.468  60.080 0.0000000000
35839  -16.341  -48.765  60.929 0.0000000000
34536  -15.890  -49.119  60.662 0.0000000000
34530  -15.622  -49.105  60.755 0.0000000000
34543  -15.439  -48.763  60.281 0.0000000000
34542  -14.851  -48.803  59.765 0.0000000000
34553  -14.464  -48.934  59.238 0.0000000000
34580  -13.522  -49.552  57.893 0.0000000000
34591  -12.475  -49.724  56.430 0.0000000000
39950  -22.295  -44.622  51.580 0.0000000000
39949  -21.680  -44.521  51.819 0.0000000000
39903  -21.686  -45.142  53.026 0.0000000000
38607  -21.711  -45.386  53.632 0.0000000000
39893  -21.169  -45.341  53.841 0.0000000000
41230  -19.869  -44.372  52.786 0.0000000000
41216  -19.450  -44.543  53.507 0.0000000000
39882  -20.104  -45.163  55.050 0.0000000000
38592  -20.683  -45.317  55.091 0.0000000000
38593  -21.326  -45.415  54.720 0.0000000000
38556  -19.474  -46.085  57.047 0.0000000000
38543  -20.537  -46.312  57.527 0.0000000000
38535  -20.470  -46.405  58.151 0.0000000000
38534  -19.787  -46.480  58.248 0.0000000000
38540  -17.431  -46.551  58.111 0.0000000000
41205  -15.857  -45.782  54.691 0.0000000000
39869  -16.205  -46.112  55.962 0.0000000000
39878  -15.528  -46.312  55.382 0.0000000000
38570  -14.582  -47.233  55.800 0.0000000000
38591  -15.081  -46.799  55.588 0.0000000000
37223  -14.992  -47.360  56.654 0.0000000000
55914  -9.879  -33.871  54.682 0.0000000000
55898  -9.155  -33.496  55.157 0.0000000000
55897  -8.328  -33.402  55.659 0.0000000000
54962  -8.619  -33.964  55.180 0.0000000000
51714  -8.768  -36.331  54.230 0.0000000000
51735  -8.738  -36.110  54.344 0.0000000000
52850  -8.439  -35.978  54.397 0.0000000000
52862  -7.896  -35.277  54.642 0.0000000000
52848  -7.060  -35.839  54.758 0.0000000000
50611  -7.505  -36.764  54.075 0.0000000000
49539  -8.452  -38.848  51.386 0.0000000000
50673  -7.986  -37.965  51.840 0.0000000000
50691  -7.727  -38.045  51.258 0.0000000000
51780  -7.891  -36.799  51.725 0.0000000000
51781  -8.167  -36.827  51.317 0.0000000000
45909  -12.373  -41.432  52.777 0.0000000000
47092  -12.533  -41.270  53.110 0.0000000000
48307  -12.338  -40.761  52.601 0.0000000000
48288  -11.866  -39.550  53.181 0.0000000000
47154  -8.720  -41.464  49.488 0.0000000000
47155  -9.974  -41.194  49.427 0.0000000000
49558  -11.234  -39.435  49.621 0.0000000000
48355  -11.160  -40.249  49.670 0.0000000000
49542  -11.155  -39.202  50.478 0.0000000000
49541  -10.247  -39.130  50.856 0.0000000000
50694  -10.537  -38.305  50.145 0.0000000000
51798  -9.466  -37.500  49.988 0.0000000000
52922  -9.095  -36.755  49.529 0.0000000000
52933  -8.240  -36.066  49.369 0.0000000000
54012  -8.131  -35.219  49.183 0.0000000000
52945  -8.072  -35.646  48.807 0.0000000000
45786  -8.631  -42.674  62.401 0.0000000000
39812  -13.421  -46.140  61.881 0.0000000000
41159  -13.254  -45.487  62.404 0.0000000000
41144  -12.952  -45.858  62.280 0.0000000000
41157  -11.324  -45.753  62.608 0.0000000000
42394  -10.753  -45.087  62.606 0.0000000000
41156  -10.199  -45.521  62.401 0.0000000000
37170  -9.025  -48.817  60.059 0.0000000000
37161  -9.409  -48.378  60.580 0.0000000000
38506  -8.912  -47.406  60.828 0.0000000000
39829  -8.432  -45.844  61.064 0.0000000000
41168  -9.187  -45.814  61.761 0.0000000000
41154  -9.242  -44.850  61.965 0.0000000000
43547  -9.079  -44.189  62.276 0.0000000000
42391  -9.049  -44.845  62.049 0.0000000000
42411  -7.996  -44.943  61.268 0.0000000000
43558  -8.180  -44.227  61.797 0.0000000000
43557  -7.840  -43.926  61.581 0.0000000000
44639  -7.932  -43.526  61.906 0.0000000000
44652  -7.947  -43.667  61.593 0.0000000000
44655  -7.971  -43.805  60.974 0.0000000000
43572  -7.880  -44.709  60.752 0.0000000000
41184  -7.064  -46.723  59.833 0.0000000000
43575  -8.073  -45.005  60.352 0.0000000000
37187  -5.290  -49.272  58.642 0.0000000000
38527  -5.701  -48.495  59.154 0.0000000000
39856  -4.884  -47.913  57.606 0.0000000000
41190  -5.329  -47.551  57.250 0.0000000000
41191  -6.462  -47.518  57.554 0.0000000000
39861  -4.145  -47.911  56.183 0.0000000000
38589  -4.064  -49.355  54.105 0.0000000000
38588  -3.979  -48.673  54.375 0.0000000000
38605  -4.311  -49.089  53.619 0.0000000000
38604  -4.044  -48.293  53.310 0.0000000000
27877  -7.407  -55.227  55.629 0.0000000000
26594  -6.153  -56.493  53.951 0.0000000000
26595  -6.514  -56.661  54.001 0.0000000000
27887  -6.303  -55.693  55.402 0.0000000000
27875  -6.389  -55.622  55.889 0.0000000000
29272  -5.854  -55.304  55.288 0.0000000000
30640  -5.452  -54.755  55.968 0.0000000000
32030  -5.159  -53.814  54.673 0.0000000000
32043  -4.928  -53.614  53.773 0.0000000000
33316  -4.990  -53.084  54.329 0.0000000000
32042  -4.865  -53.093  53.672 0.0000000000
33337  -4.982  -52.512  53.044 0.0000000000
33345  -5.562  -52.321  52.681 0.0000000000
34623  -5.274  -51.543  53.072 0.0000000000
33346  -6.067  -52.847  52.073 0.0000000000
34638  -6.708  -51.896  51.967 0.0000000000
35950  -6.761  -51.204  51.632 0.0000000000
35974  -7.057  -50.570  51.346 0.0000000000
35975  -7.606  -50.811  50.638 0.0000000000
50578  -35.271  -38.353  59.409 0.0000000000
50577  -35.091  -38.301  59.796 0.0000000000
49407  -35.073  -38.848  59.790 0.0000000000
48200  -35.323  -39.838  60.336 0.0000000000
49456  -36.641  -40.109  55.215 0.0000000000
49455  -36.534  -39.520  55.602 0.0000000000
49442  -36.009  -39.360  56.541 0.0000000000
50593  -35.485  -38.462  58.068 0.0000000000
45889  -36.080  -41.862  54.443 0.0000000000
45914  -36.100  -41.927  53.273 0.0000000000
47085  -36.131  -41.620  54.136 0.0000000000
47076  -35.985  -40.818  54.938 0.0000000000
44703  -35.471  -41.993  56.232 0.0000000000
44694  -35.424  -41.587  56.593 0.0000000000
44715  -35.808  -41.990  54.876 0.0000000000
45829  -34.738  -40.526  58.402 0.0000000000
80530  -52.702  -11.512  47.340 0.0000000000
80531  -53.256  -11.327  47.852 0.0000000000
78486  -49.617  -13.850  45.207 0.0000000000
78487  -50.423  -12.979  45.547 0.0000000000
80545  -51.202  -11.111  44.947 0.0000000000
63768  -38.688  -24.430  50.330 0.0000000000
63749  -39.327  -24.475  50.988 0.0000000000
63728  -39.290  -24.796  51.942 0.0000000000
63706  -39.122  -24.901  52.836 0.0000000000
62470  -39.406  -25.192  53.480 0.0000000000
65004  -35.986  -25.067  50.276 0.0000000000
65005  -36.413  -24.989  50.118 0.0000000000
65024  -37.027  -24.868  49.642 0.0000000000
65025  -37.128  -24.964  50.099 0.0000000000
63781  -38.246  -24.532  50.219 0.0000000000
42460  -4.340  -45.691  52.950 0.0000000000
43618  -4.924  -45.295  53.218 0.0000000000
41225  -4.441  -46.438  52.289 0.0000000000
39920  -4.673  -47.339  51.379 0.0000000000
38660  -6.019  -47.471  51.066 0.0000000000
38661  -6.611  -47.732  50.720 0.0000000000
37298  -7.119  -48.518  50.604 0.0000000000
37299  -7.731  -49.576  50.151 0.0000000000
33296  -12.093  -50.625  57.361 0.0000000000
33295  -11.577  -51.232  56.744 0.0000000000
32017  -11.341  -51.730  56.226 0.0000000000
57873  -32.685  -32.025  58.886 0.0000000000
57884  -32.640  -32.428  58.070 0.0000000000
57872  -32.222  -31.618  59.370 0.0000000000
58941  -31.942  -31.080  59.729 0.0000000000
58940  -31.551  -30.454  58.967 0.0000000000
61155  -31.618  -29.390  59.164 0.0000000000
60025  -32.258  -29.589  60.882 0.0000000000
61143  -32.343  -28.749  60.441 0.0000000000
42593  -28.129  -43.369  47.816 0.0000000000
84905  -54.844  -7.161  41.730 0.0000000000
84906  -55.459  -6.522  41.517 0.0000000000
86004  -56.850  -5.828  42.472 0.0000000000
49398  -9.048  -40.838  60.609 0.0000000000
49409  -8.808  -40.962  60.179 0.0000000000
48213  -8.657  -41.138  60.252 0.0000000000
47012  -8.289  -41.937  60.499 0.0000000000
45809  -7.823  -42.978  60.526 0.0000000000
69877  -48.714  -20.798  45.605 0.0000000000
69878  -49.163  -20.719  46.160 0.0000000000
69868  -48.945  -20.977  46.419 0.0000000000
68761  -48.766  -21.585  46.834 0.0000000000
67602  -44.733  -21.846  44.311 0.0000000000
67619  -44.747  -21.563  43.445 0.0000000000
67603  -45.339  -21.505  44.252 0.0000000000
67620  -45.531  -21.265  43.677 0.0000000000
69893  -46.603  -20.815  43.373 0.0000000000
69885  -47.125  -21.062  44.054 0.0000000000
69886  -47.790  -20.983  44.314 0.0000000000
38505  -20.367  -46.380  62.553 0.0000000000
39836  -20.645  -46.022  62.144 0.0000000000
39906  -25.006  -45.532  52.833 0.0000000000
55936  -6.918  -33.367  52.542 0.0000000000
56922  -7.422  -32.343  52.230 0.0000000000
50616  -12.436  -38.520  55.379 0.0000000000
47165  -6.082  -41.928  48.353 0.0000000000
47178  -6.042  -41.703  47.497 0.0000000000
47187  -5.743  -41.215  46.634 0.0000000000
48375  -5.920  -40.539  46.706 0.0000000000
43565  -14.507  -43.856  62.579 0.0000000000
42406  -13.192  -44.569  62.448 0.0000000000
31952  -8.548  -52.117  59.310 0.0000000000
33246  -8.432  -51.561  59.402 0.0000000000
33253  -8.096  -51.707  59.355 0.0000000000
33252  -7.483  -51.623  59.177 0.0000000000
34539  -6.152  -51.200  59.075 0.0000000000
33260  -6.164  -51.803  58.652 0.0000000000
33272  -5.817  -52.196  58.116 0.0000000000
53919  -35.605  -36.235  57.693 0.0000000000
53918  -35.576  -35.746  58.129 0.0000000000
54927  -35.295  -35.268  58.217 0.0000000000
55854  -34.973  -34.357  58.852 0.0000000000
55853  -34.534  -34.034  59.106 0.0000000000
54916  -34.352  -34.169  59.639 0.0000000000
47145  -34.923  -40.813  51.435 0.0000000000
42497  -34.285  -44.659  50.755 0.0000000000
41263  -33.939  -44.827  50.822 0.0000000000
42515  -33.415  -44.738  49.616 0.0000000000
41334  -32.378  -44.468  49.222 0.0000000000
42553  -31.737  -44.198  48.461 0.0000000000
42576  -30.769  -44.306  47.952 0.0000000000
42577  -31.588  -44.137  47.964 0.0000000000
83753  -54.880  -8.242  45.081 0.0000000000
82675  -52.680  -9.928  44.110 0.0000000000
82676  -53.214  -9.493  43.873 0.0000000000
82690  -53.294  -9.173  43.169 0.0000000000
82691  -53.782  -9.035  43.038 0.0000000000
83776  -53.985  -8.361  43.032 0.0000000000
68745  -44.350  -22.876  47.437 0.0000000000
67545  -44.384  -23.000  47.968 0.0000000000
67508  -44.540  -23.463  49.263 0.0000000000
67560  -40.989  -22.500  47.026 0.0000000000
67561  -42.257  -22.450  46.598 0.0000000000
68755  -42.892  -22.419  47.153 0.0000000000
43685  -21.571  -42.877  49.152 0.0000000000
54958  -5.216  -34.266  55.982 0.0000000000
53937  -5.518  -35.085  55.103 0.0000000000
52859  -5.621  -36.058  53.898 0.0000000000
45854  -10.829  -43.418  56.822 0.0000000000
45867  -9.753  -44.504  54.616 0.0000000000
45880  -8.948  -44.302  53.442 0.0000000000
44738  -5.268  -44.818  51.674 0.0000000000
47087  -6.191  -44.006  52.266 0.0000000000
44739  -5.627  -44.431  51.391 0.0000000000
45918  -6.050  -43.978  50.946 0.0000000000
44751  -5.506  -43.751  49.747 0.0000000000
43653  -5.221  -44.230  49.604 0.0000000000
43666  -5.613  -44.190  48.788 0.0000000000
43682  -7.178  -44.713  47.562 0.0000000000
42564  -8.613  -45.928  47.127 0.0000000000
37155  -15.032  -48.027  62.271 0.0000000000
37154  -14.422  -48.052  61.912 0.0000000000
35815  -14.425  -48.510  61.827 0.0000000000
35824  -13.699  -49.122  61.551 0.0000000000
33237  -12.898  -49.847  60.845 0.0000000000
30619  -11.314  -52.129  58.418 0.0000000000
31954  -11.712  -51.673  59.138 0.0000000000
30609  -11.464  -52.109  58.759 0.0000000000
30602  -11.334  -52.331  58.926 0.0000000000
30595  -10.852  -52.421  59.091 0.0000000000
30594  -10.325  -52.493  59.085 0.0000000000
29224  -10.605  -52.736  58.409 0.0000000000
29223  -10.312  -52.891  58.303 0.0000000000
62433  -35.625  -26.330  54.956 0.0000000000
62418  -36.597  -26.381  55.871 0.0000000000
62404  -36.378  -26.297  56.724 0.0000000000
59013  -32.598  -32.376  54.492 0.0000000000
62401  -32.263  -27.697  56.656 0.0000000000
62402  -33.057  -27.070  56.430 0.0000000000
62415  -33.310  -26.780  55.628 0.0000000000
62431  -33.399  -26.623  54.691 0.0000000000
62452  -33.556  -26.375  53.684 0.0000000000
62432  -34.505  -26.310  54.736 0.0000000000
41217  -26.813  -45.038  52.874 0.0000000000
41221  -30.932  -43.858  51.257 0.0000000000
41302  -27.395  -44.684  49.300 0.0000000000
41301  -26.441  -44.658  49.318 0.0000000000
40000  -25.800  -45.063  49.874 0.0000000000
41324  -24.400  -44.024  49.350 0.0000000000
42549  -24.243  -43.598  49.007 0.0000000000
84980  -52.897  -7.001  35.568 0.0000000000
49413  -11.618  -39.053  59.168 0.0000000000
48231  -11.274  -40.442  58.753 0.0000000000
48242  -11.270  -41.120  58.631 0.0000000000
45842  -9.017  -43.602  58.899 0.0000000000
44674  -8.688  -44.128  58.746 0.0000000000
42433  -6.556  -46.260  56.090 0.0000000000
75208  -51.320  -16.746  46.956 0.0000000000
72167  -48.608  -19.352  43.626 0.0000000000
73279  -47.885  -18.716  43.050 0.0000000000
73267  -48.437  -18.492  43.760 0.0000000000
73260  -48.434  -17.938  44.133 0.0000000000
75233  -49.671  -16.524  45.000 0.0000000000
75219  -49.870  -16.682  45.337 0.0000000000
75220  -50.177  -16.645  45.637 0.0000000000
38492  -17.527  -46.002  62.605 0.0000000000
35841  -17.272  -47.338  60.333 0.0000000000
35845  -16.774  -48.103  60.292 0.0000000000
35856  -14.762  -48.658  59.117 0.0000000000
35882  -13.838  -48.824  57.396 0.0000000000
41258  -20.580  -44.179  50.838 0.0000000000
41244  -21.215  -44.529  51.756 0.0000000000
41215  -18.346  -44.672  53.834 0.0000000000
38555  -18.282  -46.106  57.339 0.0000000000
38572  -16.661  -46.231  56.583 0.0000000000
39889  -14.687  -46.561  54.328 0.0000000000
51737  -10.369  -36.794  54.089 0.0000000000
51716  -10.155  -36.916  54.033 0.0000000000
50614  -9.465  -36.861  53.936 0.0000000000
50630  -8.838  -37.013  53.790 0.0000000000
49459  -8.278  -37.466  53.427 0.0000000000
49482  -8.863  -38.075  53.054 0.0000000000
49522  -9.047  -38.806  51.898 0.0000000000
49540  -9.209  -39.114  51.110 0.0000000000
45883  -11.822  -43.045  54.095 0.0000000000
45897  -12.021  -42.747  53.136 0.0000000000
45908  -11.814  -41.846  52.528 0.0000000000
45923  -11.268  -42.049  51.864 0.0000000000
48366  -8.794  -40.370  48.396 0.0000000000
47168  -9.746  -40.898  48.853 0.0000000000
49567  -9.332  -39.909  48.269 0.0000000000
49568  -9.950  -39.469  48.311 0.0000000000
50723  -10.620  -38.709  48.734 0.0000000000
50709  -10.786  -38.342  49.393 0.0000000000
51822  -10.167  -38.170  48.457 0.0000000000
51821  -9.739  -37.533  48.138 0.0000000000
52947  -8.950  -36.723  47.713 0.0000000000
52946  -8.268  -36.045  48.174 0.0000000000
52957  -8.006  -36.544  47.278 0.0000000000
37151  -12.024  -47.874  61.860 0.0000000000
39825  -12.052  -46.642  62.391 0.0000000000
38497  -11.614  -47.308  62.146 0.0000000000
38496  -10.547  -47.354  61.820 0.0000000000
37168  -8.204  -48.430  59.644 0.0000000000
38513  -8.525  -47.799  60.218 0.0000000000
39835  -8.400  -46.950  60.674 0.0000000000
41166  -8.360  -45.210  61.412 0.0000000000
42404  -8.351  -44.704  61.624 0.0000000000
41173  -8.105  -45.440  61.058 0.0000000000
41172  -7.905  -45.292  61.020 0.0000000000
42415  -7.879  -45.268  60.725 0.0000000000
37195  -4.736  -49.294  57.583 0.0000000000
38552  -4.273  -48.673  56.384 0.0000000000
38551  -3.949  -48.198  56.127 0.0000000000
37219  -3.894  -48.980  55.430 0.0000000000
37245  -4.137  -49.931  53.791 0.0000000000
29282  -5.608  -55.335  54.396 0.0000000000
27906  -6.032  -55.722  53.401 0.0000000000
29297  -5.982  -55.420  53.319 0.0000000000
29312  -6.127  -55.110  52.939 0.0000000000
33353  -6.773  -53.086  51.245 0.0000000000
49535  -35.898  -39.327  51.909 0.0000000000
50666  -35.936  -38.831  52.891 0.0000000000
50649  -35.917  -38.659  54.122 0.0000000000
50637  -36.572  -38.367  54.834 0.0000000000
51707  -36.299  -37.652  56.192 0.0000000000
50609  -36.068  -38.511  56.286 0.0000000000
51699  -35.713  -37.714  56.962 0.0000000000
52832  -35.666  -37.027  57.724 0.0000000000
52824  -35.521  -36.598  58.907 0.0000000000
53903  -35.475  -35.821  59.699 0.0000000000
43673  -33.297  -43.704  49.420 0.0000000000
43675  -34.436  -42.977  50.032 0.0000000000
44754  -34.701  -42.354  50.489 0.0000000000
44755  -35.034  -41.997  50.678 0.0000000000
45924  -35.777  -41.775  52.623 0.0000000000
45934  -35.380  -41.712  51.718 0.0000000000
49515  -35.794  -39.680  52.660 0.0000000000
42450  -35.100  -43.004  53.846 0.0000000000
43624  -35.540  -42.798  53.866 0.0000000000
42472  -34.900  -42.879  52.293 0.0000000000
42480  -34.676  -43.435  51.763 0.0000000000
42536  -34.289  -44.182  49.915 0.0000000000
82627  -54.610  -9.459  46.806 0.0000000000
78495  -49.302  -13.208  44.264 0.0000000000
78508  -48.398  -12.905  42.918 0.0000000000
79545  -48.598  -12.189  42.041 0.0000000000
79555  -48.766  -11.837  41.897 0.0000000000
80569  -50.053  -11.097  41.432 0.0000000000
81576  -50.805  -10.596  42.617 0.0000000000
81569  -51.662  -10.311  43.535 0.0000000000
80553  -51.657  -10.836  44.765 0.0000000000
81562  -51.717  -10.518  44.142 0.0000000000
81563  -52.450  -10.426  44.697 0.0000000000
81564  -52.991  -10.290  45.065 0.0000000000
81555  -53.726  -9.961  46.150 0.0000000000
67523  -41.557  -23.578  48.971 0.0000000000
67506  -42.592  -23.483  49.578 0.0000000000
67505  -41.972  -23.606  49.704 0.0000000000
65029  -42.102  -24.252  50.555 0.0000000000
63732  -42.510  -24.580  51.457 0.0000000000
63750  -40.596  -24.531  51.152 0.0000000000
63730  -41.477  -24.727  51.919 0.0000000000
65040  -34.903  -25.076  49.106 0.0000000000
63797  -35.793  -24.189  47.184 0.0000000000
141901  -36.637  -24.015  46.896 0.0000000000
66289  -37.536  -23.877  47.508 0.0000000000
67541  -39.509  -23.427  47.891 0.0000000000
67522  -40.284  -23.557  48.641 0.0000000000
55881  -7.133  -33.536  56.755 0.0000000000
44708  -7.827  -45.030  54.645 0.0000000000
45864  -7.029  -44.746  53.590 0.0000000000
43626  -4.912  -45.642  52.306 0.0000000000
44732  -5.310  -45.013  52.251 0.0000000000
44733  -5.596  -44.572  52.152 0.0000000000
42492  -4.954  -45.518  50.861 0.0000000000
41274  -5.261  -45.747  50.192 0.0000000000
41318  -7.491  -46.601  49.315 0.0000000000
40015  -7.450  -47.113  49.686 0.0000000000
38685  -8.325  -47.882  48.935 0.0000000000
38671  -7.359  -47.895  49.894 0.0000000000
38673  -8.740  -48.638  48.968 0.0000000000
37347  -9.734  -49.456  47.371 0.0000000000
34534  -14.284  -49.269  59.644 0.0000000000
33256  -13.568  -49.686  59.655 0.0000000000
33263  -13.365  -49.748  59.184 0.0000000000
33262  -12.508  -50.264  58.913 0.0000000000
31975  -11.944  -50.980  58.656 0.0000000000
31974  -11.525  -51.633  58.322 0.0000000000
30632  -11.158  -52.152  57.970 0.0000000000
63593  -34.504  -26.502  58.055 0.0000000000
63567  -35.008  -26.665  59.792 0.0000000000
57900  -33.987  -33.674  56.098 0.0000000000
57914  -33.323  -33.173  55.565 0.0000000000
58996  -32.637  -32.510  55.527 0.0000000000
58967  -32.263  -32.116  57.365 0.0000000000
58995  -32.163  -31.608  55.446 0.0000000000
58994  -31.745  -30.869  55.294 0.0000000000
60070  -31.349  -29.598  56.499 0.0000000000
61192  -31.472  -28.825  57.093 0.0000000000
61167  -31.617  -29.001  58.759 0.0000000000
61168  -31.910  -28.392  58.540 0.0000000000
62388  -32.423  -27.778  57.528 0.0000000000
62377  -33.032  -27.282  58.212 0.0000000000
42464  -27.910  -44.064  51.882 0.0000000000
40023  -29.505  -44.587  49.165 0.0000000000
40022  -29.093  -44.685  49.138 0.0000000000
40021  -28.772  -44.575  49.157 0.0000000000
42572  -27.615  -43.588  48.147 0.0000000000
41348  -27.038  -43.787  48.479 0.0000000000
42570  -25.856  -43.481  48.191 0.0000000000
83852  -52.898  -7.558  36.871 0.0000000000
84939  -53.544  -7.429  38.043 0.0000000000
84956  -53.425  -7.018  37.270 0.0000000000
84972  -53.143  -7.033  36.440 0.0000000000
86065  -53.630  -6.501  36.647 0.0000000000
86082  -54.155  -6.078  36.215 0.0000000000
87166  -55.020  -5.410  37.463 0.0000000000
50579  -10.147  -39.816  60.501 0.0000000000
48228  -9.054  -41.450  59.737 0.0000000000
47036  -8.636  -42.396  59.690 0.0000000000
47024  -8.182  -42.666  59.815 0.0000000000
73235  -50.510  -18.624  46.134 0.0000000000
73236  -51.093  -18.578  46.650 0.0000000000
72148  -50.388  -19.243  46.287 0.0000000000
69869  -49.629  -20.723  46.676 0.0000000000
67635  -44.539  -21.485  42.849 0.0000000000
67667  -44.050  -21.619  41.893 0.0000000000
71080  -45.962  -19.887  41.680 0.0000000000
71066  -47.983  -19.659  43.303 0.0000000000
73262  -49.511  -18.922  44.612 0.0000000000
42388  -19.468  -45.046  64.325 0.0000000000
39826  -19.005  -45.798  62.421 0.0000000000
37166  -18.627  -46.433  61.850 0.0000000000
38510  -19.831  -45.951  61.943 0.0000000000
37173  -18.986  -46.389  61.302 0.0000000000
37176  -18.033  -46.728  60.620 0.0000000000
35846  -17.386  -47.420  60.020 0.0000000000
37188  -16.479  -47.417  59.489 0.0000000000
42485  -18.315  -43.557  51.632 0.0000000000
42477  -18.160  -43.888  52.397 0.0000000000
42463  -17.993  -44.178  53.082 0.0000000000
41207  -17.744  -44.991  54.526 0.0000000000
41206  -16.801  -45.206  54.704 0.0000000000
54981  -12.344  -34.580  54.898 0.0000000000
53957  -11.908  -35.514  54.586 0.0000000000
52866  -11.626  -36.293  54.356 0.0000000000
51738  -11.450  -37.026  54.160 0.0000000000
49463  -11.185  -38.044  53.696 0.0000000000
48287  -11.137  -38.788  53.151 0.0000000000
45920  -8.653  -42.610  51.359 0.0000000000
45932  -9.099  -42.476  50.760 0.0000000000
47141  -8.518  -42.190  50.147 0.0000000000
48352  -8.099  -41.748  49.881 0.0000000000
47153  -8.178  -41.356  48.941 0.0000000000
48349  -6.693  -41.332  48.507 0.0000000000
48365  -7.817  -40.900  48.439 0.0000000000
48379  -8.153  -40.024  47.960 0.0000000000
49566  -7.080  -38.776  48.001 0.0000000000
50733  -6.547  -38.233  46.944 0.0000000000
45778  -13.394  -41.459  64.337 0.0000000000
45791  -12.331  -41.889  63.237 0.0000000000
35832  -9.960  -49.992  60.655 0.0000000000
35831  -9.429  -49.457  60.372 0.0000000000
35830  -8.896  -49.391  59.787 0.0000000000
35838  -8.493  -49.809  59.353 0.0000000000
37169  -8.501  -48.688  59.685 0.0000000000
37174  -7.936  -48.850  59.415 0.0000000000
38523  -7.116  -48.236  59.592 0.0000000000
37182  -5.824  -49.335  59.384 0.0000000000
35853  -4.972  -49.871  58.385 0.0000000000
35867  -5.289  -50.874  58.194 0.0000000000
35866  -4.808  -50.315  57.736 0.0000000000
34589  -4.452  -51.614  55.049 0.0000000000
54995  -34.902  -35.486  53.583 0.0000000000
55922  -34.782  -35.238  54.335 0.0000000000
51761  -35.807  -37.786  53.684 0.0000000000
52876  -36.131  -36.922  54.230 0.0000000000
53924  -35.511  -36.366  56.692 0.0000000000
53933  -35.559  -36.383  55.806 0.0000000000
53946  -35.513  -36.406  54.870 0.0000000000
54970  -35.234  -35.591  55.427 0.0000000000
55906  -35.073  -34.686  55.412 0.0000000000
56867  -34.532  -34.181  55.853 0.0000000000
56850  -34.071  -33.821  57.179 0.0000000000
57875  -33.565  -33.412  57.931 0.0000000000
55863  -34.202  -33.642  59.047 0.0000000000
56827  -33.712  -33.225  59.279 0.0000000000
39913  -31.279  -45.029  51.011 0.0000000000
42469  -33.527  -42.547  52.154 0.0000000000
41246  -33.524  -44.705  50.878 0.0000000000
41236  -33.047  -44.293  51.209 0.0000000000
39960  -31.239  -45.192  50.156 0.0000000000
39985  -30.744  -44.987  49.750 0.0000000000
40024  -29.863  -44.561  49.193 0.0000000000
42574  -29.392  -43.776  48.284 0.0000000000
42596  -30.367  -44.059  47.735 0.0000000000
82713  -51.733  -9.725  41.477 0.0000000000
81597  -51.796  -9.768  40.164 0.0000000000
81619  -51.611  -10.265  39.160 0.0000000000
83786  -54.158  -7.920  41.866 0.0000000000
68759  -46.482  -22.707  47.068 0.0000000000
67548  -46.764  -23.138  47.919 0.0000000000
67527  -45.932  -23.418  48.568 0.0000000000
66260  -43.407  -23.751  50.180 0.0000000000
66248  -44.300  -23.920  50.748 0.0000000000
67601  -43.873  -22.020  44.779 0.0000000000
67580  -43.056  -22.230  45.845 0.0000000000
67581  -43.759  -22.193  45.620 0.0000000000
68784  -44.727  -21.992  45.262 0.0000000000
68772  -45.592  -22.170  45.805 0.0000000000
39977  -23.373  -44.824  50.914 0.0000000000
39951  -23.102  -44.882  51.493 0.0000000000
41260  -22.196  -44.654  51.101 0.0000000000
42511  -19.133  -43.553  50.565 0.0000000000
42495  -18.667  -43.484  50.939 0.0000000000
55912  -5.140  -33.621  54.768 0.0000000000
54998  -6.547  -34.356  52.757 0.0000000000
55008  -6.933  -34.726  52.159 0.0000000000
53992  -7.207  -35.381  51.756 0.0000000000
47059  -12.531  -41.097  56.351 0.0000000000
47067  -12.290  -42.439  55.448 0.0000000000
45870  -12.298  -42.581  54.818 0.0000000000
45905  -9.049  -43.014  52.164 0.0000000000
47077  -7.278  -43.676  52.487 0.0000000000
47078  -7.730  -43.825  52.521 0.0000000000
47108  -8.148  -42.709  51.707 0.0000000000
47126  -7.763  -42.519  51.169 0.0000000000
47139  -7.386  -42.404  50.353 0.0000000000
45929  -5.845  -43.380  50.049 0.0000000000
45939  -6.055  -42.962  49.172 0.0000000000
45947  -5.944  -42.602  48.366 0.0000000000
44793  -6.301  -42.942  47.535 0.0000000000
41320  -8.835  -46.556  47.727 0.0000000000
39813  -14.222  -46.383  61.952 0.0000000000
38487  -13.627  -46.669  61.940 0.0000000000
38500  -14.081  -47.505  61.972 0.0000000000
38499  -13.612  -47.328  61.928 0.0000000000
38498  -12.737  -47.006  62.088 0.0000000000
35811  -11.620  -48.421  61.734 0.0000000000
35821  -11.207  -49.081  61.569 0.0000000000
33244  -13.356  -49.744  60.371 0.0000000000
33243  -12.639  -50.132  60.310 0.0000000000
33236  -12.419  -49.917  60.602 0.0000000000
31948  -12.249  -51.161  59.796 0.0000000000
31942  -12.331  -51.028  60.288 0.0000000000
33235  -11.912  -50.353  60.640 0.0000000000
34509  -10.660  -49.875  60.874 0.0000000000
34519  -10.274  -50.615  60.452 0.0000000000
33248  -9.498  -51.795  59.827 0.0000000000
31945  -10.105  -52.328  59.421 0.0000000000
31944  -9.489  -52.271  59.573 0.0000000000
31943  -8.967  -52.225  59.399 0.0000000000
30597  -8.823  -52.418  58.822 0.0000000000
30617  -7.761  -53.515  57.549 0.0000000000
63703  -36.691  -25.635  52.843 0.0000000000
63683  -37.489  -25.956  53.698 0.0000000000
62419  -37.324  -26.438  55.710 0.0000000000
57946  -34.046  -33.819  53.738 0.0000000000
57945  -33.576  -33.325  53.611 0.0000000000
62478  -32.961  -26.183  52.000 0.0000000000
63722  -33.717  -25.974  52.006 0.0000000000
63679  -34.242  -26.284  53.603 0.0000000000
63700  -34.011  -26.163  53.050 0.0000000000
63702  -35.740  -25.728  52.964 0.0000000000
41231  -28.003  -44.358  51.571 0.0000000000
39983  -29.078  -45.223  49.693 0.0000000000
39957  -28.503  -45.276  50.180 0.0000000000
40002  -27.689  -45.113  49.567 0.0000000000
39931  -27.901  -45.048  50.782 0.0000000000
41297  -22.776  -43.827  50.093 0.0000000000
42533  -22.924  -43.658  49.783 0.0000000000
87187  -54.516  -5.316  35.675 0.0000000000
88272  -54.783  -4.851  35.539 0.0000000000
88277  -55.417  -4.247  35.167 0.0000000000
89372  -54.908  -4.080  34.436 0.0000000000
90463  -56.742  -2.962  34.592 0.0000000000
52838  -13.102  -36.520  56.516 0.0000000000
49429  -12.486  -39.409  57.149 0.0000000000
47049  -12.233  -41.264  57.271 0.0000000000
44697  -10.176  -44.350  56.613 0.0000000000
44696  -9.402  -45.003  56.161 0.0000000000
47046  -9.885  -43.007  58.738 0.0000000000
45844  -10.229  -43.583  58.185 0.0000000000
44695  -8.686  -45.179  55.529 0.0000000000
43607  -6.127  -45.683  54.065 0.0000000000
42442  -6.291  -45.641  55.162 0.0000000000
42452  -5.224  -45.513  54.247 0.0000000000
38620  -4.102  -48.132  52.540 0.0000000000
78462  -51.946  -13.393  47.933 0.0000000000
77287  -52.379  -13.819  48.488 0.0000000000
68747  -47.411  -22.758  47.898 0.0000000000
63684  -38.260  -25.673  53.385 0.0000000000
62457  -39.095  -25.599  53.825 0.0000000000
73302  -46.343  -18.214  41.299 0.0000000000
74291  -46.456  -18.017  41.482 0.0000000000
74282  -46.719  -17.633  41.753 0.0000000000
74281  -46.297  -17.158  41.253 0.0000000000
76293  -46.790  -16.060  41.436 0.0000000000
76294  -47.306  -15.790  41.868 0.0000000000
76283  -47.493  -15.379  42.591 0.0000000000
76273  -48.448  -15.253  44.047 0.0000000000
77325  -48.784  -14.969  44.487 0.0000000000
76264  -49.522  -15.681  44.855 0.0000000000
76249  -49.527  -15.270  45.150 0.0000000000
77313  -49.558  -14.809  45.412 0.0000000000
77314  -49.988  -14.445  46.081 0.0000000000
37146  -15.603  -47.440  62.318 0.0000000000
35826  -15.154  -48.746  61.832 0.0000000000
41140  -19.219  -45.145  64.557 0.0000000000
38501  -17.850  -46.011  62.415 0.0000000000
37164  -16.659  -47.471  61.994 0.0000000000
35835  -16.905  -48.110  61.165 0.0000000000
35834  -16.391  -48.594  61.233 0.0000000000
35828  -16.445  -47.995  61.632 0.0000000000
34524  -15.921  -49.203  61.203 0.0000000000
34529  -14.508  -49.240  60.218 0.0000000000
34541  -14.028  -49.345  59.167 0.0000000000
35855  -14.091  -49.222  58.647 0.0000000000
34566  -13.631  -49.648  58.337 0.0000000000
34565  -12.835  -50.089  57.903 0.0000000000
34590  -11.980  -50.090  55.578 0.0000000000
39925  -22.812  -44.717  52.082 0.0000000000
39905  -23.066  -45.018  52.440 0.0000000000
39904  -22.448  -44.971  52.659 0.0000000000
38625  -22.856  -45.270  53.058 0.0000000000
38594  -22.101  -45.593  54.836 0.0000000000
41242  -19.207  -44.030  52.170 0.0000000000
39892  -20.499  -45.166  54.048 0.0000000000
38577  -21.952  -45.755  55.827 0.0000000000
38559  -21.762  -45.913  56.723 0.0000000000
38536  -20.911  -46.215  58.160 0.0000000000
38524  -20.064  -46.299  59.512 0.0000000000
37185  -19.362  -46.449  59.334 0.0000000000
37199  -19.031  -46.481  58.354 0.0000000000
37190  -18.737  -46.566  59.016 0.0000000000
37197  -16.281  -47.391  58.782 0.0000000000
38571  -15.641  -46.728  56.121 0.0000000000
37196  -15.496  -47.763  58.455 0.0000000000
37209  -14.177  -48.242  57.219 0.0000000000
35894  -13.327  -48.811  56.601 0.0000000000
37235  -13.112  -48.488  55.243 0.0000000000
37221  -13.199  -48.544  55.807 0.0000000000
35893  -12.750  -49.012  55.837 0.0000000000
55882  -7.714  -33.434  56.208 0.0000000000
54946  -7.034  -34.225  56.320 0.0000000000
52864  -9.639  -35.889  54.285 0.0000000000
53954  -9.053  -34.990  54.490 0.0000000000
53953  -8.102  -34.927  54.675 0.0000000000
53940  -7.432  -34.895  55.206 0.0000000000
53926  -6.820  -34.660  55.857 0.0000000000
52847  -6.496  -36.097  54.566 0.0000000000
51755  -6.638  -36.526  53.461 0.0000000000
49480  -7.844  -37.815  53.211 0.0000000000
50657  -7.855  -37.490  52.405 0.0000000000
51767  -6.962  -36.315  52.642 0.0000000000
52907  -7.168  -36.099  51.983 0.0000000000
53993  -7.734  -35.467  50.927 0.0000000000
48266  -12.584  -40.270  55.546 0.0000000000
48280  -12.260  -40.042  54.216 0.0000000000
48305  -11.320  -39.140  52.732 0.0000000000
45933  -9.924  -42.351  50.858 0.0000000000
47128  -11.073  -41.909  51.339 0.0000000000
47129  -11.583  -41.260  51.482 0.0000000000
47156  -11.029  -40.966  49.758 0.0000000000
47144  -11.314  -40.823  50.463 0.0000000000
49506  -11.361  -39.124  52.248 0.0000000000
49505  -10.821  -38.771  52.398 0.0000000000
49523  -10.328  -38.878  51.853 0.0000000000
51797  -8.628  -37.319  50.750 0.0000000000
52909  -8.235  -36.354  50.986 0.0000000000
53994  -8.183  -36.038  50.678 0.0000000000
54002  -7.827  -35.112  50.108 0.0000000000
55041  -6.998  -34.490  47.649 0.0000000000
54024  -6.942  -34.965  47.543 0.0000000000
48166  -8.268  -41.421  62.076 0.0000000000
41160  -14.276  -45.472  62.234 0.0000000000
42397  -13.679  -45.025  62.459 0.0000000000
42396  -12.575  -45.005  62.656 0.0000000000
41143  -12.160  -45.903  62.649 0.0000000000
43551  -11.897  -44.786  62.659 0.0000000000
43550  -11.286  -44.648  62.626 0.0000000000
37162  -10.038  -48.390  61.096 0.0000000000
38507  -9.702  -47.553  61.283 0.0000000000
38495  -9.903  -46.757  61.758 0.0000000000
39822  -9.659  -46.045  62.072 0.0000000000
42393  -9.894  -44.949  62.535 0.0000000000
43561  -10.226  -43.870  62.655 0.0000000000
43560  -9.524  -43.781  62.457 0.0000000000
43559  -9.139  -43.733  62.404 0.0000000000
44642  -8.927  -43.628  62.341 0.0000000000
42390  -8.479  -44.328  61.978 0.0000000000
44632  -8.153  -43.810  62.136 0.0000000000
44641  -8.332  -43.509  62.240 0.0000000000
45785  -8.174  -42.888  62.219 0.0000000000
46973  -8.019  -42.476  61.845 0.0000000000
46983  -8.086  -42.212  61.535 0.0000000000
46995  -7.962  -42.545  61.102 0.0000000000
47010  -7.892  -42.803  60.842 0.0000000000
44663  -8.132  -44.457  60.258 0.0000000000
43578  -8.310  -45.108  59.915 0.0000000000
42421  -8.104  -45.833  59.194 0.0000000000
39847  -6.396  -47.666  59.431 0.0000000000
39852  -5.706  -47.924  58.495 0.0000000000
38532  -4.998  -48.623  58.065 0.0000000000
41195  -6.320  -46.861  56.682 0.0000000000
41198  -4.362  -47.076  55.337 0.0000000000
39866  -4.117  -47.760  55.805 0.0000000000
39888  -3.905  -47.588  53.871 0.0000000000
29236  -7.984  -54.045  57.099 0.0000000000
29235  -7.213  -54.137  57.222 0.0000000000
26586  -6.838  -56.317  54.633 0.0000000000
26587  -7.077  -55.957  54.824 0.0000000000
27876  -6.780  -55.382  55.761 0.0000000000
29249  -6.786  -54.775  56.466 0.0000000000
30630  -6.324  -54.278  57.278 0.0000000000
30629  -5.747  -54.575  56.709 0.0000000000
31986  -5.582  -53.622  57.150 0.0000000000
33294  -5.082  -52.988  56.290 0.0000000000
30652  -5.493  -54.596  55.011 0.0000000000
32015  -5.171  -53.932  55.645 0.0000000000
33304  -4.827  -52.302  55.580 0.0000000000
33315  -4.830  -52.395  54.711 0.0000000000
34599  -4.672  -51.801  54.302 0.0000000000
30688  -5.818  -54.365  52.388 0.0000000000
32057  -5.340  -53.496  52.932 0.0000000000
32056  -4.967  -53.056  53.449 0.0000000000
35917  -4.765  -50.684  53.453 0.0000000000
35931  -5.507  -50.495  52.930 0.0000000000
37269  -5.185  -49.392  52.333 0.0000000000
37282  -7.322  -49.764  50.766 0.0000000000
34681  -9.032  -51.781  47.910 0.0000000000
25354  -7.037  -56.496  54.443 0.0000000000
25362  -6.936  -56.733  54.058 0.0000000000
26575  -6.905  -55.755  55.061 0.0000000000
26576  -7.396  -55.734  55.241 0.0000000000
26585  -6.383  -56.192  54.637 0.0000000000
27919  -6.170  -55.597  53.121 0.0000000000
29230  -10.998  -53.004  58.181 0.0000000000
29250  -7.413  -54.390  56.763 0.0000000000
29260  -6.155  -55.305  56.165 0.0000000000
29261  -6.546  -55.194  56.126 0.0000000000
29296  -5.669  -55.263  53.616 0.0000000000
29313  -6.134  -55.322  53.148 0.0000000000
30591  -9.043  -52.354  59.119 0.0000000000
30593  -9.792  -52.491  59.081 0.0000000000
30596  -8.386  -52.425  58.633 0.0000000000
30600  -10.495  -52.502  58.894 0.0000000000
30601  -11.121  -52.419  58.926 0.0000000000
31949  -12.460  -50.708  59.726 0.0000000000
31959  -7.251  -52.317  58.353 0.0000000000
31960  -7.781  -52.271  58.542 0.0000000000
33238  -9.366  -51.337  59.871 0.0000000000
33242  -12.205  -50.823  60.546 0.0000000000
33251  -13.809  -49.610  60.198 0.0000000000
33254  -8.578  -51.941  59.564 0.0000000000
33273  -6.516  -52.198  58.416 0.0000000000
33327  -4.856  -53.104  53.909 0.0000000000
34512  -13.012  -49.685  61.242 0.0000000000
34516  -15.800  -48.920  61.548 0.0000000000
34521  -13.320  -49.736  60.664 0.0000000000
34522  -13.872  -49.512  60.804 0.0000000000
34531  -16.230  -49.420  60.909 0.0000000000
34540  -6.844  -51.187  59.463 0.0000000000
34659  -7.336  -52.444  50.433 0.0000000000
35818  -16.270  -47.831  61.971 0.0000000000
35829  -16.857  -47.839  61.353 0.0000000000
35833  -16.067  -48.699  61.506 0.0000000000
35836  -17.337  -47.363  60.871 0.0000000000
35842  -6.945  -49.622  59.351 0.0000000000
35844  -16.172  -48.825  60.728 0.0000000000
36000  -7.642  -50.198  50.407 0.0000000000
36001  -8.108  -50.811  50.094 0.0000000000
37144  -14.360  -47.657  62.033 0.0000000000
37145  -14.882  -47.627  62.281 0.0000000000
37148  -16.905  -46.668  62.466 0.0000000000
37163  -10.566  -48.625  61.440 0.0000000000
37167  -19.329  -46.313  61.838 0.0000000000
37175  -8.270  -49.255  59.309 0.0000000000
37183  -17.429  -47.230  59.992 0.0000000000
37233  -3.886  -49.050  55.131 0.0000000000
37321  -7.179  -48.081  50.184 0.0000000000
38493  -18.384  -45.643  62.692 0.0000000000
38494  -18.843  -45.622  62.520 0.0000000000
38502  -18.527  -45.845  62.394 0.0000000000
38503  -19.166  -46.091  62.193 0.0000000000
38504  -20.040  -46.224  62.373 0.0000000000
38509  -19.362  -46.185  62.050 0.0000000000
38511  -20.507  -46.429  62.315 0.0000000000
38515  -20.497  -45.847  61.530 0.0000000000
38516  -20.853  -45.653  61.101 0.0000000000
38537  -21.277  -45.946  58.235 0.0000000000
38569  -3.950  -48.694  55.938 0.0000000000
38623  -21.825  -45.302  53.270 0.0000000000
38672  -7.964  -48.300  49.472 0.0000000000
39810  -11.866  -46.138  62.613 0.0000000000
39811  -12.652  -46.225  62.204 0.0000000000
39817  -17.703  -45.651  62.961 0.0000000000
39818  -18.388  -45.503  62.944 0.0000000000
39819  -18.951  -45.284  62.899 0.0000000000
39828  -19.957  -45.858  62.114 0.0000000000
39832  -20.770  -46.158  62.410 0.0000000000
39851  -5.303  -48.121  57.951 0.0000000000
39877  -14.968  -46.467  54.861 0.0000000000
39933  -29.888  -45.045  50.343 0.0000000000
39946  -4.662  -46.691  51.254 0.0000000000
39959  -30.317  -45.225  50.043 0.0000000000
39961  -32.071  -45.181  50.264 0.0000000000
39987  -32.232  -45.178  49.999 0.0000000000
39996  -7.097  -46.925  50.052 0.0000000000
40005  -29.568  -44.866  49.387 0.0000000000
40007  -31.160  -44.777  49.487 0.0000000000
40016  -7.987  -47.141  49.143 0.0000000000
41139  -18.804  -45.224  64.108 0.0000000000
41142  -11.736  -45.857  62.698 0.0000000000
41151  -18.994  -45.117  63.806 0.0000000000
41152  -19.178  -45.037  63.588 0.0000000000
41153  -19.487  -45.002  62.809 0.0000000000
41164  -20.004  -45.144  62.428 0.0000000000
41171  -21.265  -45.265  61.689 0.0000000000
41174  -20.931  -45.500  61.647 0.0000000000
41199  -4.949  -46.522  55.788 0.0000000000
41204  -15.244  -46.256  54.653 0.0000000000
41224  -33.434  -43.441  51.584 0.0000000000
41237  -33.740  -44.067  51.354 0.0000000000
41239  -4.557  -45.822  51.432 0.0000000000
41247  -34.015  -44.526  51.098 0.0000000000
41254  -4.872  -45.951  50.685 0.0000000000
41262  -33.400  -44.886  50.502 0.0000000000
41283  -32.408  -45.061  49.681 0.0000000000
41285  -33.849  -44.843  50.528 0.0000000000
41295  -7.708  -45.779  48.497 0.0000000000
41305  -31.307  -44.537  49.112 0.0000000000
41307  -32.826  -44.812  49.339 0.0000000000
41317  -7.230  -46.735  49.745 0.0000000000
41319  -8.084  -46.312  48.534 0.0000000000
41329  -29.056  -44.303  48.961 0.0000000000
41333  -31.868  -44.319  48.948 0.0000000000
41352  -30.101  -44.382  48.313 0.0000000000
42384  -19.084  -45.026  65.254 0.0000000000
42392  -9.335  -44.744  62.268 0.0000000000
42403  -8.162  -44.484  61.573 0.0000000000
42405  -8.750  -45.072  61.810 0.0000000000
42443  -6.818  -45.462  55.275 0.0000000000
42458  -34.796  -42.618  53.025 0.0000000000
42459  -35.115  -42.704  53.097 0.0000000000
42473  -5.085  -45.976  52.025 0.0000000000
42474  -4.703  -45.760  51.600 0.0000000000
42478  -33.888  -44.005  51.807 0.0000000000
42479  -34.604  -43.755  51.643 0.0000000000
42482  -4.645  -45.573  51.519 0.0000000000
42487  -34.333  -44.402  51.091 0.0000000000
42488  -34.528  -44.126  51.153 0.0000000000
42498  -34.540  -44.206  50.618 0.0000000000
42499  -34.634  -43.913  50.926 0.0000000000
42507  -4.792  -45.135  50.092 0.0000000000
42508  -4.932  -45.343  49.779 0.0000000000
42517  -34.469  -44.227  50.161 0.0000000000
42523  -4.970  -45.076  49.440 0.0000000000
42527  -7.470  -45.566  48.498 0.0000000000
42535  -33.674  -44.320  49.597 0.0000000000
42552  -31.323  -44.294  48.163 0.0000000000
42568  -24.010  -43.153  48.707 0.0000000000
42578  -32.041  -44.005  48.320 0.0000000000
43545  -8.230  -44.085  62.036 0.0000000000
43546  -8.603  -44.112  62.149 0.0000000000
43596  -8.950  -45.144  56.278 0.0000000000
43605  -35.544  -42.087  55.906 0.0000000000
43619  -5.532  -45.429  53.432 0.0000000000
43627  -5.462  -45.350  52.813 0.0000000000
43634  -35.904  -42.482  53.738 0.0000000000
43635  -5.084  -45.329  51.856 0.0000000000
43636  -35.129  -42.738  52.484 0.0000000000
43638  -5.173  -45.184  51.187 0.0000000000
43639  -34.920  -42.847  51.842 0.0000000000
43640  -35.370  -42.489  52.476 0.0000000000
43642  -5.129  -44.189  50.068 0.0000000000
43645  -34.557  -43.756  50.629 0.0000000000
43646  -34.536  -43.185  51.009 0.0000000000
43658  -34.518  -43.161  50.565 0.0000000000
43664  -4.895  -44.740  49.444 0.0000000000
43667  -6.238  -44.232  48.515 0.0000000000
43674  -34.015  -43.434  49.692 0.0000000000
43679  -5.508  -43.967  48.246 0.0000000000
43680  -5.212  -44.125  48.228 0.0000000000
43681  -6.804  -44.379  47.987 0.0000000000
44633  -8.466  -43.837  62.224 0.0000000000
44648  -14.194  -42.981  62.628 0.0000000000
44693  -35.178  -41.635  56.805 0.0000000000
44704  -35.679  -41.825  56.006 0.0000000000
44705  -6.129  -45.280  53.532 0.0000000000
44717  -6.777  -44.178  52.854 0.0000000000
44723  -5.508  -45.278  52.532 0.0000000000
44724  -5.909  -45.217  52.586 0.0000000000
44725  -6.777  -43.899  52.811 0.0000000000
44726  -6.835  -43.630  52.744 0.0000000000
44731  -36.039  -42.243  53.559 0.0000000000
44744  -5.391  -44.747  51.012 0.0000000000
44745  -5.450  -44.182  50.521 0.0000000000
44762  -5.396  -44.142  48.003 0.0000000000
44776  -6.043  -42.617  47.756 0.0000000000
44792  -6.145  -42.584  47.516 0.0000000000
44810  -6.175  -42.450  47.088 0.0000000000
45784  -7.962  -42.909  62.055 0.0000000000
45796  -7.902  -42.959  61.800 0.0000000000
45808  -7.915  -43.144  60.894 0.0000000000
45810  -7.999  -42.478  60.422 0.0000000000
45818  -34.702  -39.914  58.799 0.0000000000
45820  -8.147  -42.273  60.262 0.0000000000
45830  -35.015  -40.437  58.385 0.0000000000
45831  -35.226  -40.625  58.039 0.0000000000
45839  -34.979  -40.979  57.795 0.0000000000
45851  -35.208  -41.370  56.969 0.0000000000
45861  -35.888  -41.457  55.569 0.0000000000
45863  -6.321  -45.337  53.101 0.0000000000
45891  -6.600  -44.043  52.584 0.0000000000
45892  -6.897  -43.654  52.597 0.0000000000
45893  -8.211  -43.951  52.704 0.0000000000
45903  -36.302  -42.101  53.837 0.0000000000
45904  -5.935  -44.072  51.915 0.0000000000
45919  -8.184  -42.514  51.120 0.0000000000
45930  -8.039  -42.476  50.885 0.0000000000
45931  -8.394  -42.466  50.775 0.0000000000
45940  -34.776  -41.782  50.509 0.0000000000
45950  -34.502  -41.494  50.008 0.0000000000
45951  -34.629  -41.244  50.392 0.0000000000
45959  -5.964  -42.377  47.826 0.0000000000
45974  -5.685  -42.009  46.883 0.0000000000
45975  -5.518  -41.470  46.367 0.0000000000
46974  -8.106  -42.385  62.070 0.0000000000
46985  -8.397  -41.281  62.232 0.0000000000
46996  -8.275  -41.815  61.029 0.0000000000
46997  -8.421  -41.612  60.857 0.0000000000
47022  -35.285  -40.241  59.737 0.0000000000
47023  -35.454  -40.080  59.605 0.0000000000
47035  -8.273  -42.890  59.628 0.0000000000
47045  -35.455  -40.375  57.979 0.0000000000
47088  -6.692  -43.623  52.325 0.0000000000
47099  -36.228  -41.767  53.496 0.0000000000
47110  -12.507  -41.041  52.746 0.0000000000
47116  -36.353  -41.480  52.958 0.0000000000
47117  -36.395  -40.892  52.858 0.0000000000
47123  -6.415  -43.592  51.464 0.0000000000
47127  -8.166  -42.558  51.359 0.0000000000
47131  -36.068  -40.732  52.671 0.0000000000
47151  -6.285  -42.256  49.293 0.0000000000
47157  -11.337  -40.573  49.974 0.0000000000
47166  -8.547  -41.125  48.711 0.0000000000
47177  -5.863  -41.998  47.543 0.0000000000
47186  -5.878  -41.817  47.207 0.0000000000
48164  -8.109  -42.232  61.934 0.0000000000
48165  -8.232  -41.918  62.100 0.0000000000
48175  -8.160  -42.034  61.808 0.0000000000
48189  -34.847  -39.444  60.431 0.0000000000
48190  -8.682  -41.265  61.145 0.0000000000
48201  -8.784  -41.104  60.599 0.0000000000
48202  -8.600  -41.322  60.494 0.0000000000
48211  -35.661  -39.877  59.959 0.0000000000
48241  -35.589  -39.923  57.731 0.0000000000
48275  -36.538  -40.338  55.384 0.0000000000
48276  -36.369  -40.488  55.058 0.0000000000
48277  -10.466  -37.989  53.226 0.0000000000
48298  -35.782  -40.708  54.075 0.0000000000
48329  -35.742  -40.256  52.427 0.0000000000
48330  -36.006  -40.608  52.797 0.0000000000
48339  -7.977  -42.147  49.991 0.0000000000
48340  -11.398  -40.075  50.184 0.0000000000
48350  -7.092  -41.500  48.853 0.0000000000
48353  -10.054  -40.664  48.925 0.0000000000
48362  -6.367  -41.167  47.236 0.0000000000
48363  -6.981  -40.366  47.785 0.0000000000
48367  -9.591  -40.345  48.654 0.0000000000
48368  -10.142  -40.081  48.881 0.0000000000
48377  -7.073  -40.047  47.758 0.0000000000
48378  -7.445  -40.056  47.906 0.0000000000
49375  -8.975  -40.601  61.590 0.0000000000
49389  -9.189  -40.657  61.055 0.0000000000
49397  -8.778  -40.997  60.412 0.0000000000
49406  -35.139  -39.137  59.994 0.0000000000
49408  -8.688  -41.040  60.120 0.0000000000
49427  -35.258  -39.138  58.280 0.0000000000
49443  -9.200  -37.194  53.699 0.0000000000
49444  -9.586  -37.172  53.753 0.0000000000
49445  -9.876  -37.156  53.818 0.0000000000
49457  -7.507  -37.139  53.291 0.0000000000
49458  -7.798  -37.321  53.370 0.0000000000
49460  -8.989  -37.499  53.479 0.0000000000
49479  -7.470  -37.197  53.053 0.0000000000
49481  -8.110  -37.954  52.996 0.0000000000
49483  -9.711  -38.147  53.080 0.0000000000
49500  -7.419  -37.045  52.879 0.0000000000
49501  -7.681  -37.389  52.752 0.0000000000
49502  -8.004  -37.958  52.436 0.0000000000
49516  -35.753  -39.655  53.224 0.0000000000
49520  -8.042  -38.093  52.047 0.0000000000
49521  -8.216  -38.430  51.893 0.0000000000
49555  -6.630  -41.083  47.995 0.0000000000
49557  -10.916  -39.905  49.427 0.0000000000
49564  -6.764  -39.733  47.543 0.0000000000
49569  -10.687  -39.524  49.081 0.0000000000
49570  -11.081  -39.214  49.218 0.0000000000
49579  -7.076  -39.348  48.096 0.0000000000
49582  -9.626  -38.949  47.877 0.0000000000
50569  -34.829  -38.225  60.050 0.0000000000
50586  -35.362  -38.407  58.816 0.0000000000
50610  -7.112  -36.949  53.974 0.0000000000
50612  -7.948  -36.568  54.137 0.0000000000
50613  -8.758  -36.731  53.947 0.0000000000
50615  -10.086  -37.107  53.921 0.0000000000
50628  -7.823  -36.880  53.752 0.0000000000
50629  -8.278  -36.942  53.780 0.0000000000
50644  -7.117  -36.855  53.383 0.0000000000
50655  -7.115  -36.776  53.008 0.0000000000
50656  -7.555  -37.044  52.675 0.0000000000
50658  -10.915  -38.722  52.110 0.0000000000
50659  -11.221  -38.853  52.129 0.0000000000
50667  -35.854  -39.259  53.188 0.0000000000
50671  -7.350  -36.788  52.731 0.0000000000
50672  -7.661  -36.894  52.038 0.0000000000
50674  -7.973  -38.473  51.377 0.0000000000
50675  -11.091  -38.779  51.934 0.0000000000
50676  -11.292  -38.900  51.902 0.0000000000
50710  -11.140  -38.873  49.247 0.0000000000
50718  -6.027  -39.436  46.811 0.0000000000
50720  -6.413  -38.896  47.419 0.0000000000
50721  -6.805  -38.694  47.550 0.0000000000
50724  -10.991  -39.081  49.003 0.0000000000
50736  -9.359  -38.372  47.704 0.0000000000
50744  -6.919  -37.809  46.851 0.0000000000
51682  -35.538  -37.712  59.217 0.0000000000
51711  -6.872  -36.674  54.157 0.0000000000
51712  -7.286  -36.382  54.405 0.0000000000
51715  -9.694  -36.731  54.053 0.0000000000
51733  -6.756  -36.708  53.863 0.0000000000
51734  -6.432  -36.475  53.877 0.0000000000
51756  -6.263  -36.313  53.716 0.0000000000
51766  -6.914  -36.466  52.930 0.0000000000
51778  -7.349  -36.621  52.538 0.0000000000
51779  -7.652  -36.660  52.091 0.0000000000
51795  -8.164  -37.399  51.555 0.0000000000
51796  -7.963  -37.618  51.108 0.0000000000
51799  -10.194  -37.884  49.523 0.0000000000
51812  -10.263  -37.961  48.881 0.0000000000
51832  -7.548  -37.346  46.969 0.0000000000
51843  -7.015  -37.286  46.835 0.0000000000
52808  -35.424  -36.295  59.999 0.0000000000
52815  -35.492  -36.213  59.786 0.0000000000
52849  -7.811  -35.654  54.585 0.0000000000
52860  -6.087  -36.236  54.098 0.0000000000
52861  -6.229  -36.406  54.000 0.0000000000
52880  -5.583  -35.864  53.776 0.0000000000
52881  -6.088  -36.137  53.603 0.0000000000
52882  -6.073  -36.252  53.853 0.0000000000
52894  -6.376  -35.946  53.079 0.0000000000
52932  -8.087  -35.693  49.158 0.0000000000
53893  -35.416  -35.984  60.049 0.0000000000
53902  -35.521  -36.055  59.924 0.0000000000
53911  -35.658  -36.557  58.214 0.0000000000
53927  -7.180  -34.537  55.798 0.0000000000
53952  -5.852  -35.756  54.655 0.0000000000
53970  -5.615  -35.479  53.729 0.0000000000
53982  -5.989  -35.731  53.442 0.0000000000
53983  -6.238  -35.595  53.201 0.0000000000
54013  -8.077  -35.536  49.770 0.0000000000
54026  -7.772  -35.950  47.523 0.0000000000
54035  -7.705  -36.114  47.295 0.0000000000
54938  -35.267  -35.259  57.597 0.0000000000
54939  -35.291  -35.704  57.221 0.0000000000
54945  -6.326  -34.258  56.529 0.0000000000
54947  -7.479  -33.967  56.170 0.0000000000
54952  -35.482  -35.006  56.338 0.0000000000
54959  -5.701  -34.723  55.755 0.0000000000
54960  -7.468  -34.371  55.741 0.0000000000
54969  -35.407  -35.025  56.025 0.0000000000
54976  -7.820  -34.516  55.198 0.0000000000
54977  -8.414  -34.432  54.876 0.0000000000
54989  -5.272  -34.995  54.251 0.0000000000
54990  -5.522  -34.622  53.986 0.0000000000
54994  -34.590  -35.214  53.384 0.0000000000
55844  -34.398  -34.392  60.530 0.0000000000
55864  -34.439  -33.759  58.617 0.0000000000
55890  -35.484  -35.029  56.671 0.0000000000
55896  -5.251  -33.087  55.612 0.0000000000
55907  -35.146  -35.089  54.793 0.0000000000
55921  -34.637  -34.751  54.479 0.0000000000
56829  -34.934  -34.273  58.441 0.0000000000
56840  -34.320  -33.744  57.859 0.0000000000
56915  -34.036  -34.309  53.391 0.0000000000
57860  -32.173  -31.527  59.737 0.0000000000
57861  -32.431  -31.673  60.082 0.0000000000
57899  -33.441  -33.376  56.353 0.0000000000
57913  -32.882  -32.954  56.070 0.0000000000
58929  -32.669  -31.048  60.928 0.0000000000
58955  -32.408  -31.991  58.165 0.0000000000
58968  -32.423  -32.739  56.946 0.0000000000
60036  -31.522  -29.857  59.151 0.0000000000
60037  -31.866  -29.781  59.832 0.0000000000
61183  -31.850  -28.297  57.760 0.0000000000
61193  -31.940  -28.200  57.122 0.0000000000
62376  -32.306  -27.866  58.204 0.0000000000
62391  -36.427  -26.360  57.194 0.0000000000
62403  -35.866  -26.266  56.334 0.0000000000
62405  -36.470  -26.297  56.924 0.0000000000
62414  -32.339  -27.403  55.758 0.0000000000
62416  -34.255  -26.280  55.445 0.0000000000
62472  -40.594  -24.737  53.161 0.0000000000
63605  -33.669  -26.651  56.982 0.0000000000
63608  -36.056  -26.386  57.474 0.0000000000
63609  -35.824  -26.162  57.132 0.0000000000
63624  -36.355  -26.239  57.154 0.0000000000
63641  -35.359  -26.300  56.126 0.0000000000
63660  -37.141  -26.232  54.381 0.0000000000
63686  -41.766  -24.673  53.390 0.0000000000
63707  -40.061  -24.647  52.710 0.0000000000
63721  -32.968  -26.180  51.708 0.0000000000
63731  -42.191  -24.701  51.629 0.0000000000
63747  -37.922  -25.093  51.356 0.0000000000
63752  -42.194  -24.508  51.210 0.0000000000
63753  -42.490  -24.501  51.224 0.0000000000
63764  -35.255  -25.042  50.013 0.0000000000
63766  -37.859  -24.831  50.865 0.0000000000
63767  -38.317  -24.573  50.633 0.0000000000
63780  -37.657  -24.730  50.209 0.0000000000
64954  -36.197  -26.348  54.816 0.0000000000
64965  -35.977  -26.136  54.752 0.0000000000
64966  -36.022  -25.902  54.553 0.0000000000
64967  -42.001  -24.547  53.239 0.0000000000
64991  -41.932  -24.700  52.609 0.0000000000
65006  -39.971  -24.221  50.494 0.0000000000
65008  -41.830  -24.390  50.770 0.0000000000
65009  -42.476  -24.383  50.886 0.0000000000
65010  -42.729  -24.480  51.303 0.0000000000
65026  -39.237  -24.267  50.123 0.0000000000
65027  -41.100  -23.904  50.176 0.0000000000
65058  -36.073  -24.203  47.794 0.0000000000
66245  -40.179  -24.038  50.271 0.0000000000
66246  -42.718  -24.272  50.724 0.0000000000
66256  -39.801  -24.004  50.061 0.0000000000
66258  -41.372  -23.749  49.782 0.0000000000
66261  -44.325  -23.742  49.901 0.0000000000
66339  -43.536  -21.800  43.049 0.0000000000
66341  -44.297  -21.606  43.187 0.0000000000
66356  -43.812  -21.688  42.781 0.0000000000
66357  -44.224  -21.610  42.990 0.0000000000
66377  -44.123  -21.606  42.646 0.0000000000
67521  -39.659  -23.604  48.578 0.0000000000
67549  -47.111  -23.111  48.025 0.0000000000
67562  -42.863  -22.352  46.551 0.0000000000
67565  -46.298  -23.092  47.560 0.0000000000
67582  -45.858  -21.618  44.966 0.0000000000
67583  -46.347  -21.524  44.878 0.0000000000
67651  -43.834  -21.731  42.021 0.0000000000
67652  -44.422  -21.520  42.285 0.0000000000
68728  -43.242  -22.785  48.162 0.0000000000
68742  -41.752  -22.965  47.807 0.0000000000
68753  -41.438  -22.804  47.619 0.0000000000
68796  -46.317  -21.114  43.876 0.0000000000
68819  -45.319  -21.025  42.479 0.0000000000
68838  -44.392  -21.345  41.711 0.0000000000
68840  -45.546  -20.734  42.320 0.0000000000
69870  -50.169  -20.753  47.137 0.0000000000
69895  -48.040  -20.721  44.084 0.0000000000
69914  -45.782  -20.658  42.403 0.0000000000
71035  -49.757  -20.472  46.493 0.0000000000
71041  -48.930  -20.572  45.546 0.0000000000
71057  -47.821  -20.292  43.563 0.0000000000
71079  -45.605  -19.931  41.452 0.0000000000
72159  -49.457  -19.274  44.523 0.0000000000
72168  -49.282  -19.336  44.094 0.0000000000
72169  -49.470  -19.320  44.277 0.0000000000
72195  -46.717  -19.311  42.125 0.0000000000
73269  -49.438  -19.100  44.214 0.0000000000
73292  -46.414  -18.896  41.420 0.0000000000
73301  -46.028  -18.619  40.908 0.0000000000
74254  -49.227  -17.245  44.855 0.0000000000
74290  -46.117  -17.595  41.033 0.0000000000
75234  -49.919  -16.442  45.278 0.0000000000
75241  -47.448  -16.903  43.507 0.0000000000
75261  -46.486  -16.678  41.362 0.0000000000
77322  -49.095  -15.229  44.745 0.0000000000
78463  -52.412  -13.100  48.419 0.0000000000
78500  -48.685  -13.047  43.468 0.0000000000
79541  -49.194  -12.352  43.477 0.0000000000
80546  -51.557  -11.245  45.379 0.0000000000
80554  -51.999  -10.851  45.097 0.0000000000
81554  -53.354  -10.097  45.587 0.0000000000
81568  -51.091  -10.544  43.424 0.0000000000
81570  -52.153  -10.149  43.786 0.0000000000
81608  -51.667  -9.984  39.629 0.0000000000
82642  -54.858  -9.148  46.363 0.0000000000
82658  -52.784  -10.120  44.502 0.0000000000
82677  -53.776  -8.994  43.639 0.0000000000
82688  -51.875  -9.731  42.742 0.0000000000
82727  -52.067  -9.486  39.782 0.0000000000
83774  -52.951  -9.075  42.832 0.0000000000
84957  -54.036  -6.855  37.807 0.0000000000
86041  -55.036  -5.596  39.070 0.0000000000
86067  -54.645  -5.931  37.783 0.0000000000
86081  -53.550  -6.532  35.927 0.0000000000
87178  -54.552  -5.523  36.498 0.0000000000
87188  -54.781  -5.127  36.178 0.0000000000
88262  -55.361  -4.774  36.851 0.0000000000
88276  -54.763  -4.674  35.043 0.0000000000
89367  -55.155  -4.211  34.844 0.0000000000
89370  -56.830  -3.039  34.813 0.0000000000
141897  -37.197  -25.069  50.327 0.0000000000
141904  -36.052  -24.908  48.856 0.0000000000
