#!ascii label  , from subject S5_08 vox2ras=TkReg
1610
65179  -45.390  -26.347  38.468 0.0000000000
80642  -57.592  -11.803  35.457 0.0000000000
74330  -49.363  -17.907  35.531 0.0000000000
30719  -15.366  -55.275  50.285 0.0000000000
62579  -38.459  -29.243  43.938 0.0000000000
35966  -32.101  -50.212  51.061 0.0000000000
41313  -42.105  -46.476  49.272 0.0000000000
52950  -42.423  -36.730  48.213 0.0000000000
56972  -41.299  -32.165  49.556 0.0000000000
37353  -22.336  -50.183  46.776 0.0000000000
35961  -27.139  -50.612  51.661 0.0000000000
38734  -27.098  -49.086  45.225 0.0000000000
43748  -36.805  -44.629  43.894 0.0000000000
47203  -40.677  -41.385  45.609 0.0000000000
62551  -47.254  -28.340  45.951 0.0000000000
63847  -51.725  -27.076  44.387 0.0000000000
77416  -52.782  -15.182  35.184 0.0000000000
67729  -47.833  -23.059  36.102 0.0000000000
80701  -56.578  -11.218  30.748 0.0000000000
24157  -12.221  -59.297  50.342 0.0000000000
60183  -43.131  -30.044  47.793 0.0000000000
61413  -42.858  -28.782  41.554 0.0000000000
40084  -31.639  -47.565  44.511 0.0000000000
38665  -36.603  -48.378  49.498 0.0000000000
69896  -54.380  -22.065  42.894 0.0000000000
87240  -64.495  -5.591  28.871 0.0000000000
52976  -41.176  -36.423  45.665 0.0000000000
56011  -40.874  -33.747  46.185 0.0000000000
38708  -24.530  -49.425  45.871 0.0000000000
48416  -38.648  -40.441  44.139 0.0000000000
50773  -40.282  -38.360  44.783 0.0000000000
50738  -41.808  -39.169  46.944 0.0000000000
62634  -46.922  -27.611  41.715 0.0000000000
62567  -49.613  -27.888  45.666 0.0000000000
65137  -48.698  -26.127  41.344 0.0000000000
78580  -56.076  -13.481  35.992 0.0000000000
78535  -55.373  -13.351  39.090 0.0000000000
82775  -59.169  -9.564  35.436 0.0000000000
30764  -13.823  -54.847  47.547 0.0000000000
27944  -14.146  -56.946  50.369 0.0000000000
60193  -39.164  -29.729  46.430 0.0000000000
59112  -41.651  -30.563  48.507 0.0000000000
61344  -40.647  -28.904  45.313 0.0000000000
61365  -42.467  -28.518  44.442 0.0000000000
61392  -40.346  -29.108  42.595 0.0000000000
35963  -29.277  -50.839  51.705 0.0000000000
37238  -28.966  -50.262  55.059 0.0000000000
37242  -31.792  -49.922  54.276 0.0000000000
38629  -34.463  -49.117  52.838 0.0000000000
42649  -29.697  -45.728  41.871 0.0000000000
43781  -31.567  -45.000  42.520 0.0000000000
42581  -39.588  -45.798  45.955 0.0000000000
40038  -36.892  -47.476  46.368 0.0000000000
40010  -39.232  -47.450  48.923 0.0000000000
39937  -38.825  -47.913  51.453 0.0000000000
34676  -18.488  -51.468  48.351 0.0000000000
34642  -19.716  -51.766  51.204 0.0000000000
33321  -19.625  -52.829  54.484 0.0000000000
71141  -49.322  -20.515  35.915 0.0000000000
68861  -51.365  -22.881  39.624 0.0000000000
72216  -52.171  -20.077  39.171 0.0000000000
88326  -65.547  -4.444  27.676 0.0000000000
27909  -14.675  -56.545  53.815 0.0000000000
51791  -42.855  -37.647  51.593 0.0000000000
55006  -42.318  -34.401  52.411 0.0000000000
55038  -41.881  -34.334  49.207 0.0000000000
58040  -39.675  -31.471  47.159 0.0000000000
37285  -22.268  -50.640  49.341 0.0000000000
35936  -24.577  -50.819  52.207 0.0000000000
37308  -24.744  -50.192  49.131 0.0000000000
37335  -27.617  -50.292  48.351 0.0000000000
37337  -29.988  -50.438  48.178 0.0000000000
44883  -34.079  -43.391  42.121 0.0000000000
47243  -36.549  -41.723  42.803 0.0000000000
44826  -39.016  -43.381  44.514 0.0000000000
43711  -42.752  -44.401  46.778 0.0000000000
47183  -43.027  -41.884  47.464 0.0000000000
49560  -42.499  -39.819  49.684 0.0000000000
37373  -20.345  -49.672  45.971 0.0000000000
61271  -47.071  -29.031  49.612 0.0000000000
61240  -50.341  -28.565  51.370 0.0000000000
62520  -49.342  -27.932  48.220 0.0000000000
63800  -52.396  -26.666  47.920 0.0000000000
76344  -51.651  -16.033  35.988 0.0000000000
75278  -52.772  -17.276  38.823 0.0000000000
77363  -53.719  -15.234  39.121 0.0000000000
17518  -9.908  -64.904  51.457 0.0000000000
66437  -46.851  -25.285  37.952 0.0000000000
71155  -46.242  -20.634  34.368 0.0000000000
76372  -47.651  -16.468  33.425 0.0000000000
76388  -50.049  -15.608  33.311 0.0000000000
78603  -52.612  -14.203  32.655 0.0000000000
79665  -54.536  -12.850  32.564 0.0000000000
81677  -56.595  -11.106  32.985 0.0000000000
80698  -53.444  -11.920  30.221 0.0000000000
25373  -12.954  -58.964  54.292 0.0000000000
21482  -11.846  -61.194  53.393 0.0000000000
18832  -10.612  -63.464  52.171 0.0000000000
59038  -45.610  -30.265  53.606 0.0000000000
57964  -42.733  -31.875  52.445 0.0000000000
59069  -43.578  -30.374  51.291 0.0000000000
60152  -45.812  -29.610  50.520 0.0000000000
61309  -45.009  -29.038  47.233 0.0000000000
61382  -44.987  -28.359  43.540 0.0000000000
62658  -44.001  -27.700  39.325 0.0000000000
35898  -27.098  -50.546  55.823 0.0000000000
38753  -29.546  -48.367  44.724 0.0000000000
38691  -31.931  -49.444  47.134 0.0000000000
41392  -34.847  -46.455  44.430 0.0000000000
38718  -34.769  -48.331  46.469 0.0000000000
37316  -34.194  -49.344  50.026 0.0000000000
38646  -36.532  -48.450  51.873 0.0000000000
32159  -14.871  -53.180  46.863 0.0000000000
33383  -16.763  -52.777  47.711 0.0000000000
32103  -16.208  -53.718  49.710 0.0000000000
66400  -50.615  -24.831  40.050 0.0000000000
66342  -53.097  -24.626  42.991 0.0000000000
67584  -56.256  -23.237  45.192 0.0000000000
72179  -55.024  -19.269  42.406 0.0000000000
82794  -58.374  -9.424  33.092 0.0000000000
85007  -60.055  -8.074  32.847 0.0000000000
86129  -62.395  -6.461  31.966 0.0000000000
85030  -62.942  -7.422  30.029 0.0000000000
88297  -63.980  -5.015  31.049 0.0000000000
54059  -40.398  -35.556  44.492 0.0000000000
55074  -40.462  -34.731  44.986 0.0000000000
56053  -40.045  -34.144  43.731 0.0000000000
50792  -39.211  -38.266  43.646 0.0000000000
51887  -40.074  -37.280  44.041 0.0000000000
51866  -40.526  -37.475  44.719 0.0000000000
63889  -46.339  -27.181  40.487 0.0000000000
63867  -48.037  -27.300  42.002 0.0000000000
65163  -47.099  -26.298  39.419 0.0000000000
79638  -57.328  -12.409  36.020 0.0000000000
79609  -57.112  -12.557  37.455 0.0000000000
80618  -57.923  -11.755  37.356 0.0000000000
81634  -58.787  -10.472  37.572 0.0000000000
81660  -58.466  -10.617  35.502 0.0000000000
30748  -14.693  -54.891  48.501 0.0000000000
29364  -13.725  -55.777  48.331 0.0000000000
27945  -14.637  -56.438  50.521 0.0000000000
61341  -37.990  -28.984  44.987 0.0000000000
61324  -39.903  -29.312  46.202 0.0000000000
61362  -39.365  -28.957  44.522 0.0000000000
61363  -40.332  -28.731  44.247 0.0000000000
62597  -39.052  -29.157  43.517 0.0000000000
34593  -22.306  -52.083  54.844 0.0000000000
35965  -31.517  -50.492  51.544 0.0000000000
37261  -30.745  -50.447  53.265 0.0000000000
37263  -32.246  -49.890  52.697 0.0000000000
38613  -33.119  -49.367  53.684 0.0000000000
37274  -33.293  -49.610  51.614 0.0000000000
41339  -41.241  -46.638  48.044 0.0000000000
41337  -39.738  -46.745  47.561 0.0000000000
41286  -40.552  -47.044  49.286 0.0000000000
41264  -40.575  -46.985  49.987 0.0000000000
35954  -21.055  -51.326  50.643 0.0000000000
34630  -21.460  -51.834  52.273 0.0000000000
34617  -21.198  -52.046  53.185 0.0000000000
60099  -47.823  -29.598  53.629 0.0000000000
72252  -49.525  -19.579  35.694 0.0000000000
71131  -50.685  -20.517  37.443 0.0000000000
73332  -51.698  -19.114  37.541 0.0000000000
51818  -42.656  -37.458  49.518 0.0000000000
54010  -42.560  -35.695  50.052 0.0000000000
54020  -42.206  -35.539  49.056 0.0000000000
57016  -40.485  -32.943  46.515 0.0000000000
58053  -38.815  -31.257  45.905 0.0000000000
59137  -38.616  -30.738  46.086 0.0000000000
37329  -21.746  -50.273  47.664 0.0000000000
37286  -23.160  -50.631  49.540 0.0000000000
37331  -23.569  -50.350  48.049 0.0000000000
38709  -25.501  -49.377  45.917 0.0000000000
37357  -26.192  -50.007  47.498 0.0000000000
37358  -27.214  -50.081  47.477 0.0000000000
37336  -28.799  -50.559  48.448 0.0000000000
37382  -28.939  -49.862  46.563 0.0000000000
48455  -35.729  -40.881  42.302 0.0000000000
48403  -39.620  -40.520  44.874 0.0000000000
47220  -38.487  -41.529  44.167 0.0000000000
46003  -40.222  -42.420  45.237 0.0000000000
43732  -40.722  -44.140  45.514 0.0000000000
45986  -41.663  -42.788  46.188 0.0000000000
45970  -42.882  -42.624  47.000 0.0000000000
45969  -42.166  -42.137  46.745 0.0000000000
51824  -42.396  -38.062  47.840 0.0000000000
49573  -42.688  -39.547  48.609 0.0000000000
50727  -42.846  -38.428  48.961 0.0000000000
50706  -42.946  -38.506  50.703 0.0000000000
37352  -21.371  -49.952  46.687 0.0000000000
61311  -47.063  -28.487  47.518 0.0000000000
62503  -48.856  -28.259  48.994 0.0000000000
62537  -48.908  -27.754  47.216 0.0000000000
62588  -50.942  -27.339  44.606 0.0000000000
62555  -50.603  -27.522  46.494 0.0000000000
62557  -52.338  -27.187  46.482 0.0000000000
63802  -54.032  -26.163  47.504 0.0000000000
63837  -53.605  -26.564  45.396 0.0000000000
77400  -52.239  -15.513  35.699 0.0000000000
77373  -52.722  -15.515  37.809 0.0000000000
77386  -53.610  -14.802  37.159 0.0000000000
79556  -56.382  -12.613  40.785 0.0000000000
76387  -49.001  -15.591  33.186 0.0000000000
77435  -48.562  -15.385  32.379 0.0000000000
77465  -50.723  -14.587  31.618 0.0000000000
79675  -51.951  -13.410  30.965 0.0000000000
78604  -53.857  -13.573  32.644 0.0000000000
79677  -53.721  -12.957  31.627 0.0000000000
79678  -54.714  -12.348  31.788 0.0000000000
26655  -12.223  -57.558  48.628 0.0000000000
24156  -11.759  -59.707  50.141 0.0000000000
27891  -13.910  -57.231  56.187 0.0000000000
26605  -13.929  -57.807  53.381 0.0000000000
26590  -13.115  -58.262  55.719 0.0000000000
22801  -11.844  -61.063  55.039 0.0000000000
20122  -11.869  -61.757  54.526 0.0000000000
21481  -11.542  -61.914  53.039 0.0000000000
18815  -11.606  -62.759  53.722 0.0000000000
18820  -10.670  -63.824  52.652 0.0000000000
55952  -42.110  -33.373  50.912 0.0000000000
55943  -42.263  -33.603  52.573 0.0000000000
57992  -42.206  -31.765  50.408 0.0000000000
59113  -42.440  -30.345  48.182 0.0000000000
59081  -42.767  -30.641  50.258 0.0000000000
60149  -43.213  -30.060  49.620 0.0000000000
59070  -44.410  -30.031  51.442 0.0000000000
60165  -43.917  -29.807  49.032 0.0000000000
60186  -45.316  -29.538  48.967 0.0000000000
60199  -44.282  -29.484  47.595 0.0000000000
61394  -42.151  -28.663  42.500 0.0000000000
61381  -44.146  -28.337  43.556 0.0000000000
61396  -44.106  -28.517  42.510 0.0000000000
62631  -44.616  -28.206  41.419 0.0000000000
61439  -43.384  -28.458  40.784 0.0000000000
35937  -25.463  -50.732  52.406 0.0000000000
35921  -25.671  -50.903  53.351 0.0000000000
35922  -26.655  -50.693  53.505 0.0000000000
41407  -30.887  -46.727  43.488 0.0000000000
41406  -29.787  -47.245  43.403 0.0000000000
40083  -30.746  -47.632  44.406 0.0000000000
38714  -30.585  -49.155  46.094 0.0000000000
38739  -32.376  -48.667  45.684 0.0000000000
43762  -35.519  -44.274  43.337 0.0000000000
43761  -34.853  -44.727  43.229 0.0000000000
42612  -35.442  -45.741  44.103 0.0000000000
38696  -36.720  -48.163  47.536 0.0000000000
40025  -35.518  -48.183  46.685 0.0000000000
38695  -35.989  -48.426  47.551 0.0000000000
38677  -34.447  -49.190  48.897 0.0000000000
38664  -35.705  -48.650  49.840 0.0000000000
38654  -35.785  -48.557  50.997 0.0000000000
38655  -36.663  -48.359  50.716 0.0000000000
44756  -45.519  -44.006  49.215 0.0000000000
34685  -17.303  -52.244  47.517 0.0000000000
34664  -17.246  -52.639  49.078 0.0000000000
33371  -16.452  -53.346  48.999 0.0000000000
33286  -20.238  -53.490  57.031 0.0000000000
66454  -47.777  -24.479  37.302 0.0000000000
66418  -48.599  -25.346  38.973 0.0000000000
66440  -49.234  -24.293  38.463 0.0000000000
68822  -53.071  -22.748  41.345 0.0000000000
67654  -52.234  -23.539  41.176 0.0000000000
67639  -53.435  -23.404  42.819 0.0000000000
66329  -54.998  -24.608  44.452 0.0000000000
68788  -55.316  -22.966  44.184 0.0000000000
74293  -54.460  -17.062  40.991 0.0000000000
73294  -54.067  -18.410  41.312 0.0000000000
73280  -55.195  -18.275  42.348 0.0000000000
80681  -56.400  -11.414  31.709 0.0000000000
82793  -57.734  -9.971  33.290 0.0000000000
81698  -57.340  -10.736  31.654 0.0000000000
83893  -59.239  -9.264  32.023 0.0000000000
83904  -59.917  -9.228  31.698 0.0000000000
85009  -61.304  -7.149  32.670 0.0000000000
83906  -61.468  -7.939  31.249 0.0000000000
86176  -63.379  -7.274  27.104 0.0000000000
85050  -62.256  -8.121  28.038 0.0000000000
86151  -63.685  -6.484  29.358 0.0000000000
86145  -63.394  -6.518  30.328 0.0000000000
87233  -64.427  -5.428  29.900 0.0000000000
88305  -65.011  -4.994  29.659 0.0000000000
89403  -66.159  -3.429  28.738 0.0000000000
52969  -41.601  -36.271  46.435 0.0000000000
54038  -41.611  -35.274  47.067 0.0000000000
55067  -40.900  -34.644  45.798 0.0000000000
56025  -40.148  -33.209  45.044 0.0000000000
38707  -23.555  -49.551  45.803 0.0000000000
50791  -38.587  -38.366  43.107 0.0000000000
49615  -39.089  -39.512  44.183 0.0000000000
49607  -40.156  -39.589  45.230 0.0000000000
48391  -40.969  -40.490  46.201 0.0000000000
50762  -40.711  -38.570  45.372 0.0000000000
51845  -41.645  -37.816  46.245 0.0000000000
62583  -46.828  -28.344  44.279 0.0000000000
62566  -48.715  -28.057  45.901 0.0000000000
62602  -48.380  -27.763  43.420 0.0000000000
63856  -49.058  -27.141  43.034 0.0000000000
63870  -49.919  -26.226  42.738 0.0000000000
78578  -54.834  -14.300  35.563 0.0000000000
77387  -54.541  -14.322  36.913 0.0000000000
78556  -55.919  -13.545  37.345 0.0000000000
79579  -56.474  -12.400  39.538 0.0000000000
83862  -59.914  -8.593  35.276 0.0000000000
27955  -12.836  -56.908  48.943 0.0000000000
26634  -13.261  -58.055  50.478 0.0000000000
59110  -39.703  -30.570  47.407 0.0000000000
59093  -41.571  -31.371  49.520 0.0000000000
60181  -40.154  -30.250  47.405 0.0000000000
60195  -40.897  -29.880  47.060 0.0000000000
60212  -42.099  -29.537  46.650 0.0000000000
61327  -42.931  -28.863  46.294 0.0000000000
61345  -41.670  -28.772  45.398 0.0000000000
61378  -41.378  -28.696  43.410 0.0000000000
61411  -41.017  -28.965  41.615 0.0000000000
35962  -28.176  -50.702  51.682 0.0000000000
35923  -27.733  -50.496  53.648 0.0000000000
35925  -29.662  -50.530  53.632 0.0000000000
37240  -30.430  -50.283  54.813 0.0000000000
38600  -34.397  -48.932  54.794 0.0000000000
43780  -30.516  -44.893  41.838 0.0000000000
42629  -31.483  -45.987  42.958 0.0000000000
42600  -38.453  -45.621  45.098 0.0000000000
41372  -37.152  -46.596  45.553 0.0000000000
41357  -38.826  -46.531  46.492 0.0000000000
40009  -38.301  -47.427  48.236 0.0000000000
39988  -37.592  -48.061  49.187 0.0000000000
39963  -38.143  -47.947  50.516 0.0000000000
39964  -39.108  -47.602  50.602 0.0000000000
36044  -19.497  -50.589  46.719 0.0000000000
36026  -19.001  -51.085  48.186 0.0000000000
34641  -18.875  -52.183  51.265 0.0000000000
34627  -18.747  -52.446  52.190 0.0000000000
34616  -20.252  -52.263  53.291 0.0000000000
68894  -48.755  -22.341  36.402 0.0000000000
67721  -49.584  -22.896  37.495 0.0000000000
69961  -50.091  -21.970  37.900 0.0000000000
69933  -52.036  -21.662  39.763 0.0000000000
69916  -53.327  -21.327  41.065 0.0000000000
81721  -55.555  -10.677  29.285 0.0000000000
81712  -57.334  -10.931  30.619 0.0000000000
82836  -56.583  -10.267  28.936 0.0000000000
86177  -64.361  -6.466  26.942 0.0000000000
88325  -65.205  -4.866  28.061 0.0000000000
87264  -65.280  -5.208  26.617 0.0000000000
88339  -65.680  -4.295  26.627 0.0000000000
30705  -15.832  -54.631  51.348 0.0000000000
29330  -15.075  -55.797  52.019 0.0000000000
53979  -42.580  -35.641  53.165 0.0000000000
53990  -42.749  -35.633  51.954 0.0000000000
55026  -42.006  -34.243  50.367 0.0000000000
55979  -41.969  -33.255  49.377 0.0000000000
55046  -41.420  -33.940  47.362 0.0000000000
55990  -41.053  -33.304  48.074 0.0000000000
56985  -40.327  -31.647  48.066 0.0000000000
59122  -39.005  -30.358  46.575 0.0000000000
60208  -38.194  -29.679  45.460 0.0000000000
35955  -22.004  -51.230  50.730 0.0000000000
34632  -23.262  -51.288  52.336 0.0000000000
35957  -23.620  -50.926  51.127 0.0000000000
35985  -24.257  -50.802  50.489 0.0000000000
35987  -25.927  -50.578  50.800 0.0000000000
37355  -24.249  -50.258  47.296 0.0000000000
37309  -25.772  -50.195  49.448 0.0000000000
36010  -27.395  -50.561  49.966 0.0000000000
36011  -28.402  -50.726  49.817 0.0000000000
36013  -30.295  -50.733  49.744 0.0000000000
36014  -31.333  -50.632  49.564 0.0000000000
46040  -35.781  -42.664  42.738 0.0000000000
44849  -36.518  -43.723  43.469 0.0000000000
47219  -37.906  -41.408  43.802 0.0000000000
46021  -37.811  -42.425  43.724 0.0000000000
43750  -38.633  -44.029  44.214 0.0000000000
43731  -40.054  -44.681  45.312 0.0000000000
42583  -41.315  -45.634  46.593 0.0000000000
42558  -42.528  -45.809  47.738 0.0000000000
42539  -43.718  -45.492  48.807 0.0000000000
43692  -43.828  -44.756  47.788 0.0000000000
44789  -44.484  -43.174  48.130 0.0000000000
45943  -44.834  -42.031  48.985 0.0000000000
47171  -42.477  -40.587  47.688 0.0000000000
47160  -43.086  -40.656  48.952 0.0000000000
47161  -43.945  -41.211  49.429 0.0000000000
48331  -43.038  -40.024  50.981 0.0000000000
37327  -20.201  -50.380  47.230 0.0000000000
61254  -47.704  -29.038  50.596 0.0000000000
61255  -48.704  -28.650  50.673 0.0000000000
62489  -49.968  -28.223  50.074 0.0000000000
62505  -50.911  -27.499  49.427 0.0000000000
62538  -49.731  -27.550  47.260 0.0000000000
62522  -51.381  -27.122  48.467 0.0000000000
75313  -49.945  -16.990  35.746 0.0000000000
74323  -51.649  -17.880  37.250 0.0000000000
75303  -52.145  -16.785  37.594 0.0000000000
75290  -52.976  -16.211  38.946 0.0000000000
76295  -54.414  -15.830  41.146 0.0000000000
78525  -54.975  -13.995  39.531 0.0000000000
77347  -55.145  -14.293  41.317 0.0000000000
65196  -44.544  -25.756  37.359 0.0000000000
65180  -46.421  -25.879  38.367 0.0000000000
66452  -45.670  -25.000  36.945 0.0000000000
66463  -45.831  -24.548  36.051 0.0000000000
67728  -47.032  -23.535  35.889 0.0000000000
68911  -47.049  -22.137  35.207 0.0000000000
71156  -47.245  -20.646  34.672 0.0000000000
72269  -48.718  -19.809  35.224 0.0000000000
74329  -48.783  -18.344  35.159 0.0000000000
75328  -48.654  -17.235  34.704 0.0000000000
75348  -49.381  -16.401  34.373 0.0000000000
76375  -50.719  -15.694  34.163 0.0000000000
76376  -51.357  -15.518  33.959 0.0000000000
77450  -49.151  -15.117  31.784 0.0000000000
77438  -51.286  -15.151  32.853 0.0000000000
77441  -53.043  -14.896  33.890 0.0000000000
78587  -54.463  -14.365  34.592 0.0000000000
78597  -55.482  -13.257  33.911 0.0000000000
79657  -56.395  -12.224  33.871 0.0000000000
80653  -57.313  -11.356  34.383 0.0000000000
80660  -55.668  -11.973  33.070 0.0000000000
80680  -55.440  -11.912  31.722 0.0000000000
80699  -54.633  -11.977  30.647 0.0000000000
80710  -55.057  -11.387  29.736 0.0000000000
26625  -14.610  -57.147  51.776 0.0000000000
25389  -13.762  -58.004  51.567 0.0000000000
24137  -13.117  -59.355  52.307 0.0000000000
24114  -12.454  -59.375  55.465 0.0000000000
24120  -12.339  -60.092  54.198 0.0000000000
22825  -12.070  -60.363  51.693 0.0000000000
21487  -11.660  -61.274  52.375 0.0000000000
21486  -11.079  -62.088  51.895 0.0000000000
18836  -10.398  -63.349  51.346 0.0000000000
18835  -10.145  -64.173  51.589 0.0000000000
60098  -46.942  -29.635  53.492 0.0000000000
57948  -43.045  -31.950  53.851 0.0000000000
59080  -42.279  -31.391  50.314 0.0000000000
59054  -43.049  -31.444  52.383 0.0000000000
59037  -44.582  -30.563  53.378 0.0000000000
60114  -45.962  -29.747  52.255 0.0000000000
60134  -46.605  -29.546  51.615 0.0000000000
61270  -46.206  -29.280  49.907 0.0000000000
61289  -46.127  -29.139  48.613 0.0000000000
61330  -45.702  -28.515  46.461 0.0000000000
61328  -43.856  -28.660  46.174 0.0000000000
61348  -44.586  -28.475  45.347 0.0000000000
62563  -46.340  -28.309  44.827 0.0000000000
62617  -45.549  -28.268  42.463 0.0000000000
62646  -45.810  -27.607  40.787 0.0000000000
63901  -45.305  -27.084  39.422 0.0000000000
62613  -38.107  -29.236  42.755 0.0000000000
61409  -39.230  -29.286  41.599 0.0000000000
61435  -39.906  -29.280  40.629 0.0000000000
61437  -41.518  -29.004  40.603 0.0000000000
61463  -41.859  -28.756  39.437 0.0000000000
62657  -43.212  -28.010  39.064 0.0000000000
63915  -43.055  -26.924  38.087 0.0000000000
65178  -44.311  -26.308  38.147 0.0000000000
35899  -27.840  -50.363  55.531 0.0000000000
40079  -26.476  -47.958  43.540 0.0000000000
40093  -27.619  -47.624  43.156 0.0000000000
38735  -28.028  -49.029  45.222 0.0000000000
37383  -29.943  -49.540  46.757 0.0000000000
37338  -30.956  -50.263  48.099 0.0000000000
37313  -31.979  -50.210  48.991 0.0000000000
43783  -33.311  -44.128  42.543 0.0000000000
42631  -33.172  -45.666  43.325 0.0000000000
41391  -33.589  -46.831  44.329 0.0000000000
41370  -35.585  -46.763  45.125 0.0000000000
40063  -34.795  -47.530  45.358 0.0000000000
38740  -33.312  -48.394  45.753 0.0000000000
38693  -33.634  -49.021  47.507 0.0000000000
37341  -33.375  -49.569  49.015 0.0000000000
37315  -33.455  -49.676  49.844 0.0000000000
37292  -34.535  -49.120  50.992 0.0000000000
38645  -35.729  -48.666  52.009 0.0000000000
32139  -14.424  -53.826  47.278 0.0000000000
32119  -15.120  -54.190  47.960 0.0000000000
34696  -16.869  -51.805  46.381 0.0000000000
34695  -15.467  -51.933  45.904 0.0000000000
33395  -15.885  -52.768  46.870 0.0000000000
32120  -15.804  -53.716  48.482 0.0000000000
30736  -15.989  -54.363  50.139 0.0000000000
32074  -16.169  -54.063  51.927 0.0000000000
33320  -18.701  -53.027  54.517 0.0000000000
65164  -48.066  -25.862  39.416 0.0000000000
65138  -49.505  -25.633  41.240 0.0000000000
65126  -50.535  -25.588  42.325 0.0000000000
67668  -51.048  -24.114  39.821 0.0000000000
66359  -51.873  -24.526  42.006 0.0000000000
65097  -53.168  -26.186  43.873 0.0000000000
65085  -54.898  -25.654  45.373 0.0000000000
73319  -52.547  -18.926  38.896 0.0000000000
72196  -53.678  -19.808  40.970 0.0000000000
71068  -54.924  -20.620  42.587 0.0000000000
81669  -57.751  -10.573  34.369 0.0000000000
82784  -58.414  -9.726  34.200 0.0000000000
82785  -59.276  -8.961  34.505 0.0000000000
81699  -58.100  -10.463  31.464 0.0000000000
83882  -59.056  -8.925  32.704 0.0000000000
83874  -60.573  -7.599  34.384 0.0000000000
86110  -61.170  -6.893  33.799 0.0000000000
86112  -62.339  -6.149  33.878 0.0000000000
83923  -61.806  -8.637  29.779 0.0000000000
86137  -62.445  -6.749  31.201 0.0000000000
87216  -63.242  -5.605  31.901 0.0000000000
89396  -65.745  -3.629  29.311 0.0000000000
54074  -39.989  -35.472  43.642 0.0000000000
55082  -40.261  -34.758  44.153 0.0000000000
53000  -39.694  -36.315  43.296 0.0000000000
53001  -40.185  -36.565  44.015 0.0000000000
63902  -46.020  -26.914  39.687 0.0000000000
63903  -46.561  -26.722  39.830 0.0000000000
65162  -46.248  -26.515  39.123 0.0000000000
80633  -57.688  -12.111  36.523 0.0000000000
80634  -58.143  -11.563  36.541 0.0000000000
81633  -58.282  -11.105  37.441 0.0000000000
81648  -58.535  -10.909  36.611 0.0000000000
81649  -59.018  -10.269  36.675 0.0000000000
80643  -58.325  -11.321  35.977 0.0000000000
29353  -14.728  -55.808  49.585 0.0000000000
61361  -38.574  -29.095  44.497 0.0000000000
61342  -38.817  -29.061  45.109 0.0000000000
62580  -39.179  -29.034  44.038 0.0000000000
62596  -38.318  -29.260  43.371 0.0000000000
34605  -22.755  -51.841  53.997 0.0000000000
34619  -23.110  -51.682  53.033 0.0000000000
37272  -31.793  -50.058  52.186 0.0000000000
37273  -32.364  -49.912  51.727 0.0000000000
37264  -33.056  -49.673  52.631 0.0000000000
41312  -41.677  -46.511  48.684 0.0000000000
41311  -40.844  -46.788  48.631 0.0000000000
41288  -41.691  -46.596  49.673 0.0000000000
73340  -49.891  -18.790  35.992 0.0000000000
72254  -50.710  -19.357  36.792 0.0000000000
73341  -50.599  -18.844  36.534 0.0000000000
52942  -42.444  -36.354  49.156 0.0000000000
52949  -42.328  -36.030  48.500 0.0000000000
58066  -39.318  -31.763  45.375 0.0000000000
37330  -22.642  -50.319  47.857 0.0000000000
38710  -26.485  -49.310  45.975 0.0000000000
37380  -26.829  -49.844  46.611 0.0000000000
38711  -27.459  -49.243  46.000 0.0000000000
37381  -27.856  -49.872  46.576 0.0000000000
47202  -39.930  -41.456  45.066 0.0000000000
45985  -41.121  -42.353  45.684 0.0000000000
45968  -41.619  -41.911  46.437 0.0000000000
47190  -41.337  -41.262  46.324 0.0000000000
51837  -42.412  -37.176  47.984 0.0000000000
50726  -42.614  -38.584  48.129 0.0000000000
51825  -42.540  -37.536  48.407 0.0000000000
38689  -21.527  -49.722  46.368 0.0000000000
61332  -47.274  -28.425  46.881 0.0000000000
62536  -47.971  -28.247  47.358 0.0000000000
62552  -47.747  -28.288  46.471 0.0000000000
62569  -51.336  -27.407  45.510 0.0000000000
63835  -52.092  -27.173  45.052 0.0000000000
63819  -53.015  -26.874  46.404 0.0000000000
63836  -52.729  -27.010  45.414 0.0000000000
77401  -53.115  -15.335  36.203 0.0000000000
77385  -52.808  -15.287  37.187 0.0000000000
78519  -56.449  -12.954  41.816 0.0000000000
76399  -47.767  -15.373  32.112 0.0000000000
79676  -52.564  -13.252  31.151 0.0000000000
79695  -52.941  -12.468  30.808 0.0000000000
25409  -12.115  -58.720  49.449 0.0000000000
24168  -11.796  -59.313  49.847 0.0000000000
26591  -13.490  -57.904  55.550 0.0000000000
26580  -13.182  -58.163  56.069 0.0000000000
20127  -11.528  -62.334  53.622 0.0000000000
56955  -42.127  -32.337  50.261 0.0000000000
56954  -41.597  -32.064  49.914 0.0000000000
59126  -42.486  -30.112  47.449 0.0000000000
59095  -42.446  -30.391  49.158 0.0000000000
60164  -43.092  -29.966  48.694 0.0000000000
60150  -44.021  -29.888  49.914 0.0000000000
60184  -43.844  -29.829  48.145 0.0000000000
60198  -43.649  -29.619  47.489 0.0000000000
61395  -43.094  -28.590  42.520 0.0000000000
61414  -43.758  -28.534  41.532 0.0000000000
35938  -26.417  -50.666  52.525 0.0000000000
35939  -27.443  -50.650  52.613 0.0000000000
41389  -31.288  -47.122  44.005 0.0000000000
41388  -30.400  -47.306  43.949 0.0000000000
40059  -31.028  -48.086  44.856 0.0000000000
40060  -31.971  -48.115  45.005 0.0000000000
43747  -35.814  -44.716  43.665 0.0000000000
42613  -36.206  -45.400  44.272 0.0000000000
38679  -36.698  -48.375  48.382 0.0000000000
38678  -35.720  -48.636  48.603 0.0000000000
44757  -45.895  -43.590  49.488 0.0000000000
34640  -18.128  -52.453  51.396 0.0000000000
67719  -48.004  -23.718  36.689 0.0000000000
66455  -48.467  -24.108  37.444 0.0000000000
67720  -48.973  -23.426  37.256 0.0000000000
68823  -53.677  -21.947  41.637 0.0000000000
68807  -53.271  -23.037  42.029 0.0000000000
68797  -54.138  -22.734  43.133 0.0000000000
68798  -54.883  -22.738  43.698 0.0000000000
75253  -54.950  -17.060  41.769 0.0000000000
74273  -55.001  -17.579  42.066 0.0000000000
80700  -55.684  -11.586  30.753 0.0000000000
81697  -56.905  -10.900  32.017 0.0000000000
80682  -56.846  -11.074  31.470 0.0000000000
82817  -60.256  -9.361  31.041 0.0000000000
83905  -60.847  -8.501  31.422 0.0000000000
83914  -61.345  -8.831  30.442 0.0000000000
86162  -64.316  -6.518  27.998 0.0000000000
86161  -63.657  -6.928  28.387 0.0000000000
86152  -64.053  -6.268  28.782 0.0000000000
87239  -64.098  -5.875  29.371 0.0000000000
54047  -41.551  -35.671  46.569 0.0000000000
52968  -41.377  -36.055  46.109 0.0000000000
56041  -40.391  -33.958  44.515 0.0000000000
56040  -39.894  -33.238  44.072 0.0000000000
50772  -39.696  -38.434  44.262 0.0000000000
49616  -39.609  -39.510  44.687 0.0000000000
50761  -40.003  -38.852  44.950 0.0000000000
49608  -40.840  -39.574  45.895 0.0000000000
51854  -41.363  -37.508  45.867 0.0000000000
52977  -41.453  -36.802  46.037 0.0000000000
51846  -41.771  -37.384  46.638 0.0000000000
62600  -46.681  -28.159  43.384 0.0000000000
62584  -47.634  -28.297  44.417 0.0000000000
62601  -47.461  -27.956  43.444 0.0000000000
63880  -48.232  -26.741  41.592 0.0000000000
63868  -48.648  -26.900  42.327 0.0000000000
63857  -49.644  -26.900  43.193 0.0000000000
65124  -49.215  -26.205  41.919 0.0000000000
78555  -55.310  -13.968  36.929 0.0000000000
78570  -55.747  -13.740  36.411 0.0000000000
80592  -57.024  -11.922  39.623 0.0000000000
80579  -57.208  -11.780  40.572 0.0000000000
80580  -57.738  -11.362  40.830 0.0000000000
83853  -60.078  -8.911  36.403 0.0000000000
27956  -13.744  -56.571  49.354 0.0000000000
27968  -13.074  -56.378  48.357 0.0000000000
26644  -13.672  -57.222  50.021 0.0000000000
26643  -13.048  -57.660  49.762 0.0000000000
26635  -13.711  -57.678  50.609 0.0000000000
59109  -39.451  -30.368  46.947 0.0000000000
60180  -39.564  -30.144  46.909 0.0000000000
60211  -40.263  -29.551  46.575 0.0000000000
61325  -40.918  -29.344  46.204 0.0000000000
61306  -41.552  -29.666  46.700 0.0000000000
61377  -40.657  -28.895  43.296 0.0000000000
61393  -41.267  -28.847  42.499 0.0000000000
35940  -28.562  -50.739  52.727 0.0000000000
35941  -29.843  -50.781  52.877 0.0000000000
37251  -31.382  -50.271  53.822 0.0000000000
37250  -30.634  -50.434  54.092 0.0000000000
37241  -31.238  -50.126  54.677 0.0000000000
38628  -33.733  -49.397  53.085 0.0000000000
38614  -34.057  -49.126  53.866 0.0000000000
42651  -31.063  -45.730  42.675 0.0000000000
43758  -31.969  -45.471  42.924 0.0000000000
42580  -38.616  -46.008  45.775 0.0000000000
41309  -39.150  -47.123  48.043 0.0000000000
41308  -38.706  -47.131  47.680 0.0000000000
39989  -38.639  -47.688  49.567 0.0000000000
39990  -39.480  -47.488  49.787 0.0000000000
39965  -40.008  -47.343  50.528 0.0000000000
36027  -19.590  -50.722  47.774 0.0000000000
36005  -19.812  -50.873  48.921 0.0000000000
35953  -20.092  -51.373  50.586 0.0000000000
34628  -19.553  -52.157  52.235 0.0000000000
34592  -21.547  -52.373  54.669 0.0000000000
33323  -21.072  -52.536  54.524 0.0000000000
69984  -49.045  -21.675  36.340 0.0000000000
69973  -49.355  -21.939  36.875 0.0000000000
69985  -49.669  -20.991  36.598 0.0000000000
71120  -51.506  -20.614  38.519 0.0000000000
69963  -51.335  -21.197  38.568 0.0000000000
71107  -51.840  -20.851  39.146 0.0000000000
71097  -52.231  -21.036  39.935 0.0000000000
71098  -52.844  -20.597  40.273 0.0000000000
81722  -56.609  -10.784  29.583 0.0000000000
86196  -64.355  -6.228  26.294 0.0000000000
87263  -64.830  -5.841  26.770 0.0000000000
29317  -15.516  -55.167  52.551 0.0000000000
29264  -14.883  -56.335  56.427 0.0000000000
51775  -42.769  -37.794  52.748 0.0000000000
52904  -42.853  -36.675  52.429 0.0000000000
52918  -42.838  -36.613  51.276 0.0000000000
54009  -42.267  -35.071  49.817 0.0000000000
53999  -42.185  -35.033  50.703 0.0000000000
55964  -42.248  -33.279  49.944 0.0000000000
55991  -41.642  -33.527  48.686 0.0000000000
55057  -41.263  -34.518  46.701 0.0000000000
55058  -41.516  -34.498  47.259 0.0000000000
56000  -41.007  -33.463  47.034 0.0000000000
57015  -40.089  -32.143  46.811 0.0000000000
57000  -40.588  -32.621  47.432 0.0000000000
56999  -40.271  -31.809  47.647 0.0000000000
59123  -39.401  -30.929  47.253 0.0000000000
58039  -39.113  -31.079  46.615 0.0000000000
59136  -38.124  -30.114  45.595 0.0000000000
35956  -22.839  -51.096  50.911 0.0000000000
35983  -22.522  -50.876  50.135 0.0000000000
37307  -23.817  -50.314  48.931 0.0000000000
37287  -24.046  -50.580  49.713 0.0000000000
37288  -24.893  -50.543  49.888 0.0000000000
35986  -25.129  -50.670  50.595 0.0000000000
37289  -25.383  -50.508  50.023 0.0000000000
37377  -23.940  -49.949  46.486 0.0000000000
37378  -24.884  -49.859  46.582 0.0000000000
37334  -26.553  -49.985  48.427 0.0000000000
37310  -26.963  -50.269  49.246 0.0000000000
36009  -26.436  -50.427  50.078 0.0000000000
35989  -27.794  -50.688  50.766 0.0000000000
37311  -27.951  -50.539  49.144 0.0000000000
36028  -28.959  -50.710  49.236 0.0000000000
36029  -29.674  -50.730  49.013 0.0000000000
36030  -30.621  -50.702  48.828 0.0000000000
47242  -35.858  -41.648  42.479 0.0000000000
47260  -35.273  -41.631  42.139 0.0000000000
44866  -36.047  -43.365  43.176 0.0000000000
46041  -36.687  -42.693  43.146 0.0000000000
49636  -37.448  -39.392  43.093 0.0000000000
48440  -37.756  -40.587  43.599 0.0000000000
46001  -38.837  -42.419  44.368 0.0000000000
46022  -38.370  -42.402  44.076 0.0000000000
44851  -38.303  -43.278  44.084 0.0000000000
43730  -38.919  -44.596  44.745 0.0000000000
44805  -41.812  -43.813  46.164 0.0000000000
43709  -41.026  -44.784  45.959 0.0000000000
43710  -42.102  -44.924  46.609 0.0000000000
43690  -42.346  -45.509  47.166 0.0000000000
43691  -42.893  -44.991  47.234 0.0000000000
45952  -43.360  -42.117  47.517 0.0000000000
45971  -43.683  -42.837  47.437 0.0000000000
45972  -44.198  -42.847  47.861 0.0000000000
45954  -44.612  -42.587  48.322 0.0000000000
45942  -44.230  -41.874  48.597 0.0000000000
49595  -41.509  -39.690  46.598 0.0000000000
48383  -41.813  -40.450  46.755 0.0000000000
48371  -42.330  -40.406  47.452 0.0000000000
48357  -42.535  -40.202  48.983 0.0000000000
48358  -42.694  -40.319  49.430 0.0000000000
48359  -43.107  -40.524  49.691 0.0000000000
48344  -43.445  -40.449  50.451 0.0000000000
48343  -42.725  -40.194  50.172 0.0000000000
50687  -42.805  -38.674  51.790 0.0000000000
37350  -20.048  -50.117  46.327 0.0000000000
36007  -21.546  -50.552  49.093 0.0000000000
61272  -48.202  -28.722  49.450 0.0000000000
61274  -49.686  -28.295  49.970 0.0000000000
62504  -49.854  -28.047  49.399 0.0000000000
62490  -50.467  -28.001  50.351 0.0000000000
63833  -48.862  -27.760  46.614 0.0000000000
62554  -49.749  -27.674  46.423 0.0000000000
62540  -52.033  -27.042  47.519 0.0000000000
62539  -50.925  -27.362  47.475 0.0000000000
62523  -52.151  -26.723  48.384 0.0000000000
63782  -52.626  -26.536  48.169 0.0000000000
65059  -54.364  -25.874  47.951 0.0000000000
76343  -50.739  -16.396  35.644 0.0000000000
75314  -51.089  -16.826  36.294 0.0000000000
76332  -51.761  -16.479  36.508 0.0000000000
76323  -52.995  -15.725  38.551 0.0000000000
76311  -53.321  -15.865  39.287 0.0000000000
76303  -53.637  -16.095  39.780 0.0000000000
77354  -53.842  -15.513  39.738 0.0000000000
78534  -54.841  -13.871  38.603 0.0000000000
77375  -54.233  -14.367  37.948 0.0000000000
17528  -9.620  -64.792  50.573 0.0000000000
16227  -9.355  -65.492  50.268 0.0000000000
66477  -45.604  -23.981  35.352 0.0000000000
67727  -46.249  -23.977  35.680 0.0000000000
67743  -46.057  -23.322  35.078 0.0000000000
68910  -46.159  -22.182  34.734 0.0000000000
70001  -46.758  -21.426  34.791 0.0000000000
70002  -47.732  -21.495  35.313 0.0000000000
72268  -47.713  -19.749  34.757 0.0000000000
73356  -47.086  -18.921  34.653 0.0000000000
73357  -48.138  -18.794  35.100 0.0000000000
74346  -47.564  -18.264  34.689 0.0000000000
74365  -48.032  -17.225  34.438 0.0000000000
75347  -48.412  -16.706  34.273 0.0000000000
75329  -49.293  -16.958  34.914 0.0000000000
76374  -49.638  -15.908  33.881 0.0000000000
77425  -51.282  -15.525  34.347 0.0000000000
76389  -50.930  -15.504  33.396 0.0000000000
77466  -51.288  -14.536  31.942 0.0000000000
77452  -50.912  -14.840  32.276 0.0000000000
77453  -51.751  -14.565  32.424 0.0000000000
77439  -51.920  -14.923  33.102 0.0000000000
77440  -52.583  -14.723  33.408 0.0000000000
78586  -53.872  -14.615  34.192 0.0000000000
78595  -53.519  -14.371  33.615 0.0000000000
78605  -54.469  -13.202  32.978 0.0000000000
78596  -54.737  -13.535  33.555 0.0000000000
79655  -54.770  -12.973  33.182 0.0000000000
79649  -56.389  -12.521  34.433 0.0000000000
79656  -55.552  -12.591  33.498 0.0000000000
79666  -55.221  -12.231  32.632 0.0000000000
79696  -54.006  -12.363  31.017 0.0000000000
80679  -54.840  -12.134  31.344 0.0000000000
22844  -11.090  -60.369  49.663 0.0000000000
27923  -14.784  -56.521  52.658 0.0000000000
27934  -14.757  -56.616  51.508 0.0000000000
25374  -13.463  -58.650  53.719 0.0000000000
25381  -13.639  -58.630  52.562 0.0000000000
25380  -13.442  -58.983  52.147 0.0000000000
24138  -13.389  -59.228  52.875 0.0000000000
24110  -12.595  -59.348  56.213 0.0000000000
21478  -11.840  -60.985  53.986 0.0000000000
22802  -11.941  -60.699  54.555 0.0000000000
22809  -12.119  -60.586  53.723 0.0000000000
22810  -12.484  -60.237  53.271 0.0000000000
22816  -12.128  -60.645  52.850 0.0000000000
20133  -11.071  -62.706  52.609 0.0000000000
20140  -10.762  -62.896  51.852 0.0000000000
20145  -10.652  -62.689  51.112 0.0000000000
17496  -11.432  -64.018  52.813 0.0000000000
60084  -46.290  -30.053  54.035 0.0000000000
56927  -42.423  -32.526  52.136 0.0000000000
55934  -42.536  -33.454  53.273 0.0000000000
56916  -42.647  -32.450  53.042 0.0000000000
56917  -42.843  -32.744  53.855 0.0000000000
57947  -42.748  -31.830  53.049 0.0000000000
59111  -40.676  -30.804  48.481 0.0000000000
59094  -41.911  -30.954  49.369 0.0000000000
59068  -42.749  -31.088  51.402 0.0000000000
59055  -43.624  -30.890  52.354 0.0000000000
59056  -44.442  -30.374  52.160 0.0000000000
60132  -44.993  -29.846  51.046 0.0000000000
60113  -45.113  -29.892  51.867 0.0000000000
60133  -45.776  -29.750  51.414 0.0000000000
60153  -46.240  -29.652  51.047 0.0000000000
61253  -46.662  -29.364  50.681 0.0000000000
61252  -46.225  -29.399  50.359 0.0000000000
61288  -45.535  -29.248  47.829 0.0000000000
61310  -46.022  -28.818  47.343 0.0000000000
61346  -42.670  -28.673  45.400 0.0000000000
61347  -43.633  -28.571  45.353 0.0000000000
61367  -44.337  -28.360  44.451 0.0000000000
61368  -45.255  -28.328  44.413 0.0000000000
61349  -45.700  -28.363  45.371 0.0000000000
62599  -45.855  -28.344  43.428 0.0000000000
62644  -44.155  -27.996  40.474 0.0000000000
62632  -45.398  -27.968  41.454 0.0000000000
62645  -45.137  -27.676  40.483 0.0000000000
63888  -45.752  -27.293  40.159 0.0000000000
62659  -44.682  -27.544  39.757 0.0000000000
62630  -38.495  -29.289  42.106 0.0000000000
61408  -38.354  -29.330  41.292 0.0000000000
61436  -40.714  -29.275  40.842 0.0000000000
61462  -40.672  -29.095  39.744 0.0000000000
61485  -40.926  -28.604  38.681 0.0000000000
61486  -41.708  -28.394  38.518 0.0000000000
62656  -42.455  -28.263  38.775 0.0000000000
65177  -43.569  -26.409  38.008 0.0000000000
35935  -23.778  -50.928  51.940 0.0000000000
35919  -23.879  -51.180  52.775 0.0000000000
35920  -24.727  -51.070  53.140 0.0000000000
35909  -25.877  -50.988  54.356 0.0000000000
35912  -28.755  -50.220  54.511 0.0000000000
35911  -28.035  -50.266  54.773 0.0000000000
40095  -29.189  -47.640  43.983 0.0000000000
40094  -28.601  -47.663  43.564 0.0000000000
40081  -28.708  -48.201  44.340 0.0000000000
38736  -29.016  -48.781  44.998 0.0000000000
38713  -29.521  -49.225  45.873 0.0000000000
38715  -31.735  -49.197  46.588 0.0000000000
37384  -30.835  -49.460  46.874 0.0000000000
37362  -31.549  -49.764  47.394 0.0000000000
37339  -31.748  -50.040  48.220 0.0000000000
37363  -32.097  -49.773  47.839 0.0000000000
44863  -33.736  -43.899  42.506 0.0000000000
42611  -34.556  -45.837  43.747 0.0000000000
42632  -33.986  -45.379  43.347 0.0000000000
42610  -33.742  -46.030  43.639 0.0000000000
41410  -33.319  -46.260  43.702 0.0000000000
41355  -36.771  -46.993  45.795 0.0000000000
41371  -36.612  -46.560  45.299 0.0000000000
41354  -36.236  -46.947  45.542 0.0000000000
40036  -35.175  -48.001  45.875 0.0000000000
40035  -34.393  -48.137  45.792 0.0000000000
40062  -33.810  -47.651  45.155 0.0000000000
38741  -33.850  -48.249  45.756 0.0000000000
38717  -33.964  -48.579  46.461 0.0000000000
37342  -33.858  -49.415  49.433 0.0000000000
37291  -33.724  -49.496  50.774 0.0000000000
38656  -37.512  -48.256  50.916 0.0000000000
39936  -38.083  -48.234  51.514 0.0000000000
30765  -14.522  -54.464  47.757 0.0000000000
34687  -18.537  -51.304  47.757 0.0000000000
36042  -18.031  -51.375  46.756 0.0000000000
34686  -17.998  -51.677  47.319 0.0000000000
33396  -16.702  -52.422  47.081 0.0000000000
33363  -16.513  -53.299  49.481 0.0000000000
32102  -15.372  -54.173  48.884 0.0000000000
32086  -16.228  -54.108  50.862 0.0000000000
33332  -18.896  -52.606  53.717 0.0000000000
33310  -19.519  -53.235  55.349 0.0000000000
61229  -50.602  -29.090  52.075 0.0000000000
65198  -46.259  -25.319  37.575 0.0000000000
65181  -47.365  -25.653  38.593 0.0000000000
66419  -49.259  -24.919  39.092 0.0000000000
65165  -48.886  -25.570  39.749 0.0000000000
66378  -50.121  -25.182  40.885 0.0000000000
65139  -50.096  -25.366  41.589 0.0000000000
66379  -50.695  -24.866  41.245 0.0000000000
68860  -50.757  -22.671  39.000 0.0000000000
67688  -50.365  -23.801  39.212 0.0000000000
67689  -51.022  -23.430  39.577 0.0000000000
67637  -52.423  -23.901  41.995 0.0000000000
66360  -52.510  -24.592  42.524 0.0000000000
65128  -52.006  -25.203  42.678 0.0000000000
65113  -53.452  -25.463  43.454 0.0000000000
65098  -53.804  -26.037  44.245 0.0000000000
65114  -54.068  -25.312  43.660 0.0000000000
66330  -55.588  -24.218  44.825 0.0000000000
66315  -55.430  -24.832  45.206 0.0000000000
66316  -56.173  -24.389  45.579 0.0000000000
74310  -52.428  -17.897  38.259 0.0000000000
74309  -51.997  -18.434  37.781 0.0000000000
74300  -52.913  -17.837  39.200 0.0000000000
72198  -54.469  -19.261  41.914 0.0000000000
72210  -53.719  -19.331  40.822 0.0000000000
72178  -54.423  -19.934  41.962 0.0000000000
71067  -54.314  -20.615  42.044 0.0000000000
80662  -57.235  -11.076  33.841 0.0000000000
81678  -57.192  -10.715  33.351 0.0000000000
83872  -59.117  -8.907  33.581 0.0000000000
83894  -59.959  -8.508  32.352 0.0000000000
83883  -59.603  -8.284  33.125 0.0000000000
84998  -60.210  -7.802  33.330 0.0000000000
84989  -60.424  -7.477  33.900 0.0000000000
86128  -61.710  -6.900  32.295 0.0000000000
85000  -61.364  -6.899  33.131 0.0000000000
86120  -62.236  -6.186  33.022 0.0000000000
87206  -62.896  -5.806  33.389 0.0000000000
87215  -62.842  -5.845  32.604 0.0000000000
85038  -62.710  -7.836  28.994 0.0000000000
83936  -62.091  -8.305  29.003 0.0000000000
83935  -61.510  -8.672  28.952 0.0000000000
83924  -62.425  -8.160  29.841 0.0000000000
83916  -62.421  -7.840  30.396 0.0000000000
87224  -63.514  -5.564  31.010 0.0000000000
88290  -63.809  -5.257  31.568 0.0000000000
88283  -63.700  -5.380  32.051 0.0000000000
88284  -64.055  -5.284  32.098 0.0000000000
88314  -65.499  -4.274  28.666 0.0000000000
89402  -65.892  -3.656  28.645 0.0000000000
52986  -40.637  -36.307  44.833 0.0000000000
54053  -40.770  -35.523  45.354 0.0000000000
51885  -38.964  -37.602  42.864 0.0000000000
51886  -39.551  -37.444  43.392 0.0000000000
51865  -39.944  -37.639  44.117 0.0000000000
62619  -47.327  -27.703  42.416 0.0000000000
63878  -46.818  -27.245  41.086 0.0000000000
63879  -47.527  -26.996  41.328 0.0000000000
65148  -47.714  -26.362  40.353 0.0000000000
79637  -56.547  -12.884  35.601 0.0000000000
79626  -57.213  -12.582  36.601 0.0000000000
80617  -57.551  -12.236  37.270 0.0000000000
81622  -59.049  -10.156  38.284 0.0000000000
82757  -59.442  -9.763  37.776 0.0000000000
81661  -59.135  -10.082  36.036 0.0000000000
29365  -14.264  -55.533  48.714 0.0000000000
29352  -14.074  -55.887  49.012 0.0000000000
27957  -14.375  -56.500  49.919 0.0000000000
61322  -38.420  -29.374  45.349 0.0000000000
61303  -39.421  -29.496  46.265 0.0000000000
61323  -39.128  -29.351  45.823 0.0000000000
61343  -39.680  -29.019  45.229 0.0000000000
62581  -39.677  -28.851  44.097 0.0000000000
62598  -39.843  -28.961  43.602 0.0000000000
62615  -39.577  -29.178  43.012 0.0000000000
35964  -30.413  -50.851  51.637 0.0000000000
35942  -30.945  -50.567  52.415 0.0000000000
37262  -31.496  -50.106  52.859 0.0000000000
37252  -32.086  -49.856  53.594 0.0000000000
38612  -32.560  -49.570  53.755 0.0000000000
37253  -32.644  -49.714  53.276 0.0000000000
37265  -33.754  -49.426  52.370 0.0000000000
41359  -40.118  -46.479  47.069 0.0000000000
41358  -39.633  -46.468  46.763 0.0000000000
41338  -40.650  -46.568  47.563 0.0000000000
41310  -40.035  -47.174  48.592 0.0000000000
39991  -40.099  -47.288  49.612 0.0000000000
34643  -20.738  -51.668  51.405 0.0000000000
34629  -20.481  -51.959  52.285 0.0000000000
34604  -21.860  -52.181  53.978 0.0000000000
71142  -49.851  -20.452  36.502 0.0000000000
72242  -50.361  -20.019  36.985 0.0000000000
72243  -50.875  -19.850  37.273 0.0000000000
72228  -51.762  -19.812  38.420 0.0000000000
51808  -42.795  -37.522  50.520 0.0000000000
52930  -42.651  -36.556  50.244 0.0000000000
54021  -42.412  -35.652  49.517 0.0000000000
57036  -40.454  -33.228  45.776 0.0000000000
57035  -39.937  -32.488  45.804 0.0000000000
58054  -39.433  -31.721  46.331 0.0000000000
37305  -22.045  -50.446  48.541 0.0000000000
37306  -22.920  -50.523  48.713 0.0000000000
37379  -25.852  -49.826  46.628 0.0000000000
37359  -28.300  -50.198  47.447 0.0000000000
37360  -29.406  -50.096  47.456 0.0000000000
48402  -38.978  -40.838  44.550 0.0000000000
48415  -38.153  -40.870  43.984 0.0000000000
47201  -39.203  -41.525  44.646 0.0000000000
46002  -39.469  -42.444  44.825 0.0000000000
44827  -39.687  -43.498  45.001 0.0000000000
44828  -40.506  -43.446  45.364 0.0000000000
44804  -41.168  -43.559  45.743 0.0000000000
44806  -42.565  -43.779  46.544 0.0000000000
45987  -42.231  -43.008  46.440 0.0000000000
47182  -42.677  -41.601  47.410 0.0000000000
50739  -42.101  -38.618  47.389 0.0000000000
49585  -42.226  -39.725  47.371 0.0000000000
49586  -42.504  -39.179  47.821 0.0000000000
49574  -43.083  -38.944  49.339 0.0000000000
49561  -42.775  -39.181  49.828 0.0000000000
50715  -42.755  -38.361  49.820 0.0000000000
37351  -20.619  -50.025  46.648 0.0000000000
61290  -47.507  -28.569  48.482 0.0000000000
61291  -48.090  -28.543  48.720 0.0000000000
62519  -48.349  -28.267  48.203 0.0000000000
62587  -50.174  -27.665  44.715 0.0000000000
62568  -50.424  -27.685  45.590 0.0000000000
62556  -51.537  -27.356  46.576 0.0000000000
62541  -52.585  -26.965  47.000 0.0000000000
63801  -52.934  -26.619  47.455 0.0000000000
63820  -53.716  -26.469  46.521 0.0000000000
63821  -54.432  -26.075  46.470 0.0000000000
76333  -52.299  -16.097  37.017 0.0000000000
76345  -52.444  -15.694  36.417 0.0000000000
77374  -53.345  -14.951  38.157 0.0000000000
79564  -56.065  -12.699  40.196 0.0000000000
78526  -55.506  -13.271  39.960 0.0000000000
78518  -55.922  -13.176  41.036 0.0000000000
86093  -62.319  -6.591  35.503 0.0000000000
72266  -46.249  -20.058  34.097 0.0000000000
76373  -48.668  -16.196  33.634 0.0000000000
76386  -47.921  -15.875  32.771 0.0000000000
77436  -49.521  -15.332  32.596 0.0000000000
78617  -51.754  -13.997  31.525 0.0000000000
78602  -52.057  -14.310  32.168 0.0000000000
78618  -53.079  -13.650  31.862 0.0000000000
78619  -53.719  -13.418  32.008 0.0000000000
24167  -11.289  -59.658  49.336 0.0000000000
22835  -11.459  -60.405  50.388 0.0000000000
27900  -14.497  -56.574  54.839 0.0000000000
27899  -13.962  -57.181  55.164 0.0000000000
26598  -13.737  -57.871  54.435 0.0000000000
25367  -13.257  -58.442  54.728 0.0000000000
22797  -11.726  -61.067  55.685 0.0000000000
21473  -11.902  -61.321  55.082 0.0000000000
21477  -11.761  -61.440  54.192 0.0000000000
18821  -11.126  -63.396  52.868 0.0000000000
55015  -42.071  -34.243  51.421 0.0000000000
55005  -42.137  -34.043  51.934 0.0000000000
55942  -42.125  -33.484  51.947 0.0000000000
56939  -42.275  -32.680  51.335 0.0000000000
57978  -42.536  -31.776  51.321 0.0000000000
59082  -43.478  -30.117  50.405 0.0000000000
60131  -44.147  -29.887  50.756 0.0000000000
60151  -44.844  -29.745  50.209 0.0000000000
60167  -45.507  -29.525  49.595 0.0000000000
60166  -44.736  -29.727  49.344 0.0000000000
60185  -44.852  -29.538  48.331 0.0000000000
61379  -42.309  -28.500  43.461 0.0000000000
61366  -43.419  -28.426  44.456 0.0000000000
61380  -43.252  -28.325  43.490 0.0000000000
61397  -44.766  -28.477  42.848 0.0000000000
35910  -26.900  -50.677  54.577 0.0000000000
37227  -29.823  -50.178  55.647 0.0000000000
37226  -28.980  -50.425  55.885 0.0000000000
42627  -29.759  -46.463  42.450 0.0000000000
42626  -29.045  -46.335  42.120 0.0000000000
41387  -29.987  -47.427  43.931 0.0000000000
38737  -30.176  -48.642  45.015 0.0000000000
38738  -31.330  -48.752  45.458 0.0000000000
44865  -35.431  -43.739  43.011 0.0000000000
44864  -34.530  -43.755  42.680 0.0000000000
43746  -35.222  -45.299  43.618 0.0000000000
41393  -35.434  -46.276  44.540 0.0000000000
40027  -37.038  -47.748  47.096 0.0000000000
40026  -36.356  -47.961  46.846 0.0000000000
38694  -34.879  -48.726  47.405 0.0000000000
38663  -35.021  -49.001  50.321 0.0000000000
34675  -17.896  -51.933  48.412 0.0000000000
34674  -17.320  -52.464  48.470 0.0000000000
33372  -16.919  -53.012  48.638 0.0000000000
33364  -16.961  -52.908  49.723 0.0000000000
32104  -16.688  -53.227  50.242 0.0000000000
32087  -16.712  -53.490  50.786 0.0000000000
33299  -20.323  -53.129  56.155 0.0000000000
66453  -46.733  -24.778  37.076 0.0000000000
66438  -47.516  -24.983  38.006 0.0000000000
66439  -48.490  -24.696  38.221 0.0000000000
66420  -49.981  -24.685  39.420 0.0000000000
68841  -52.049  -22.619  40.221 0.0000000000
68821  -52.495  -22.865  40.844 0.0000000000
67638  -53.008  -23.568  42.362 0.0000000000
67621  -53.418  -23.931  42.969 0.0000000000
66344  -54.347  -24.578  43.759 0.0000000000
67623  -54.686  -23.806  43.879 0.0000000000
67605  -55.331  -23.530  44.293 0.0000000000
67606  -55.817  -23.587  44.898 0.0000000000
74292  -53.910  -17.523  40.674 0.0000000000
73312  -53.569  -18.106  40.280 0.0000000000
74283  -53.893  -18.015  41.102 0.0000000000
73295  -54.547  -18.522  41.863 0.0000000000
73281  -55.723  -18.466  42.931 0.0000000000
81685  -56.751  -10.982  32.554 0.0000000000
81686  -57.338  -10.443  32.546 0.0000000000
82804  -57.924  -9.922  32.666 0.0000000000
85008  -60.589  -7.722  32.526 0.0000000000
83895  -60.450  -8.049  32.021 0.0000000000
85016  -61.467  -7.411  31.731 0.0000000000
85066  -62.274  -7.658  26.922 0.0000000000
85067  -62.752  -7.655  27.522 0.0000000000
85051  -63.053  -7.573  28.141 0.0000000000
85039  -63.208  -7.169  29.053 0.0000000000
87232  -63.942  -5.845  30.119 0.0000000000
87225  -64.091  -5.277  30.605 0.0000000000
88298  -64.607  -5.062  30.659 0.0000000000
89412  -66.035  -3.881  27.726 0.0000000000
89413  -66.550  -3.838  27.756 0.0000000000
52960  -42.077  -36.418  47.539 0.0000000000
54037  -41.376  -35.091  46.678 0.0000000000
56026  -40.621  -33.897  45.364 0.0000000000
37375  -22.614  -49.965  46.388 0.0000000000
38731  -24.148  -49.068  45.092 0.0000000000
38733  -26.113  -48.976  45.222 0.0000000000
49650  -37.394  -38.736  42.578 0.0000000000
50790  -37.833  -38.518  42.716 0.0000000000
49637  -38.353  -39.626  43.746 0.0000000000
50771  -38.954  -38.814  43.837 0.0000000000
48417  -39.196  -40.185  44.480 0.0000000000
48404  -40.327  -40.496  45.504 0.0000000000
50748  -41.594  -38.513  46.367 0.0000000000
50749  -41.870  -38.016  46.998 0.0000000000
51836  -42.190  -37.517  47.567 0.0000000000
62564  -46.785  -28.314  45.347 0.0000000000
62565  -47.765  -28.265  45.468 0.0000000000
62585  -48.532  -28.145  44.607 0.0000000000
62620  -47.965  -27.493  42.736 0.0000000000
62586  -49.376  -27.899  44.737 0.0000000000
62604  -49.949  -27.475  43.839 0.0000000000
62605  -50.595  -27.271  43.924 0.0000000000
63859  -51.235  -26.728  43.625 0.0000000000
77417  -53.602  -14.960  35.419 0.0000000000
77402  -53.949  -14.762  36.224 0.0000000000
78545  -55.030  -13.877  37.680 0.0000000000
78546  -55.506  -13.466  38.278 0.0000000000
79608  -56.552  -12.966  37.632 0.0000000000
79607  -56.048  -13.099  38.111 0.0000000000
79578  -55.892  -12.828  39.358 0.0000000000
79565  -56.639  -12.252  40.379 0.0000000000
80570  -57.391  -11.713  41.181 0.0000000000
83825  -60.020  -9.146  38.517 0.0000000000
83854  -60.728  -8.190  36.127 0.0000000000
29379  -12.894  -55.796  47.616 0.0000000000
27979  -12.689  -56.369  47.925 0.0000000000
25399  -12.865  -58.610  50.564 0.0000000000
58026  -40.540  -31.360  48.572 0.0000000000
58008  -40.997  -31.541  49.138 0.0000000000
60182  -40.614  -30.391  47.705 0.0000000000
60194  -39.889  -29.720  46.733 0.0000000000
59124  -41.042  -30.439  47.891 0.0000000000
59125  -41.760  -30.322  47.611 0.0000000000
60197  -42.953  -29.444  47.057 0.0000000000
60213  -42.337  -29.410  46.659 0.0000000000
61364  -41.466  -28.613  44.397 0.0000000000
61412  -41.911  -28.782  41.539 0.0000000000
35924  -28.927  -50.362  53.840 0.0000000000
37248  -29.201  -50.264  54.492 0.0000000000
37260  -30.136  -50.525  53.609 0.0000000000
37249  -29.805  -50.378  54.203 0.0000000000
37239  -29.748  -50.288  54.951 0.0000000000
38581  -30.739  -49.868  55.738 0.0000000000
38599  -33.407  -49.117  54.701 0.0000000000
42650  -30.565  -45.691  42.368 0.0000000000
41408  -31.820  -46.514  43.577 0.0000000000
43729  -38.208  -45.233  44.733 0.0000000000
42614  -36.963  -45.346  44.428 0.0000000000
42599  -37.526  -45.970  44.995 0.0000000000
41356  -37.720  -46.779  46.145 0.0000000000
41336  -39.058  -46.858  47.278 0.0000000000
41335  -38.425  -47.162  47.121 0.0000000000
40028  -37.717  -47.518  47.170 0.0000000000
40008  -37.348  -47.900  47.942 0.0000000000
39962  -37.283  -48.169  50.174 0.0000000000
39938  -39.637  -47.681  51.397 0.0000000000
36043  -18.681  -51.113  47.062 0.0000000000
36004  -19.041  -51.315  49.083 0.0000000000
34654  -18.063  -52.181  50.535 0.0000000000
34615  -19.225  -52.330  53.054 0.0000000000
33333  -19.790  -52.515  53.785 0.0000000000
33322  -20.489  -52.616  54.347 0.0000000000
33311  -20.411  -52.964  55.209 0.0000000000
68884  -48.577  -22.954  36.434 0.0000000000
68885  -49.274  -22.450  36.889 0.0000000000
68873  -49.974  -22.456  37.986 0.0000000000
69948  -50.947  -22.172  38.787 0.0000000000
69975  -50.490  -21.042  37.597 0.0000000000
69962  -50.641  -21.836  38.259 0.0000000000
69949  -51.421  -22.008  39.125 0.0000000000
69934  -52.678  -21.825  40.384 0.0000000000
69917  -53.792  -21.313  41.543 0.0000000000
80711  -56.035  -11.293  29.939 0.0000000000
80712  -56.517  -11.128  30.115 0.0000000000
81723  -57.553  -10.617  29.639 0.0000000000
88313  -65.029  -4.871  28.746 0.0000000000
87251  -64.883  -5.679  27.833 0.0000000000
87252  -65.133  -5.193  27.380 0.0000000000
87281  -64.437  -5.908  25.683 0.0000000000
29343  -15.538  -55.143  50.931 0.0000000000
29342  -15.088  -55.764  50.921 0.0000000000
29331  -15.514  -55.205  51.662 0.0000000000
29316  -15.155  -55.697  52.823 0.0000000000
27892  -14.369  -56.676  55.887 0.0000000000
54000  -42.621  -35.735  50.950 0.0000000000
55016  -42.286  -35.032  51.503 0.0000000000
55965  -42.431  -32.944  49.770 0.0000000000
56973  -41.871  -32.616  49.612 0.0000000000
54028  -42.041  -35.286  48.205 0.0000000000
55047  -41.788  -34.227  47.927 0.0000000000
55978  -41.121  -32.946  49.131 0.0000000000
56986  -40.695  -32.041  48.410 0.0000000000
58025  -40.025  -31.277  47.995 0.0000000000
59121  -38.517  -30.150  46.159 0.0000000000
60209  -38.670  -29.617  45.870 0.0000000000
34631  -22.464  -51.566  52.187 0.0000000000
35984  -23.403  -50.842  50.327 0.0000000000
35958  -24.434  -50.795  51.319 0.0000000000
35959  -25.276  -50.663  51.500 0.0000000000
35960  -26.170  -50.601  51.620 0.0000000000
35988  -26.815  -50.564  50.813 0.0000000000
37354  -23.291  -50.334  47.117 0.0000000000
37332  -24.523  -50.260  48.226 0.0000000000
37356  -25.212  -50.121  47.429 0.0000000000
37333  -25.492  -50.010  48.386 0.0000000000
35990  -28.808  -50.835  50.733 0.0000000000
37312  -28.536  -50.650  49.144 0.0000000000
36012  -29.339  -50.777  49.854 0.0000000000
35991  -29.849  -50.893  50.691 0.0000000000
35992  -30.901  -50.793  50.599 0.0000000000
35993  -31.825  -50.507  50.502 0.0000000000
46059  -34.921  -42.705  42.141 0.0000000000
46039  -35.201  -43.257  42.609 0.0000000000
48439  -36.986  -40.702  43.032 0.0000000000
47244  -37.331  -41.713  43.321 0.0000000000
46042  -37.276  -42.471  43.370 0.0000000000
46020  -37.165  -43.008  43.437 0.0000000000
44850  -37.445  -43.652  43.688 0.0000000000
43749  -37.868  -44.637  44.277 0.0000000000
42601  -39.167  -45.406  45.280 0.0000000000
43708  -40.314  -45.338  45.863 0.0000000000
42582  -40.495  -45.984  46.491 0.0000000000
42556  -41.037  -46.076  46.993 0.0000000000
42557  -41.733  -46.127  47.401 0.0000000000
42537  -42.164  -46.196  48.130 0.0000000000
42538  -42.640  -46.100  48.807 0.0000000000
42559  -43.176  -45.517  48.005 0.0000000000
43676  -44.302  -44.927  48.438 0.0000000000
44787  -43.362  -43.871  47.037 0.0000000000
44788  -44.151  -43.635  47.823 0.0000000000
44771  -44.440  -44.323  48.225 0.0000000000
44772  -44.972  -43.625  48.672 0.0000000000
45955  -45.154  -42.760  48.798 0.0000000000
45944  -45.713  -42.510  49.389 0.0000000000
47181  -42.210  -41.068  47.037 0.0000000000
48372  -42.535  -40.302  48.141 0.0000000000
47172  -42.710  -40.702  48.145 0.0000000000
47173  -43.329  -41.404  48.121 0.0000000000
47174  -43.819  -41.634  48.524 0.0000000000
47146  -44.065  -40.771  50.401 0.0000000000
49553  -42.907  -39.534  50.629 0.0000000000
49536  -43.210  -39.497  51.942 0.0000000000
37303  -20.421  -50.524  48.209 0.0000000000
37328  -20.930  -50.276  47.505 0.0000000000
61238  -48.287  -29.245  51.786 0.0000000000
61273  -49.170  -28.425  49.842 0.0000000000
61256  -49.746  -28.403  50.592 0.0000000000
61257  -50.308  -28.300  50.812 0.0000000000
62553  -48.548  -27.857  46.736 0.0000000000
62521  -50.350  -27.573  48.393 0.0000000000
62506  -52.113  -27.037  49.347 0.0000000000
63783  -53.208  -26.358  48.233 0.0000000000
74331  -50.565  -17.849  36.391 0.0000000000
74322  -50.957  -18.352  36.826 0.0000000000
74332  -51.191  -17.320  36.784 0.0000000000
74324  -52.199  -17.289  37.898 0.0000000000
75289  -52.632  -16.715  38.435 0.0000000000
76322  -52.578  -16.109  37.890 0.0000000000
75279  -53.128  -16.751  39.354 0.0000000000
75270  -53.724  -16.695  40.161 0.0000000000
75271  -54.240  -16.551  40.793 0.0000000000
75254  -55.387  -16.543  42.330 0.0000000000
77364  -54.258  -14.554  38.931 0.0000000000
77356  -55.197  -13.916  40.408 0.0000000000
77355  -54.352  -14.722  40.128 0.0000000000
77346  -54.511  -15.144  40.990 0.0000000000
18845  -9.957  -63.659  50.427 0.0000000000
65197  -45.555  -25.601  37.595 0.0000000000
66464  -46.653  -24.282  36.203 0.0000000000
67718  -47.292  -24.251  36.559 0.0000000000
67744  -46.786  -22.839  35.217 0.0000000000
68892  -47.448  -22.723  35.569 0.0000000000
68893  -48.176  -22.269  35.906 0.0000000000
69983  -48.325  -21.578  35.844 0.0000000000
71140  -48.464  -21.029  35.747 0.0000000000
71157  -48.177  -20.595  35.050 0.0000000000
71158  -48.686  -20.508  35.451 0.0000000000
73339  -49.178  -18.885  35.257 0.0000000000
74347  -48.367  -17.849  34.885 0.0000000000
75312  -49.360  -17.297  35.355 0.0000000000
75330  -50.080  -16.468  35.038 0.0000000000
75349  -50.191  -16.110  34.479 0.0000000000
76358  -50.863  -15.847  35.106 0.0000000000
77414  -51.332  -15.489  34.753 0.0000000000
77415  -51.936  -15.184  34.984 0.0000000000
77451  -50.076  -14.985  32.051 0.0000000000
77437  -50.466  -15.301  32.718 0.0000000000
76390  -51.586  -15.324  33.470 0.0000000000
77427  -52.459  -15.220  34.203 0.0000000000
77429  -54.003  -14.797  34.966 0.0000000000
78579  -55.532  -13.748  35.472 0.0000000000
78588  -55.368  -13.578  34.456 0.0000000000
79636  -55.793  -13.263  35.015 0.0000000000
79648  -55.875  -13.019  34.465 0.0000000000
80641  -56.843  -12.277  34.971 0.0000000000
81659  -57.692  -11.019  34.977 0.0000000000
80652  -56.908  -12.012  34.373 0.0000000000
80661  -56.514  -11.642  33.406 0.0000000000
79679  -55.284  -12.112  32.208 0.0000000000
80670  -55.695  -11.861  32.612 0.0000000000
80671  -56.243  -11.498  32.514 0.0000000000
27933  -14.522  -56.858  50.900 0.0000000000
26624  -14.353  -57.317  51.266 0.0000000000
26613  -14.327  -57.479  52.308 0.0000000000
25400  -13.424  -58.259  50.955 0.0000000000
25388  -13.346  -58.810  51.606 0.0000000000
24146  -12.680  -59.500  51.298 0.0000000000
25350  -13.295  -58.615  56.468 0.0000000000
25358  -12.856  -58.666  55.798 0.0000000000
24121  -12.624  -59.504  54.611 0.0000000000
22798  -11.846  -60.600  55.478 0.0000000000
24113  -12.023  -59.966  55.046 0.0000000000
24129  -12.952  -59.578  53.480 0.0000000000
22826  -12.649  -59.841  51.964 0.0000000000
21495  -11.282  -61.169  51.291 0.0000000000
18831  -10.436  -63.971  52.465 0.0000000000
17506  -10.305  -64.627  52.029 0.0000000000
60085  -47.131  -29.970  54.201 0.0000000000
53966  -42.761  -35.763  54.472 0.0000000000
57991  -41.703  -31.769  49.875 0.0000000000
59067  -42.514  -31.375  51.026 0.0000000000
57965  -42.862  -31.635  52.103 0.0000000000
59035  -42.901  -31.612  53.030 0.0000000000
59036  -43.563  -31.307  53.503 0.0000000000
60096  -45.360  -30.181  52.725 0.0000000000
60097  -46.242  -29.987  53.119 0.0000000000
60115  -46.743  -29.524  52.658 0.0000000000
61237  -47.254  -29.323  51.345 0.0000000000
61331  -46.746  -28.443  46.491 0.0000000000
61307  -43.436  -29.007  46.635 0.0000000000
61308  -43.994  -29.136  46.910 0.0000000000
61329  -44.761  -28.548  46.294 0.0000000000
61350  -46.203  -28.362  45.925 0.0000000000
62618  -46.450  -27.998  42.473 0.0000000000
62633  -46.231  -27.769  41.461 0.0000000000
63917  -44.758  -26.797  38.733 0.0000000000
62577  -37.446  -29.362  43.485 0.0000000000
62614  -38.913  -29.207  42.711 0.0000000000
61391  -39.663  -29.243  42.322 0.0000000000
61410  -40.169  -29.191  41.606 0.0000000000
61438  -42.569  -28.675  40.468 0.0000000000
61464  -42.753  -28.433  39.520 0.0000000000
62643  -43.392  -28.222  39.935 0.0000000000
62680  -42.778  -27.588  38.444 0.0000000000
62681  -43.463  -27.466  38.666 0.0000000000
63916  -44.009  -26.989  38.560 0.0000000000
35907  -23.850  -51.514  53.879 0.0000000000
35908  -24.919  -51.255  54.153 0.0000000000
40055  -26.793  -48.665  44.431 0.0000000000
38712  -28.462  -49.331  45.857 0.0000000000
37361  -30.443  -49.925  47.447 0.0000000000
36031  -31.356  -50.471  48.697 0.0000000000
36015  -32.160  -50.358  49.781 0.0000000000
44881  -32.170  -43.916  42.007 0.0000000000
43760  -33.577  -44.582  42.975 0.0000000000
43782  -32.726  -44.410  42.520 0.0000000000
43759  -32.537  -45.141  42.949 0.0000000000
42630  -32.297  -45.876  43.187 0.0000000000
41409  -32.749  -46.390  43.670 0.0000000000
41390  -32.268  -46.978  44.138 0.0000000000
42598  -36.472  -46.078  44.701 0.0000000000
42597  -35.857  -46.093  44.499 0.0000000000
40037  -36.051  -47.625  45.851 0.0000000000
40064  -35.386  -47.467  45.540 0.0000000000
41369  -34.397  -47.009  44.934 0.0000000000
41368  -33.914  -47.113  44.858 0.0000000000
40086  -33.186  -47.444  44.855 0.0000000000
40061  -32.884  -47.993  45.127 0.0000000000
38716  -32.944  -48.985  46.524 0.0000000000
38692  -32.497  -49.428  47.484 0.0000000000
38676  -33.168  -49.314  48.234 0.0000000000
38675  -32.732  -49.460  48.023 0.0000000000
37340  -32.559  -49.751  48.375 0.0000000000
37314  -32.714  -49.940  49.411 0.0000000000
37290  -32.701  -49.949  50.568 0.0000000000
37275  -34.128  -49.273  51.739 0.0000000000
38653  -35.201  -48.817  51.241 0.0000000000
38644  -34.906  -48.878  51.952 0.0000000000
38630  -35.418  -48.699  52.962 0.0000000000
38647  -37.344  -48.356  51.682 0.0000000000
30735  -15.484  -54.732  49.623 0.0000000000
34697  -17.677  -51.541  46.604 0.0000000000
33394  -14.676  -52.594  46.279 0.0000000000
32140  -15.343  -53.446  47.559 0.0000000000
33382  -16.164  -53.168  48.029 0.0000000000
30720  -15.769  -54.732  50.510 0.0000000000
65149  -48.394  -25.928  40.448 0.0000000000
65150  -49.019  -25.662  40.602 0.0000000000
65125  -49.780  -25.900  42.082 0.0000000000
65110  -51.046  -26.002  42.981 0.0000000000
63860  -51.986  -26.466  43.671 0.0000000000
67707  -49.626  -23.511  38.235 0.0000000000
66401  -51.157  -24.428  40.472 0.0000000000
67669  -51.581  -23.686  40.222 0.0000000000
66380  -51.500  -24.371  41.166 0.0000000000
66358  -51.149  -24.861  41.908 0.0000000000
65111  -51.696  -25.878  43.139 0.0000000000
63848  -52.558  -26.737  44.232 0.0000000000
63849  -53.233  -26.622  44.577 0.0000000000
63838  -54.197  -26.219  45.744 0.0000000000
73318  -52.108  -18.839  38.158 0.0000000000
72229  -52.286  -19.622  39.020 0.0000000000
73311  -53.155  -18.648  39.937 0.0000000000
72209  -53.288  -19.497  40.449 0.0000000000
72217  -52.671  -19.690  39.615 0.0000000000
71082  -53.378  -20.344  40.856 0.0000000000
69905  -54.659  -21.417  42.657 0.0000000000
71060  -55.244  -20.905  43.041 0.0000000000
69897  -55.116  -21.466  43.196 0.0000000000
68799  -55.361  -21.842  43.966 0.0000000000
82774  -58.541  -10.001  34.995 0.0000000000
82783  -57.697  -10.170  33.825 0.0000000000
83863  -60.608  -7.962  35.061 0.0000000000
80702  -57.041  -11.051  31.134 0.0000000000
81687  -57.838  -10.252  32.143 0.0000000000
82805  -58.453  -9.678  32.204 0.0000000000
82815  -58.949  -9.992  31.344 0.0000000000
83873  -59.898  -8.136  34.127 0.0000000000
84981  -61.132  -7.445  34.847 0.0000000000
84991  -61.415  -7.083  34.655 0.0000000000
86102  -61.779  -6.675  34.453 0.0000000000
84999  -60.943  -7.222  33.418 0.0000000000
86111  -61.558  -6.645  33.564 0.0000000000
87198  -62.985  -5.840  34.137 0.0000000000
83915  -61.848  -8.193  30.693 0.0000000000
85023  -61.740  -7.716  31.142 0.0000000000
85017  -62.111  -6.970  31.432 0.0000000000
86144  -62.801  -6.878  30.744 0.0000000000
86138  -62.926  -6.308  31.127 0.0000000000
88306  -65.500  -4.334  29.429 0.0000000000
90494  -65.926  -3.176  28.928 0.0000000000
22817  -12.616  -60.050  52.588 0.0000000000
24128  -12.463  -60.133  53.674 0.0000000000
24130  -13.427  -59.060  53.161 0.0000000000
24145  -12.041  -59.862  50.779 0.0000000000
25359  -13.072  -58.404  55.374 0.0000000000
25366  -12.793  -58.846  55.036 0.0000000000
26614  -14.710  -56.991  52.056 0.0000000000
27967  -12.506  -56.737  48.300 0.0000000000
30747  -14.149  -55.289  48.206 0.0000000000
33334  -20.270  -52.461  53.828 0.0000000000
34602  -20.518  -52.438  53.868 0.0000000000
34603  -21.011  -52.395  53.982 0.0000000000
35943  -31.462  -50.304  52.245 0.0000000000
36008  -25.730  -50.484  50.189 0.0000000000
36055  -17.746  -51.160  46.096 0.0000000000
37228  -30.328  -50.133  55.411 0.0000000000
37229  -30.867  -50.022  55.274 0.0000000000
37376  -23.044  -50.080  46.352 0.0000000000
38580  -30.333  -50.006  55.755 0.0000000000
38597  -31.750  -49.760  54.722 0.0000000000
38690  -21.801  -49.760  46.382 0.0000000000
38706  -22.491  -49.648  45.969 0.0000000000
38752  -29.256  -48.274  44.598 0.0000000000
40011  -39.737  -47.413  49.255 0.0000000000
40039  -37.351  -47.456  46.655 0.0000000000
40058  -30.415  -47.989  44.694 0.0000000000
40082  -29.798  -47.818  44.342 0.0000000000
40085  -32.583  -47.477  44.665 0.0000000000
42579  -38.088  -46.130  45.486 0.0000000000
42628  -30.632  -46.346  42.833 0.0000000000
44773  -45.429  -43.125  49.056 0.0000000000
44848  -35.853  -43.951  43.380 0.0000000000
44882  -33.221  -43.672  42.062 0.0000000000
45953  -44.014  -42.037  47.876 0.0000000000
46060  -35.475  -42.157  42.368 0.0000000000
47159  -42.775  -40.373  48.977 0.0000000000
48342  -42.503  -40.124  49.688 0.0000000000
48441  -38.244  -40.412  43.843 0.0000000000
49552  -42.511  -39.972  50.075 0.0000000000
49572  -42.413  -40.063  47.803 0.0000000000
51855  -41.574  -36.994  46.231 0.0000000000
52941  -42.305  -35.981  48.910 0.0000000000
52961  -42.322  -36.950  47.810 0.0000000000
54046  -41.330  -35.480  46.240 0.0000000000
55933  -42.397  -33.099  52.596 0.0000000000
55980  -42.308  -33.122  49.662 0.0000000000
56956  -42.289  -32.738  49.873 0.0000000000
56974  -42.266  -32.855  49.589 0.0000000000
57979  -42.826  -31.442  51.770 0.0000000000
59034  -42.814  -31.720  52.810 0.0000000000
59053  -42.874  -31.642  52.578 0.0000000000
59079  -41.921  -31.564  49.872 0.0000000000
60192  -38.541  -29.910  46.112 0.0000000000
60196  -42.036  -29.886  46.807 0.0000000000
60210  -39.976  -29.518  46.532 0.0000000000
61236  -46.838  -29.428  51.207 0.0000000000
61304  -39.575  -29.577  46.442 0.0000000000
61305  -41.302  -29.544  46.575 0.0000000000
61312  -47.525  -28.378  47.057 0.0000000000
61326  -41.940  -29.254  46.345 0.0000000000
62479  -50.558  -28.240  50.899 0.0000000000
62502  -48.370  -28.455  48.835 0.0000000000
62518  -47.820  -28.324  47.960 0.0000000000
62535  -47.574  -28.383  47.823 0.0000000000
62570  -52.020  -27.305  45.818 0.0000000000
62578  -37.799  -29.315  43.722 0.0000000000
62582  -46.103  -28.322  44.292 0.0000000000
62603  -49.200  -27.695  43.734 0.0000000000
62612  -37.509  -29.338  42.721 0.0000000000
62616  -44.909  -28.309  42.134 0.0000000000
63769  -52.622  -26.567  48.658 0.0000000000
63798  -48.970  -27.458  46.948 0.0000000000
63799  -49.058  -27.525  46.955 0.0000000000
63817  -48.967  -27.571  46.863 0.0000000000
63818  -49.164  -27.539  46.847 0.0000000000
63834  -49.150  -27.727  46.478 0.0000000000
63858  -50.402  -26.557  43.263 0.0000000000
63869  -49.355  -26.475  42.600 0.0000000000
63890  -47.000  -26.743  40.444 0.0000000000
63900  -44.615  -27.274  39.113 0.0000000000
65084  -54.259  -26.094  44.962 0.0000000000
65099  -54.462  -25.443  44.328 0.0000000000
65112  -52.570  -25.665  43.278 0.0000000000
65127  -51.376  -25.331  42.507 0.0000000000
65136  -48.130  -26.419  41.017 0.0000000000
65161  -45.769  -26.719  39.160 0.0000000000
65182  -48.045  -25.363  38.597 0.0000000000
66343  -53.718  -24.587  43.340 0.0000000000
66399  -49.718  -25.351  40.094 0.0000000000
67622  -53.951  -23.533  43.313 0.0000000000
67655  -52.724  -23.487  41.693 0.0000000000
67687  -49.657  -24.203  38.929 0.0000000000
67706  -49.000  -24.049  37.891 0.0000000000
67708  -50.213  -22.977  38.596 0.0000000000
68808  -53.648  -22.709  42.425 0.0000000000
68842  -52.610  -22.539  40.662 0.0000000000
68874  -50.458  -22.524  38.407 0.0000000000
68886  -49.679  -22.393  37.406 0.0000000000
68912  -47.580  -22.160  35.500 0.0000000000
69904  -54.136  -21.398  42.159 0.0000000000
69974  -49.850  -21.735  37.283 0.0000000000
71083  -53.926  -20.522  41.448 0.0000000000
71108  -52.357  -20.453  39.623 0.0000000000
71119  -51.014  -20.573  38.031 0.0000000000
71130  -50.249  -20.548  37.007 0.0000000000
72197  -54.095  -19.318  41.332 0.0000000000
72227  -51.277  -19.990  37.848 0.0000000000
72244  -51.433  -19.702  37.737 0.0000000000
72253  -50.185  -19.784  36.484 0.0000000000
73303  -53.383  -18.937  40.342 0.0000000000
73304  -53.706  -18.652  40.664 0.0000000000
73331  -51.155  -18.923  36.955 0.0000000000
74284  -54.427  -17.585  41.413 0.0000000000
74301  -53.397  -17.584  39.935 0.0000000000
74348  -49.040  -17.460  35.053 0.0000000000
75263  -54.765  -16.494  41.498 0.0000000000
75264  -55.203  -15.983  41.948 0.0000000000
75302  -51.661  -16.854  36.940 0.0000000000
76296  -54.973  -15.377  41.719 0.0000000000
76304  -54.069  -15.760  40.417 0.0000000000
76359  -51.565  -15.517  35.352 0.0000000000
76377  -51.854  -15.399  33.919 0.0000000000
76391  -52.096  -15.189  33.604 0.0000000000
77403  -54.565  -14.441  36.089 0.0000000000
77418  -54.269  -14.655  35.466 0.0000000000
77426  -51.694  -15.392  34.375 0.0000000000
77428  -53.492  -14.859  34.480 0.0000000000
77454  -52.204  -14.572  32.899 0.0000000000
78569  -55.136  -14.138  36.234 0.0000000000
78594  -52.876  -14.371  33.251 0.0000000000
79557  -56.909  -12.261  41.482 0.0000000000
79593  -55.821  -13.018  38.691 0.0000000000
79595  -56.926  -12.513  38.027 0.0000000000
79664  -54.022  -13.242  32.155 0.0000000000
79697  -54.558  -12.238  31.204 0.0000000000
80605  -58.014  -11.339  37.962 0.0000000000
81670  -58.283  -10.218  34.768 0.0000000000
81711  -56.764  -11.037  30.256 0.0000000000
83903  -59.375  -9.504  31.562 0.0000000000
84990  -61.011  -7.072  34.170 0.0000000000
85015  -60.754  -7.838  31.894 0.0000000000
85024  -62.223  -7.389  30.921 0.0000000000
85031  -63.342  -6.905  29.667 0.0000000000
86101  -61.301  -6.768  33.985 0.0000000000
86119  -61.710  -6.647  32.777 0.0000000000
86130  -63.071  -5.955  31.504 0.0000000000
86175  -62.700  -7.376  26.632 0.0000000000
90489  -65.840  -3.101  29.266 0.0000000000
90495  -66.102  -3.065  28.890 0.0000000000
