#!ascii label  , from subject S5_08 vox2ras=TkReg
765
29290  -21.373  -54.887  54.414 0.0000000000
51751  -43.390  -38.308  54.201 0.0000000000
60136  -47.940  -29.438  52.468 0.0000000000
66291  -57.291  -24.984  47.217 0.0000000000
45944  -45.713  -42.510  49.389 0.0000000000
62492  -52.320  -27.724  50.478 0.0000000000
75243  -56.004  -16.578  43.321 0.0000000000
79549  -57.925  -12.100  42.386 0.0000000000
51764  -46.600  -37.863  53.758 0.0000000000
56906  -46.703  -31.947  54.879 0.0000000000
57931  -43.584  -31.891  54.886 0.0000000000
31964  -21.842  -53.653  57.525 0.0000000000
35860  -26.353  -51.418  58.023 0.0000000000
38548  -31.270  -49.730  56.668 0.0000000000
38602  -36.176  -48.997  54.595 0.0000000000
38636  -40.571  -48.561  51.996 0.0000000000
39970  -44.628  -47.574  50.074 0.0000000000
44750  -48.408  -43.426  50.612 0.0000000000
57997  -51.096  -31.340  50.643 0.0000000000
81588  -59.503  -10.790  41.332 0.0000000000
50625  -45.006  -37.967  55.426 0.0000000000
54956  -44.313  -34.547  56.321 0.0000000000
54987  -42.768  -34.534  55.084 0.0000000000
34581  -21.800  -52.429  55.464 0.0000000000
33266  -24.306  -52.595  58.394 0.0000000000
39966  -40.837  -47.257  50.633 0.0000000000
38657  -42.717  -48.254  50.501 0.0000000000
41268  -43.360  -46.487  50.775 0.0000000000
48318  -43.894  -40.106  52.341 0.0000000000
45937  -47.544  -43.095  51.090 0.0000000000
47102  -46.314  -40.965  53.087 0.0000000000
48334  -47.662  -40.774  51.811 0.0000000000
59019  -47.321  -30.547  54.733 0.0000000000
57967  -49.017  -31.374  53.080 0.0000000000
59040  -50.014  -30.383  53.144 0.0000000000
63785  -54.694  -26.337  48.653 0.0000000000
61275  -54.578  -28.490  49.196 0.0000000000
62542  -56.815  -27.271  47.239 0.0000000000
63850  -58.196  -26.475  45.121 0.0000000000
76268  -58.020  -15.945  44.472 0.0000000000
73263  -57.531  -18.502  44.842 0.0000000000
43677  -44.759  -44.602  48.794 0.0000000000
63803  -54.603  -25.929  47.043 0.0000000000
77338  -56.428  -13.805  42.882 0.0000000000
78503  -58.364  -14.084  43.330 0.0000000000
79582  -60.235  -11.727  40.324 0.0000000000
52920  -46.156  -37.006  51.861 0.0000000000
54988  -45.440  -34.432  55.037 0.0000000000
57903  -45.834  -31.751  56.335 0.0000000000
29258  -22.154  -54.729  56.538 0.0000000000
33289  -28.348  -52.506  57.688 0.0000000000
37192  -28.943  -50.631  57.646 0.0000000000
33292  -30.507  -52.187  56.876 0.0000000000
34588  -33.068  -50.556  56.132 0.0000000000
35902  -35.911  -50.012  55.206 0.0000000000
35928  -37.782  -49.951  53.631 0.0000000000
38619  -38.459  -49.146  53.093 0.0000000000
37293  -41.052  -49.479  50.035 0.0000000000
43648  -46.055  -44.956  50.387 0.0000000000
41291  -47.252  -45.625  50.013 0.0000000000
42561  -46.652  -45.408  47.855 0.0000000000
45956  -47.854  -42.414  48.840 0.0000000000
49554  -47.433  -39.552  50.288 0.0000000000
60138  -52.022  -29.400  51.363 0.0000000000
69879  -57.167  -21.237  45.316 0.0000000000
67587  -58.435  -23.747  45.865 0.0000000000
29278  -20.465  -55.330  55.485 0.0000000000
50623  -44.084  -38.041  55.061 0.0000000000
52844  -44.006  -36.501  56.255 0.0000000000
52878  -43.172  -36.679  54.539 0.0000000000
41265  -41.213  -46.820  50.168 0.0000000000
41248  -42.215  -47.024  50.835 0.0000000000
41289  -42.401  -46.440  49.854 0.0000000000
49494  -43.476  -39.198  53.079 0.0000000000
47119  -45.659  -40.984  52.749 0.0000000000
49496  -44.607  -39.732  53.609 0.0000000000
49476  -45.517  -39.132  54.385 0.0000000000
60087  -48.977  -30.280  53.947 0.0000000000
60118  -49.332  -29.458  52.979 0.0000000000
65047  -55.928  -26.130  48.373 0.0000000000
63787  -56.120  -26.577  48.239 0.0000000000
63804  -56.881  -26.522  47.652 0.0000000000
62559  -57.858  -26.912  46.085 0.0000000000
65073  -58.193  -25.760  46.325 0.0000000000
75245  -58.407  -16.480  43.806 0.0000000000
74257  -58.154  -17.428  44.204 0.0000000000
74275  -58.122  -17.711  43.060 0.0000000000
78518  -55.922  -13.176  41.036 0.0000000000
78510  -57.041  -12.909  42.499 0.0000000000
78501  -57.264  -13.716  43.357 0.0000000000
78511  -58.013  -12.945  43.007 0.0000000000
78512  -58.681  -13.252  42.561 0.0000000000
79550  -58.589  -12.364  42.363 0.0000000000
79560  -60.205  -11.333  41.052 0.0000000000
51776  -46.446  -37.735  52.711 0.0000000000
53981  -45.802  -35.980  54.033 0.0000000000
53950  -46.147  -36.385  54.889 0.0000000000
56868  -43.892  -32.764  56.386 0.0000000000
56853  -44.641  -33.011  56.947 0.0000000000
57901  -44.700  -31.946  56.407 0.0000000000
58999  -45.716  -30.749  55.547 0.0000000000
59016  -44.407  -30.986  54.394 0.0000000000
30638  -23.152  -54.568  56.931 0.0000000000
30627  -23.269  -53.858  57.380 0.0000000000
34546  -24.994  -52.024  58.621 0.0000000000
38562  -30.365  -49.872  56.076 0.0000000000
37204  -30.537  -50.115  57.201 0.0000000000
34562  -29.877  -50.967  57.830 0.0000000000
35876  -30.980  -50.555  57.335 0.0000000000
34586  -31.587  -52.072  56.050 0.0000000000
35878  -32.760  -50.264  56.579 0.0000000000
37232  -35.986  -49.508  55.135 0.0000000000
35915  -36.708  -49.905  54.457 0.0000000000
35916  -37.303  -49.638  54.125 0.0000000000
39917  -40.127  -48.109  51.878 0.0000000000
39915  -38.617  -48.374  52.199 0.0000000000
38635  -39.903  -48.711  52.403 0.0000000000
35930  -38.976  -49.584  52.850 0.0000000000
37267  -40.343  -49.160  52.228 0.0000000000
37277  -40.542  -49.397  51.425 0.0000000000
37268  -40.882  -48.925  51.727 0.0000000000
39969  -43.840  -47.636  50.303 0.0000000000
37296  -43.333  -48.673  49.593 0.0000000000
38667  -44.447  -48.161  49.341 0.0000000000
38668  -44.932  -47.776  49.116 0.0000000000
43647  -45.419  -44.868  49.918 0.0000000000
43661  -46.338  -44.266  50.101 0.0000000000
44749  -48.063  -43.412  50.918 0.0000000000
43650  -47.745  -44.315  50.443 0.0000000000
42522  -48.108  -44.509  50.139 0.0000000000
41342  -47.203  -45.956  48.866 0.0000000000
43678  -47.524  -44.432  49.106 0.0000000000
45957  -48.260  -42.536  49.486 0.0000000000
50654  -46.675  -38.393  53.535 0.0000000000
49538  -47.404  -39.593  51.563 0.0000000000
50670  -46.874  -38.554  52.453 0.0000000000
50689  -46.719  -38.552  51.229 0.0000000000
33287  -21.238  -53.100  56.795 0.0000000000
31963  -21.100  -53.909  57.664 0.0000000000
29232  -20.942  -54.345  57.406 0.0000000000
55935  -45.408  -33.350  53.554 0.0000000000
56919  -46.777  -31.759  53.834 0.0000000000
57982  -50.478  -31.373  51.665 0.0000000000
62481  -51.606  -28.036  51.026 0.0000000000
60137  -51.644  -29.051  51.634 0.0000000000
61258  -52.623  -28.542  50.679 0.0000000000
60188  -55.188  -29.369  47.602 0.0000000000
59115  -54.180  -30.352  48.566 0.0000000000
72154  -58.444  -19.428  45.098 0.0000000000
72153  -57.563  -19.432  45.134 0.0000000000
71046  -58.813  -20.500  45.436 0.0000000000
69880  -58.214  -21.362  45.574 0.0000000000
69882  -59.357  -21.477  45.243 0.0000000000
67607  -59.361  -23.471  44.793 0.0000000000
80570  -57.391  -11.713  41.181 0.0000000000
80572  -58.766  -11.101  41.611 0.0000000000
81598  -58.924  -10.522  41.064 0.0000000000
82730  -59.456  -10.043  40.313 0.0000000000
51732  -45.868  -37.341  55.218 0.0000000000
52857  -45.625  -36.448  55.733 0.0000000000
51710  -44.874  -36.644  56.293 0.0000000000
54972  -43.572  -35.067  55.959 0.0000000000
56887  -43.122  -32.862  55.310 0.0000000000
33288  -22.163  -52.883  57.049 0.0000000000
33265  -23.397  -52.789  57.907 0.0000000000
34570  -25.015  -51.584  57.511 0.0000000000
39918  -40.742  -48.043  51.632 0.0000000000
38648  -41.167  -48.401  51.477 0.0000000000
39940  -41.427  -47.646  51.151 0.0000000000
41249  -43.019  -46.768  51.107 0.0000000000
39943  -44.326  -47.118  50.666 0.0000000000
47147  -44.762  -41.188  50.857 0.0000000000
45936  -46.902  -42.987  50.653 0.0000000000
47133  -46.077  -41.698  51.691 0.0000000000
45915  -47.251  -42.330  52.020 0.0000000000
45928  -48.228  -42.451  51.744 0.0000000000
47136  -48.254  -41.742  51.575 0.0000000000
48321  -47.308  -40.747  52.625 0.0000000000
49499  -46.604  -39.327  53.558 0.0000000000
33312  -21.121  -52.664  55.031 0.0000000000
57921  -47.569  -31.229  54.955 0.0000000000
57951  -47.684  -31.516  54.184 0.0000000000
57936  -48.765  -30.911  54.115 0.0000000000
57953  -49.435  -30.820  53.527 0.0000000000
57969  -50.790  -30.949  52.318 0.0000000000
62508  -53.882  -27.280  49.736 0.0000000000
62494  -53.932  -27.919  50.103 0.0000000000
62510  -54.873  -27.557  48.898 0.0000000000
61293  -55.396  -28.396  47.982 0.0000000000
76266  -57.029  -16.253  44.220 0.0000000000
74263  -56.680  -17.496  44.066 0.0000000000
74256  -57.852  -17.479  44.445 0.0000000000
73264  -58.145  -18.407  44.728 0.0000000000
51775  -42.769  -37.794  52.748 0.0000000000
49536  -43.210  -39.497  51.942 0.0000000000
61227  -48.973  -29.208  52.296 0.0000000000
62506  -52.113  -27.037  49.347 0.0000000000
63784  -54.102  -26.183  48.373 0.0000000000
65044  -54.556  -25.849  48.098 0.0000000000
65072  -56.334  -25.310  47.209 0.0000000000
76275  -55.867  -15.645  43.173 0.0000000000
76277  -57.789  -15.362  44.196 0.0000000000
76278  -58.310  -15.541  43.969 0.0000000000
76288  -58.325  -15.565  42.987 0.0000000000
80573  -59.349  -11.477  41.641 0.0000000000
79559  -59.664  -11.848  41.382 0.0000000000
53991  -45.476  -35.431  52.201 0.0000000000
54997  -45.361  -34.388  54.022 0.0000000000
55924  -45.419  -33.372  54.702 0.0000000000
54973  -45.173  -34.462  55.742 0.0000000000
55894  -45.723  -32.828  56.280 0.0000000000
56891  -46.510  -31.964  55.539 0.0000000000
59000  -46.614  -30.921  55.693 0.0000000000
59018  -46.399  -30.330  54.910 0.0000000000
54996  -42.595  -34.533  53.841 0.0000000000
55934  -42.536  -33.454  53.273 0.0000000000
59036  -43.563  -31.307  53.503 0.0000000000
29270  -22.050  -54.790  55.845 0.0000000000
29271  -22.711  -54.618  55.562 0.0000000000
32012  -29.540  -53.470  56.534 0.0000000000
35896  -25.113  -51.221  55.144 0.0000000000
35887  -26.806  -50.704  56.886 0.0000000000
35874  -27.755  -50.886  57.647 0.0000000000
33291  -29.857  -52.389  57.124 0.0000000000
34607  -32.779  -51.638  54.802 0.0000000000
34609  -34.726  -50.827  54.275 0.0000000000
38631  -36.346  -48.453  53.002 0.0000000000
38632  -37.331  -48.605  52.744 0.0000000000
38618  -37.846  -48.984  53.412 0.0000000000
37255  -38.203  -49.479  53.357 0.0000000000
35947  -38.551  -50.147  52.805 0.0000000000
37279  -42.260  -48.766  50.509 0.0000000000
42519  -44.213  -45.586  49.751 0.0000000000
42491  -44.602  -46.238  50.493 0.0000000000
41252  -45.519  -46.666  50.373 0.0000000000
43649  -46.979  -44.572  50.483 0.0000000000
41272  -47.071  -45.638  50.191 0.0000000000
39972  -45.809  -46.809  50.060 0.0000000000
40014  -46.043  -46.672  49.166 0.0000000000
41314  -46.361  -46.279  48.351 0.0000000000
47185  -46.994  -41.688  47.449 0.0000000000
48361  -48.015  -41.427  50.216 0.0000000000
48360  -47.746  -40.667  49.800 0.0000000000
48385  -47.080  -40.811  47.799 0.0000000000
50717  -47.041  -39.056  49.338 0.0000000000
29257  -21.389  -54.852  56.640 0.0000000000
60119  -50.188  -29.669  52.677 0.0000000000
59059  -51.501  -30.180  52.024 0.0000000000
57984  -51.537  -30.714  51.562 0.0000000000
60155  -53.647  -29.427  49.766 0.0000000000
59096  -52.759  -30.368  49.991 0.0000000000
58014  -51.769  -31.164  49.581 0.0000000000
65086  -55.620  -25.289  45.814 0.0000000000
66303  -56.987  -24.613  46.709 0.0000000000
72171  -56.537  -19.225  44.094 0.0000000000
72160  -56.303  -19.857  44.137 0.0000000000
68776  -56.641  -22.513  45.226 0.0000000000
67586  -57.892  -23.428  45.845 0.0000000000
67568  -58.066  -24.435  46.460 0.0000000000
66318  -58.736  -24.615  45.461 0.0000000000
50639  -43.926  -38.474  54.520 0.0000000000
51752  -43.468  -37.622  54.626 0.0000000000
51763  -43.273  -37.172  54.148 0.0000000000
41287  -41.041  -46.730  49.442 0.0000000000
50651  -43.384  -38.763  53.782 0.0000000000
49495  -43.872  -39.495  53.338 0.0000000000
50652  -43.780  -38.949  53.827 0.0000000000
49475  -44.735  -39.172  54.217 0.0000000000
60099  -47.823  -29.598  53.629 0.0000000000
60100  -48.783  -29.719  53.674 0.0000000000
60117  -48.425  -29.383  52.823 0.0000000000
65062  -56.604  -25.689  47.601 0.0000000000
65063  -57.544  -25.811  47.342 0.0000000000
65064  -58.105  -25.751  47.074 0.0000000000
66293  -57.971  -25.389  47.195 0.0000000000
75256  -58.274  -16.675  42.924 0.0000000000
79548  -57.349  -12.288  42.172 0.0000000000
53969  -46.013  -36.191  54.526 0.0000000000
52879  -46.152  -36.987  54.398 0.0000000000
56888  -43.723  -32.359  55.660 0.0000000000
56889  -44.172  -32.335  56.153 0.0000000000
57916  -43.872  -31.959  55.507 0.0000000000
58998  -44.873  -31.013  55.285 0.0000000000
57932  -44.201  -31.369  55.005 0.0000000000
30613  -22.309  -53.875  57.549 0.0000000000
34557  -25.747  -51.753  58.394 0.0000000000
34547  -26.164  -52.010  58.469 0.0000000000
38547  -30.462  -49.907  56.640 0.0000000000
37205  -31.517  -49.949  56.932 0.0000000000
35877  -31.837  -50.405  56.817 0.0000000000
37206  -32.439  -49.865  56.708 0.0000000000
38586  -35.644  -49.186  55.123 0.0000000000
37243  -36.406  -49.395  54.697 0.0000000000
38603  -36.666  -49.068  54.455 0.0000000000
39916  -39.386  -48.229  52.088 0.0000000000
38659  -44.033  -48.069  49.790 0.0000000000
39992  -44.978  -47.571  49.600 0.0000000000
44757  -45.895  -43.590  49.488 0.0000000000
45945  -46.366  -43.034  49.931 0.0000000000
43651  -48.182  -44.123  50.383 0.0000000000
43663  -48.276  -44.250  50.169 0.0000000000
43662  -48.013  -44.417  49.724 0.0000000000
44760  -48.342  -43.505  49.717 0.0000000000
51765  -46.780  -38.169  53.769 0.0000000000
50669  -46.587  -38.166  53.318 0.0000000000
33276  -20.983  -53.511  57.321 0.0000000000
31979  -21.233  -53.722  57.553 0.0000000000
30612  -21.403  -54.014  57.698 0.0000000000
56905  -45.853  -32.437  54.278 0.0000000000
56918  -45.863  -32.457  53.139 0.0000000000
57996  -50.126  -31.588  50.615 0.0000000000
58013  -50.812  -31.556  49.513 0.0000000000
61242  -51.961  -28.502  51.235 0.0000000000
74274  -55.629  -17.492  42.676 0.0000000000
72155  -59.322  -20.013  45.157 0.0000000000
69881  -58.988  -21.439  45.623 0.0000000000
50626  -45.563  -37.820  55.243 0.0000000000
51731  -45.117  -37.096  55.823 0.0000000000
53947  -43.090  -35.316  55.502 0.0000000000
53948  -43.597  -35.906  55.867 0.0000000000
54971  -43.113  -34.469  55.983 0.0000000000
55908  -42.959  -33.679  55.750 0.0000000000
34567  -22.002  -52.638  56.351 0.0000000000
34584  -24.628  -51.588  56.572 0.0000000000
39939  -40.453  -47.622  51.291 0.0000000000
41267  -42.780  -46.501  50.635 0.0000000000
39942  -43.461  -47.195  50.869 0.0000000000
41250  -43.858  -46.674  50.762 0.0000000000
48333  -44.299  -40.505  51.758 0.0000000000
45925  -46.442  -42.305  50.944 0.0000000000
47132  -45.076  -40.842  52.090 0.0000000000
47101  -45.800  -40.707  53.175 0.0000000000
47120  -46.825  -41.694  52.436 0.0000000000
45916  -47.676  -42.218  52.110 0.0000000000
47121  -47.542  -41.618  52.308 0.0000000000
47122  -48.079  -41.819  52.095 0.0000000000
47103  -47.003  -41.176  52.920 0.0000000000
50641  -45.573  -38.417  54.827 0.0000000000
49477  -46.179  -38.983  54.379 0.0000000000
50642  -46.122  -38.211  54.636 0.0000000000
33300  -21.125  -52.715  55.900 0.0000000000
59001  -47.518  -30.954  55.110 0.0000000000
57935  -48.042  -31.175  54.488 0.0000000000
59020  -48.259  -30.713  54.384 0.0000000000
60088  -49.301  -30.315  53.798 0.0000000000
59039  -49.476  -30.395  53.628 0.0000000000
57954  -50.079  -30.667  52.855 0.0000000000
59057  -50.546  -30.513  52.703 0.0000000000
63771  -53.907  -26.628  49.168 0.0000000000
63772  -54.486  -26.889  49.181 0.0000000000
63773  -54.730  -27.139  49.075 0.0000000000
62525  -56.204  -27.343  47.903 0.0000000000
62524  -55.534  -27.441  48.481 0.0000000000
61294  -56.154  -27.941  47.375 0.0000000000
61313  -55.814  -28.692  47.181 0.0000000000
61315  -57.231  -27.704  46.341 0.0000000000
76267  -57.458  -16.051  44.390 0.0000000000
75235  -57.140  -16.737  44.309 0.0000000000
75236  -57.708  -16.655  44.345 0.0000000000
72162  -58.459  -18.929  44.655 0.0000000000
50668  -43.058  -38.788  52.883 0.0000000000
63770  -53.148  -26.516  48.978 0.0000000000
63802  -54.032  -26.163  47.504 0.0000000000
65060  -54.886  -25.761  47.534 0.0000000000
65061  -55.705  -25.668  47.644 0.0000000000
78509  -56.054  -13.572  42.070 0.0000000000
77337  -55.703  -14.575  42.449 0.0000000000
77327  -55.741  -15.053  42.969 0.0000000000
76276  -56.832  -15.690  43.897 0.0000000000
77328  -56.402  -14.659  43.369 0.0000000000
78502  -58.072  -13.848  43.457 0.0000000000
77330  -58.081  -14.679  43.680 0.0000000000
77339  -58.389  -14.554  43.217 0.0000000000
81589  -59.843  -10.979  41.362 0.0000000000
79568  -60.272  -11.507  40.780 0.0000000000
51792  -45.948  -37.030  51.346 0.0000000000
52919  -45.792  -36.569  51.657 0.0000000000
53968  -45.829  -35.330  54.442 0.0000000000
53980  -45.677  -35.564  53.387 0.0000000000
53936  -45.215  -35.500  55.967 0.0000000000
54957  -44.785  -34.388  56.245 0.0000000000
56870  -45.297  -32.532  56.630 0.0000000000
55893  -45.193  -33.437  56.371 0.0000000000
55911  -46.102  -32.632  55.937 0.0000000000
56871  -46.079  -32.225  56.265 0.0000000000
57919  -46.335  -31.581  55.904 0.0000000000
58984  -46.123  -31.368  56.020 0.0000000000
59017  -45.368  -30.392  54.566 0.0000000000
29259  -22.664  -54.593  56.304 0.0000000000
31994  -23.533  -54.199  57.072 0.0000000000
31956  -24.377  -53.096  58.591 0.0000000000
32011  -28.156  -53.170  56.714 0.0000000000
32000  -28.603  -53.002  57.261 0.0000000000
35897  -26.047  -51.054  55.406 0.0000000000
35886  -26.012  -51.164  56.509 0.0000000000
35875  -28.280  -50.865  57.757 0.0000000000
35862  -27.979  -51.265  57.928 0.0000000000
35863  -28.838  -50.865  57.866 0.0000000000
34574  -30.218  -51.379  57.520 0.0000000000
33302  -30.213  -52.946  56.709 0.0000000000
32013  -30.569  -53.599  56.316 0.0000000000
34587  -32.404  -51.019  56.226 0.0000000000
34596  -32.128  -51.860  55.408 0.0000000000
34606  -32.310  -51.978  54.964 0.0000000000
34597  -33.220  -50.809  55.609 0.0000000000
37231  -35.263  -49.614  55.394 0.0000000000
35901  -34.649  -50.263  55.474 0.0000000000
34608  -33.965  -50.901  54.780 0.0000000000
35913  -34.791  -50.624  54.767 0.0000000000
35914  -35.622  -50.511  54.396 0.0000000000
35927  -36.760  -50.434  53.551 0.0000000000
35946  -37.617  -50.464  52.740 0.0000000000
38634  -39.048  -48.853  52.716 0.0000000000
39914  -37.946  -48.458  52.225 0.0000000000
38633  -38.250  -48.754  52.804 0.0000000000
37266  -39.446  -49.412  52.562 0.0000000000
35948  -39.018  -49.802  52.727 0.0000000000
35999  -39.850  -49.791  50.734 0.0000000000
38649  -42.011  -48.280  51.125 0.0000000000
42539  -43.718  -45.492  48.807 0.0000000000
42540  -44.380  -45.127  49.055 0.0000000000
42502  -45.050  -45.632  50.324 0.0000000000
41269  -44.974  -46.170  50.504 0.0000000000
42503  -45.977  -45.699  50.407 0.0000000000
44758  -46.640  -43.740  50.320 0.0000000000
44748  -47.401  -43.761  50.689 0.0000000000
42505  -47.417  -45.102  50.188 0.0000000000
41271  -46.361  -46.193  50.212 0.0000000000
41290  -46.894  -46.124  49.770 0.0000000000
39994  -46.250  -46.536  49.664 0.0000000000
42562  -47.230  -45.378  48.746 0.0000000000
41341  -46.808  -45.968  48.381 0.0000000000
47175  -47.587  -41.692  48.292 0.0000000000
47135  -47.900  -41.281  51.337 0.0000000000
47150  -48.412  -41.912  50.718 0.0000000000
48373  -47.584  -40.888  48.810 0.0000000000
49562  -47.255  -39.906  49.186 0.0000000000
49576  -47.042  -39.777  48.114 0.0000000000
51793  -46.312  -37.510  51.551 0.0000000000
50707  -46.453  -38.243  50.326 0.0000000000
51810  -46.148  -37.620  50.501 0.0000000000
30636  -21.786  -54.725  56.902 0.0000000000
29246  -21.332  -54.643  57.064 0.0000000000
29269  -21.339  -55.078  56.088 0.0000000000
57966  -48.164  -31.503  53.453 0.0000000000
56920  -47.561  -31.582  53.654 0.0000000000
57980  -48.306  -31.495  52.566 0.0000000000
61239  -49.304  -28.783  51.523 0.0000000000
61228  -49.805  -29.125  52.183 0.0000000000
60120  -51.184  -29.726  52.154 0.0000000000
60121  -51.620  -29.908  51.831 0.0000000000
59071  -51.516  -30.480  51.875 0.0000000000
59083  -51.777  -30.452  51.337 0.0000000000
61260  -54.155  -28.538  49.864 0.0000000000
61259  -53.458  -28.568  50.260 0.0000000000
60156  -54.260  -29.054  49.560 0.0000000000
59114  -53.691  -30.543  49.015 0.0000000000
58016  -53.398  -30.716  49.218 0.0000000000
58015  -52.750  -30.779  49.559 0.0000000000
58033  -52.594  -31.265  48.660 0.0000000000
66302  -56.520  -24.688  46.247 0.0000000000
66317  -56.756  -24.364  46.041 0.0000000000
74255  -57.281  -17.519  44.459 0.0000000000
73271  -56.750  -18.474  44.223 0.0000000000
71044  -57.361  -20.314  45.220 0.0000000000
71053  -56.748  -20.364  44.780 0.0000000000
71052  -56.193  -20.521  44.152 0.0000000000
69889  -56.598  -21.148  44.850 0.0000000000
68790  -56.474  -21.761  44.839 0.0000000000
68778  -58.431  -22.443  45.704 0.0000000000
68777  -57.607  -22.406  45.636 0.0000000000
67567  -57.821  -24.186  46.337 0.0000000000
66305  -58.196  -24.917  46.697 0.0000000000
50624  -44.371  -38.040  55.236 0.0000000000
51730  -44.460  -37.541  55.811 0.0000000000
51729  -43.977  -37.713  55.369 0.0000000000
53967  -43.307  -36.084  55.186 0.0000000000
39967  -41.509  -47.093  50.652 0.0000000000
41266  -41.937  -46.704  50.374 0.0000000000
42500  -43.334  -46.351  50.559 0.0000000000
48299  -43.864  -40.174  52.937 0.0000000000
47118  -45.006  -40.718  52.672 0.0000000000
48300  -44.399  -40.260  53.184 0.0000000000
48301  -45.223  -40.421  53.311 0.0000000000
48302  -45.904  -40.357  53.403 0.0000000000
49497  -45.374  -39.758  53.787 0.0000000000
50640  -44.857  -38.552  54.835 0.0000000000
60086  -48.095  -30.104  54.133 0.0000000000
60101  -49.651  -30.075  53.549 0.0000000000
65046  -55.543  -25.939  48.346 0.0000000000
63786  -55.248  -26.676  48.701 0.0000000000
62543  -57.265  -27.290  46.656 0.0000000000
63805  -57.619  -26.533  47.052 0.0000000000
63806  -58.095  -26.172  46.839 0.0000000000
65087  -58.429  -25.819  45.530 0.0000000000
75237  -58.145  -16.517  44.265 0.0000000000
74264  -58.293  -17.499  43.749 0.0000000000
79551  -59.119  -12.223  42.012 0.0000000000
81600  -60.194  -10.515  41.019 0.0000000000
80582  -60.686  -10.942  40.768 0.0000000000
80596  -60.736  -11.071  39.903 0.0000000000
52906  -46.173  -36.957  52.330 0.0000000000
52905  -45.758  -36.280  52.721 0.0000000000
52892  -46.010  -36.702  53.476 0.0000000000
55876  -43.914  -33.754  56.851 0.0000000000
54942  -44.445  -33.999  56.664 0.0000000000
56852  -44.027  -33.091  57.016 0.0000000000
56869  -44.521  -32.379  56.578 0.0000000000
57902  -45.111  -31.761  56.435 0.0000000000
58983  -45.799  -31.298  56.050 0.0000000000
57918  -45.221  -31.307  55.894 0.0000000000
30625  -21.974  -54.605  57.117 0.0000000000
30637  -22.194  -54.703  56.908 0.0000000000
30626  -22.419  -54.374  57.305 0.0000000000
31980  -23.661  -53.979  57.105 0.0000000000
35864  -29.614  -50.605  57.874 0.0000000000
35865  -30.188  -50.505  57.759 0.0000000000
34575  -31.364  -51.417  56.821 0.0000000000
34576  -32.069  -50.731  56.574 0.0000000000
35903  -36.269  -49.719  54.921 0.0000000000
39938  -39.637  -47.681  51.397 0.0000000000
39937  -38.825  -47.913  51.453 0.0000000000
37256  -38.817  -49.434  52.954 0.0000000000
37276  -39.955  -49.560  52.083 0.0000000000
37278  -41.482  -48.982  50.968 0.0000000000
39968  -43.167  -47.742  50.498 0.0000000000
38658  -43.424  -48.330  50.011 0.0000000000
38666  -43.740  -48.511  49.440 0.0000000000
38682  -45.042  -47.453  48.726 0.0000000000
43659  -45.272  -44.432  49.248 0.0000000000
42520  -44.848  -45.017  49.548 0.0000000000
43660  -45.815  -44.371  49.692 0.0000000000
42506  -47.887  -44.643  50.172 0.0000000000
42521  -47.722  -44.930  49.984 0.0000000000
41316  -47.322  -45.705  49.472 0.0000000000
42541  -47.538  -45.018  49.493 0.0000000000
44759  -47.905  -43.934  49.401 0.0000000000
44774  -47.595  -43.364  48.800 0.0000000000
49519  -47.097  -39.564  52.612 0.0000000000
48346  -47.769  -40.804  50.847 0.0000000000
51777  -46.781  -38.025  51.918 0.0000000000
33286  -20.238  -53.490  57.031 0.0000000000
31978  -20.468  -53.868  57.575 0.0000000000
29233  -21.659  -54.225  57.515 0.0000000000
57981  -49.208  -31.455  51.782 0.0000000000
62480  -50.967  -28.156  50.968 0.0000000000
61241  -51.241  -28.692  51.559 0.0000000000
60187  -54.741  -29.465  48.285 0.0000000000
60169  -54.308  -29.537  49.098 0.0000000000
73253  -57.888  -18.877  45.080 0.0000000000
73252  -57.668  -18.897  45.096 0.0000000000
71045  -57.943  -20.337  45.365 0.0000000000
68779  -59.026  -22.463  45.510 0.0000000000
67588  -59.157  -23.444  45.286 0.0000000000
80571  -57.832  -11.569  41.675 0.0000000000
80562  -58.317  -11.610  42.011 0.0000000000
81587  -59.206  -10.639  41.259 0.0000000000
81611  -59.132  -10.258  40.715 0.0000000000
81599  -59.506  -10.223  40.991 0.0000000000
82716  -59.967  -9.963  40.694 0.0000000000
51753  -46.334  -37.705  54.432 0.0000000000
52858  -46.104  -36.741  55.065 0.0000000000
52846  -45.133  -36.275  56.330 0.0000000000
53935  -44.711  -35.447  56.207 0.0000000000
53934  -44.094  -35.459  56.229 0.0000000000
55891  -43.233  -34.029  56.242 0.0000000000
55909  -43.402  -33.014  55.943 0.0000000000
56904  -43.377  -32.390  55.109 0.0000000000
33277  -21.819  -53.307  57.357 0.0000000000
33264  -22.538  -53.146  57.468 0.0000000000
33278  -22.762  -52.864  57.454 0.0000000000
34555  -24.375  -51.986  57.935 0.0000000000
34556  -25.063  -51.657  58.247 0.0000000000
35859  -25.662  -51.508  58.085 0.0000000000
38616  -35.941  -48.736  53.929 0.0000000000
39941  -42.547  -47.497  50.916 0.0000000000
47163  -45.854  -41.954  49.848 0.0000000000
45935  -46.263  -42.385  50.155 0.0000000000
47148  -45.802  -41.823  50.506 0.0000000000
45926  -46.997  -42.552  51.535 0.0000000000
47134  -46.808  -42.144  52.012 0.0000000000
45927  -47.805  -42.735  51.583 0.0000000000
44742  -48.217  -42.911  51.400 0.0000000000
45938  -48.531  -42.605  51.132 0.0000000000
48335  -47.842  -41.368  52.025 0.0000000000
48303  -46.496  -40.369  53.142 0.0000000000
50643  -46.641  -38.389  54.102 0.0000000000
56907  -46.890  -31.835  55.153 0.0000000000
57950  -46.967  -31.716  54.628 0.0000000000
57934  -47.261  -31.618  54.930 0.0000000000
57952  -48.602  -31.271  53.911 0.0000000000
59021  -49.099  -30.533  53.871 0.0000000000
57968  -49.895  -31.105  52.614 0.0000000000
57983  -51.249  -31.043  51.558 0.0000000000
62507  -53.106  -27.150  49.670 0.0000000000
62493  -53.265  -27.812  50.260 0.0000000000
62509  -54.429  -27.648  49.529 0.0000000000
61276  -54.981  -28.132  48.592 0.0000000000
61292  -54.732  -28.809  48.578 0.0000000000
75244  -56.647  -16.682  43.915 0.0000000000
74262  -56.208  -17.483  43.379 0.0000000000
72163  -58.883  -19.450  44.538 0.0000000000
51762  -42.994  -37.956  53.809 0.0000000000
52889  -42.971  -36.759  53.751 0.0000000000
52904  -42.853  -36.675  52.429 0.0000000000
47162  -45.227  -41.641  49.743 0.0000000000
48345  -44.024  -40.575  50.994 0.0000000000
48332  -43.613  -40.116  51.523 0.0000000000
49537  -43.593  -39.811  52.153 0.0000000000
49517  -43.329  -39.326  52.686 0.0000000000
60135  -47.411  -29.476  52.160 0.0000000000
61226  -48.586  -29.306  52.320 0.0000000000
61256  -49.746  -28.403  50.592 0.0000000000
62491  -51.398  -27.659  50.335 0.0000000000
65045  -54.894  -25.830  48.210 0.0000000000
76286  -55.472  -15.520  42.437 0.0000000000
77329  -57.451  -14.600  43.816 0.0000000000
76287  -58.232  -16.085  42.647 0.0000000000
80563  -58.664  -11.748  42.072 0.0000000000
80564  -58.978  -11.937  42.095 0.0000000000
80574  -60.062  -11.182  41.233 0.0000000000
55007  -45.275  -34.371  52.825 0.0000000000
56890  -46.020  -32.594  55.261 0.0000000000
53949  -45.811  -35.697  55.255 0.0000000000
55878  -44.721  -33.553  56.708 0.0000000000
55910  -45.530  -33.343  55.705 0.0000000000
56892  -46.965  -31.670  55.312 0.0000000000
57920  -47.023  -31.419  55.425 0.0000000000
60116  -47.531  -29.425  52.945 0.0000000000
52877  -42.856  -36.404  54.285 0.0000000000
55923  -42.759  -33.447  54.565 0.0000000000
56903  -43.145  -32.478  54.566 0.0000000000
57930  -43.263  -32.088  54.414 0.0000000000
59015  -43.840  -31.429  54.400 0.0000000000
29280  -22.098  -54.844  55.017 0.0000000000
29281  -22.778  -54.701  54.728 0.0000000000
31965  -22.874  -53.245  57.574 0.0000000000
30628  -23.830  -53.380  57.880 0.0000000000
35885  -25.226  -51.276  56.034 0.0000000000
35872  -26.006  -51.343  57.485 0.0000000000
35861  -27.173  -51.342  57.996 0.0000000000
34572  -28.831  -52.261  57.626 0.0000000000
34561  -29.406  -51.186  57.842 0.0000000000
33290  -29.209  -52.740  57.309 0.0000000000
33301  -29.730  -52.957  56.945 0.0000000000
35879  -33.293  -50.035  56.680 0.0000000000
35889  -33.637  -50.213  56.262 0.0000000000
34598  -33.974  -50.552  55.448 0.0000000000
35926  -35.836  -50.668  53.192 0.0000000000
38617  -36.976  -48.668  54.007 0.0000000000
37254  -37.540  -49.349  53.865 0.0000000000
35929  -38.641  -49.766  53.099 0.0000000000
37294  -42.143  -49.300  49.997 0.0000000000
42518  -43.312  -46.162  49.910 0.0000000000
42501  -43.991  -46.244  50.434 0.0000000000
42490  -44.294  -46.456  50.610 0.0000000000
41251  -44.785  -46.587  50.595 0.0000000000
39944  -45.112  -47.064  50.503 0.0000000000
42504  -46.756  -45.434  50.349 0.0000000000
41253  -45.748  -46.649  50.243 0.0000000000
39971  -45.338  -47.223  50.094 0.0000000000
39993  -45.492  -47.090  49.402 0.0000000000
40013  -45.684  -46.724  48.474 0.0000000000
41315  -46.683  -46.299  49.022 0.0000000000
45946  -48.521  -42.694  50.271 0.0000000000
47164  -48.241  -41.993  49.846 0.0000000000
47176  -48.089  -41.818  49.074 0.0000000000
48374  -47.980  -41.408  49.515 0.0000000000
50729  -46.408  -38.760  48.434 0.0000000000
50708  -46.932  -38.729  50.119 0.0000000000
50716  -46.533  -38.479  49.475 0.0000000000
61229  -50.602  -29.090  52.075 0.0000000000
60103  -50.934  -30.154  52.648 0.0000000000
59058  -51.115  -30.417  52.375 0.0000000000
57970  -51.334  -30.777  52.011 0.0000000000
60154  -52.815  -29.343  50.459 0.0000000000
59085  -52.998  -29.975  50.092 0.0000000000
59084  -52.322  -30.142  50.732 0.0000000000
57999  -52.390  -30.512  50.194 0.0000000000
57998  -51.827  -30.732  50.646 0.0000000000
65070  -55.096  -25.719  46.505 0.0000000000
65071  -55.989  -25.262  46.674 0.0000000000
73270  -56.339  -18.238  43.564 0.0000000000
72170  -56.064  -19.243  43.485 0.0000000000
72161  -56.858  -19.265  44.659 0.0000000000
71069  -55.485  -19.804  42.899 0.0000000000
68789  -55.788  -22.611  44.594 0.0000000000
67584  -56.256  -23.237  45.192 0.0000000000
67585  -57.053  -23.651  45.726 0.0000000000
67566  -57.510  -24.006  46.131 0.0000000000
66304  -57.717  -24.692  46.873 0.0000000000
65100  -58.624  -25.657  44.876 0.0000000000
66319  -59.311  -23.920  45.110 0.0000000000
66331  -58.817  -24.642  44.680 0.0000000000
29247  -21.906  -54.391  57.357 0.0000000000
30614  -23.338  -53.335  57.679 0.0000000000
30639  -23.623  -54.222  56.852 0.0000000000
34538  -25.518  -52.464  58.728 0.0000000000
34544  -24.022  -52.348  57.922 0.0000000000
34558  -26.563  -51.800  58.412 0.0000000000
34571  -25.580  -51.448  57.103 0.0000000000
34585  -25.284  -51.483  56.756 0.0000000000
35871  -25.389  -51.453  57.948 0.0000000000
35888  -32.976  -50.441  56.339 0.0000000000
37193  -29.309  -50.513  57.631 0.0000000000
37207  -33.042  -49.910  56.734 0.0000000000
37244  -36.976  -49.322  54.334 0.0000000000
38587  -36.080  -49.232  54.954 0.0000000000
39945  -45.533  -46.913  50.320 0.0000000000
41270  -45.467  -46.187  50.428 0.0000000000
44743  -48.354  -42.989  51.226 0.0000000000
44775  -48.022  -42.900  49.272 0.0000000000
45917  -48.001  -42.086  52.156 0.0000000000
47149  -48.108  -41.483  51.052 0.0000000000
48319  -44.442  -40.484  52.626 0.0000000000
48320  -44.902  -40.639  52.963 0.0000000000
48322  -47.722  -41.429  52.227 0.0000000000
48347  -48.063  -41.449  50.708 0.0000000000
49474  -44.154  -39.156  53.875 0.0000000000
49478  -46.478  -38.733  54.223 0.0000000000
49498  -46.070  -39.690  53.834 0.0000000000
49518  -43.555  -39.711  52.696 0.0000000000
50638  -43.525  -38.537  54.160 0.0000000000
50653  -46.704  -38.130  53.649 0.0000000000
50688  -46.397  -38.010  50.924 0.0000000000
50730  -46.945  -39.352  48.748 0.0000000000
51708  -43.994  -37.233  56.093 0.0000000000
51709  -44.516  -36.913  56.212 0.0000000000
51754  -46.818  -38.057  53.958 0.0000000000
51794  -46.643  -38.057  51.614 0.0000000000
51809  -45.818  -36.911  50.775 0.0000000000
52845  -44.596  -36.259  56.388 0.0000000000
52856  -43.642  -36.861  55.525 0.0000000000
52890  -43.177  -36.841  54.148 0.0000000000
52891  -45.758  -36.210  53.219 0.0000000000
54940  -43.886  -34.007  56.755 0.0000000000
54941  -44.122  -34.030  56.786 0.0000000000
54954  -43.339  -34.243  56.193 0.0000000000
54955  -43.727  -34.280  56.377 0.0000000000
55877  -44.299  -33.567  56.963 0.0000000000
55892  -43.582  -33.513  56.411 0.0000000000
56854  -45.014  -33.127  56.810 0.0000000000
56930  -47.496  -31.664  53.035 0.0000000000
57917  -44.409  -31.797  55.849 0.0000000000
57933  -46.957  -31.821  54.927 0.0000000000
57949  -43.495  -31.656  54.157 0.0000000000
59002  -47.888  -30.905  54.671 0.0000000000
59041  -50.630  -30.292  52.760 0.0000000000
59072  -51.791  -30.122  51.608 0.0000000000
59097  -53.414  -30.324  49.535 0.0000000000
59098  -53.872  -30.176  49.093 0.0000000000
60102  -50.507  -30.084  52.970 0.0000000000
62558  -57.615  -27.303  46.188 0.0000000000
62572  -57.768  -27.114  45.846 0.0000000000
63822  -57.613  -26.909  46.570 0.0000000000
63823  -57.903  -26.595  46.441 0.0000000000
66292  -57.639  -25.205  47.244 0.0000000000
66332  -59.249  -24.091  44.927 0.0000000000
68775  -56.173  -22.767  45.061 0.0000000000
69888  -56.063  -21.281  44.267 0.0000000000
72180  -55.537  -19.201  42.926 0.0000000000
73281  -55.723  -18.466  42.931 0.0000000000
79558  -57.509  -12.031  41.996 0.0000000000
80580  -57.738  -11.362  40.830 0.0000000000
82715  -59.685  -10.057  40.768 0.0000000000
