#!ascii label  , from subject S5_08 vox2ras=TkReg
912
54074  -39.989  -35.472  43.642 0.0000000000
42621  -22.143  -45.302  42.784 0.0000000000
47273  -31.544  -41.650  40.372 0.0000000000
82801  -47.540  -9.767  32.327 0.0000000000
85034  -54.361  -7.423  28.438 0.0000000000
39975  -14.593  -46.147  48.902 0.0000000000
79642  -43.362  -12.761  35.238 0.0000000000
58065  -38.674  -31.233  45.021 0.0000000000
49662  -36.281  -39.228  41.696 0.0000000000
42588  -17.832  -44.810  45.776 0.0000000000
36068  -18.429  -50.207  45.360 0.0000000000
54082  -36.872  -34.941  41.405 0.0000000000
57064  -35.272  -32.470  43.315 0.0000000000
43793  -26.526  -44.330  40.832 0.0000000000
51905  -32.304  -36.843  41.266 0.0000000000
67758  -41.824  -23.072  34.585 0.0000000000
74361  -44.162  -17.661  34.149 0.0000000000
77447  -46.253  -14.927  31.537 0.0000000000
32118  -11.661  -52.945  48.019 0.0000000000
27954  -9.755  -56.174  49.206 0.0000000000
60254  -33.032  -30.412  42.441 0.0000000000
62655  -35.671  -28.256  38.695 0.0000000000
63946  -39.487  -26.463  36.344 0.0000000000
34694  -14.100  -51.472  45.788 0.0000000000
40050  -21.768  -48.093  44.358 0.0000000000
41384  -24.069  -47.277  43.483 0.0000000000
51898  -38.470  -37.353  42.298 0.0000000000
44860  -20.720  -43.258  43.956 0.0000000000
42607  -20.047  -45.289  43.924 0.0000000000
40048  -19.540  -47.354  44.218 0.0000000000
54081  -36.411  -35.579  42.212 0.0000000000
54100  -35.187  -35.750  40.563 0.0000000000
71153  -40.810  -20.522  35.436 0.0000000000
71171  -42.858  -20.405  34.046 0.0000000000
74359  -42.210  -17.538  34.909 0.0000000000
78609  -43.860  -13.651  31.710 0.0000000000
79673  -46.073  -12.255  31.095 0.0000000000
78615  -49.437  -13.989  30.689 0.0000000000
80694  -49.288  -11.493  30.178 0.0000000000
81717  -51.235  -10.545  29.704 0.0000000000
57032  -32.140  -33.179  45.136 0.0000000000
57062  -32.976  -32.000  43.229 0.0000000000
59154  -31.660  -30.298  44.725 0.0000000000
63877  -33.585  -26.125  40.830 0.0000000000
65160  -35.490  -24.975  39.034 0.0000000000
62702  -38.213  -27.813  36.969 0.0000000000
66449  -37.348  -24.499  37.006 0.0000000000
66460  -38.982  -23.922  35.835 0.0000000000
44896  -29.228  -43.547  40.824 0.0000000000
37325  -13.215  -48.861  47.746 0.0000000000
38701  -14.293  -48.619  46.508 0.0000000000
24179  -9.358  -59.801  48.748 0.0000000000
22833  -8.108  -60.588  49.828 0.0000000000
77398  -42.526  -14.697  36.685 0.0000000000
60222  -36.846  -29.459  44.576 0.0000000000
48467  -34.221  -40.612  40.986 0.0000000000
41344  -15.987  -46.225  46.626 0.0000000000
40044  -16.081  -48.516  45.322 0.0000000000
38726  -18.217  -48.738  44.441 0.0000000000
85037  -56.436  -6.741  27.658 0.0000000000
55107  -38.710  -34.792  41.312 0.0000000000
57079  -38.225  -32.463  42.563 0.0000000000
56061  -36.646  -33.372  42.576 0.0000000000
44876  -22.356  -43.194  42.490 0.0000000000
43774  -23.933  -44.541  41.555 0.0000000000
46066  -24.561  -42.199  40.869 0.0000000000
47269  -27.328  -41.426  40.473 0.0000000000
48480  -29.538  -39.958  40.085 0.0000000000
50808  -30.019  -38.003  41.169 0.0000000000
49676  -32.256  -39.201  40.318 0.0000000000
50831  -34.907  -37.850  40.569 0.0000000000
53034  -37.010  -36.856  40.548 0.0000000000
66461  -44.012  -25.168  35.910 0.0000000000
77423  -42.666  -14.670  34.161 0.0000000000
76383  -44.598  -16.163  32.976 0.0000000000
81719  -53.183  -10.270  29.089 0.0000000000
30734  -10.436  -54.393  48.986 0.0000000000
26653  -10.513  -57.721  48.036 0.0000000000
59171  -37.112  -31.191  43.575 0.0000000000
59155  -35.575  -30.145  43.660 0.0000000000
61375  -36.030  -29.573  42.570 0.0000000000
62610  -32.261  -27.778  42.336 0.0000000000
60287  -33.920  -29.380  40.642 0.0000000000
61407  -37.529  -29.349  41.216 0.0000000000
61461  -39.536  -29.327  39.548 0.0000000000
62678  -41.085  -28.085  37.915 0.0000000000
63936  -43.025  -26.496  37.296 0.0000000000
65215  -40.562  -25.109  35.473 0.0000000000
68906  -40.188  -22.384  35.323 0.0000000000
41403  -26.348  -47.138  42.715 0.0000000000
36002  -11.900  -50.142  49.698 0.0000000000
34683  -12.544  -51.328  47.280 0.0000000000
36065  -15.670  -50.525  45.212 0.0000000000
21492  -6.745  -60.864  50.741 0.0000000000
41382  -22.132  -46.576  43.379 0.0000000000
40076  -23.435  -47.714  44.032 0.0000000000
41399  -22.869  -46.317  42.984 0.0000000000
53012  -39.200  -36.422  42.482 0.0000000000
43740  -21.075  -44.377  43.503 0.0000000000
43739  -20.432  -44.433  43.843 0.0000000000
42608  -21.013  -45.395  43.444 0.0000000000
40073  -20.945  -46.972  43.751 0.0000000000
73353  -40.867  -18.953  35.882 0.0000000000
72265  -41.668  -19.206  34.941 0.0000000000
74328  -41.499  -17.408  36.151 0.0000000000
81694  -46.531  -10.548  32.336 0.0000000000
80676  -45.438  -11.569  32.183 0.0000000000
80678  -46.826  -11.364  31.096 0.0000000000
80692  -47.560  -11.421  30.600 0.0000000000
81707  -48.112  -10.508  30.744 0.0000000000
82821  -48.707  -9.924  30.737 0.0000000000
57046  -31.553  -31.736  44.906 0.0000000000
66366  -34.568  -24.442  40.633 0.0000000000
66432  -36.246  -24.586  37.809 0.0000000000
66411  -36.563  -23.497  38.751 0.0000000000
66434  -37.406  -23.357  37.848 0.0000000000
46072  -30.887  -42.888  40.969 0.0000000000
44879  -30.411  -43.930  41.393 0.0000000000
46056  -31.666  -43.310  41.515 0.0000000000
38674  -14.072  -47.464  48.525 0.0000000000
39997  -14.666  -46.874  47.947 0.0000000000
82844  -54.730  -9.008  28.323 0.0000000000
24178  -8.923  -60.372  48.897 0.0000000000
57035  -39.937  -32.488  45.804 0.0000000000
59146  -37.522  -30.410  44.919 0.0000000000
49647  -35.132  -39.987  41.684 0.0000000000
49635  -36.484  -39.998  42.762 0.0000000000
43716  -18.309  -43.696  45.635 0.0000000000
42566  -17.051  -44.649  46.215 0.0000000000
42565  -16.507  -44.541  46.907 0.0000000000
41346  -17.341  -45.355  45.846 0.0000000000
40034  -16.882  -46.697  45.679 0.0000000000
41365  -17.739  -46.066  45.190 0.0000000000
38728  -21.074  -48.813  44.777 0.0000000000
38703  -20.221  -49.577  45.234 0.0000000000
55106  -37.979  -34.667  41.153 0.0000000000
56070  -37.852  -34.211  41.459 0.0000000000
55101  -37.479  -34.508  41.428 0.0000000000
48448  -22.630  -41.139  42.527 0.0000000000
46054  -23.135  -42.348  41.810 0.0000000000
48460  -23.660  -40.717  41.836 0.0000000000
47284  -26.678  -40.247  40.911 0.0000000000
48478  -27.554  -39.797  40.655 0.0000000000
47287  -28.929  -40.835  40.174 0.0000000000
49673  -29.119  -39.122  40.328 0.0000000000
51893  -31.634  -36.846  42.237 0.0000000000
50809  -31.079  -37.479  41.203 0.0000000000
49675  -31.185  -39.134  40.065 0.0000000000
50828  -31.737  -38.230  40.674 0.0000000000
50811  -33.660  -38.556  40.644 0.0000000000
51919  -33.367  -36.848  40.581 0.0000000000
54091  -36.152  -35.345  41.022 0.0000000000
53033  -36.244  -36.542  40.438 0.0000000000
54102  -36.849  -36.102  40.554 0.0000000000
53021  -37.567  -36.255  40.836 0.0000000000
66474  -42.795  -24.454  35.041 0.0000000000
66475  -43.871  -24.473  35.286 0.0000000000
67760  -43.782  -23.261  34.482 0.0000000000
73372  -43.803  -18.521  34.223 0.0000000000
71173  -44.966  -20.484  34.050 0.0000000000
78576  -43.055  -13.235  35.743 0.0000000000
77413  -42.388  -14.577  35.340 0.0000000000
78585  -42.692  -13.338  34.671 0.0000000000
77459  -44.668  -13.995  31.288 0.0000000000
76395  -43.894  -15.349  32.586 0.0000000000
76397  -45.928  -15.504  32.200 0.0000000000
76371  -46.615  -16.549  33.401 0.0000000000
81718  -52.138  -10.369  29.381 0.0000000000
83919  -51.826  -8.777  29.682 0.0000000000
82833  -53.111  -9.100  28.972 0.0000000000
33362  -11.386  -52.004  49.339 0.0000000000
32085  -10.935  -52.579  49.903 0.0000000000
32117  -11.132  -53.652  48.195 0.0000000000
26662  -11.141  -57.128  47.900 0.0000000000
24181  -10.810  -59.587  48.788 0.0000000000
57077  -36.421  -32.494  42.733 0.0000000000
58104  -37.385  -32.037  42.734 0.0000000000
57065  -35.988  -32.144  43.124 0.0000000000
58102  -32.972  -31.282  42.991 0.0000000000
59167  -34.195  -30.978  43.225 0.0000000000
59183  -34.308  -30.796  43.076 0.0000000000
60243  -35.353  -30.342  43.251 0.0000000000
60255  -34.381  -30.371  42.569 0.0000000000
63854  -32.615  -26.731  42.993 0.0000000000
62653  -34.132  -27.457  39.408 0.0000000000
62642  -33.694  -27.579  39.973 0.0000000000
61456  -34.594  -28.352  39.412 0.0000000000
61405  -35.460  -29.481  40.727 0.0000000000
61458  -36.824  -29.274  39.456 0.0000000000
61434  -38.959  -29.443  40.462 0.0000000000
61482  -37.839  -28.943  38.604 0.0000000000
62717  -38.738  -27.359  36.631 0.0000000000
62703  -39.360  -27.929  37.084 0.0000000000
63933  -40.744  -27.236  36.833 0.0000000000
62706  -41.838  -27.225  37.563 0.0000000000
63948  -41.409  -26.439  36.467 0.0000000000
65206  -41.466  -25.763  35.968 0.0000000000
65205  -40.536  -25.818  35.989 0.0000000000
67715  -38.992  -22.567  37.165 0.0000000000
67726  -39.240  -23.100  36.102 0.0000000000
68878  -39.415  -22.142  36.988 0.0000000000
43792  -25.474  -44.139  41.009 0.0000000000
42645  -25.125  -45.697  41.981 0.0000000000
43777  -26.981  -45.250  41.261 0.0000000000
36041  -12.989  -49.971  47.140 0.0000000000
34684  -13.166  -50.935  46.355 0.0000000000
37392  -17.246  -49.623  44.882 0.0000000000
37391  -16.137  -49.756  44.935 0.0000000000
36066  -16.825  -50.718  45.325 0.0000000000
38729  -22.116  -48.918  45.101 0.0000000000
38730  -23.143  -48.974  45.180 0.0000000000
40053  -24.730  -48.443  44.538 0.0000000000
40054  -25.729  -48.552  44.429 0.0000000000
50802  -37.616  -38.147  42.064 0.0000000000
49636  -37.448  -39.392  43.093 0.0000000000
44816  -19.722  -42.691  44.907 0.0000000000
43717  -19.134  -44.132  45.011 0.0000000000
42606  -19.275  -45.171  44.371 0.0000000000
41366  -18.930  -46.243  44.328 0.0000000000
41367  -19.852  -46.725  44.057 0.0000000000
40049  -20.627  -47.557  44.162 0.0000000000
55100  -37.060  -34.417  42.054 0.0000000000
53017  -32.720  -36.516  41.712 0.0000000000
53030  -33.737  -35.873  40.393 0.0000000000
54090  -35.116  -35.705  41.318 0.0000000000
68908  -41.349  -21.800  34.549 0.0000000000
70013  -42.403  -21.354  34.119 0.0000000000
71170  -41.959  -20.463  34.296 0.0000000000
73371  -42.755  -18.476  34.460 0.0000000000
74360  -43.089  -17.537  34.387 0.0000000000
79661  -43.441  -12.594  33.297 0.0000000000
79662  -44.211  -12.196  32.704 0.0000000000
78611  -45.362  -13.188  31.183 0.0000000000
78612  -46.361  -13.279  30.891 0.0000000000
77462  -47.790  -14.492  30.874 0.0000000000
78613  -47.461  -13.410  30.517 0.0000000000
79691  -48.760  -12.327  30.208 0.0000000000
80695  -50.223  -11.623  30.115 0.0000000000
81709  -49.843  -10.593  30.076 0.0000000000
82823  -50.183  -9.634  30.169 0.0000000000
32137  -12.111  -53.612  47.400 0.0000000000
30762  -11.681  -54.760  47.465 0.0000000000
29379  -12.894  -55.796  47.616 0.0000000000
57049  -33.909  -32.783  43.983 0.0000000000
58075  -34.097  -32.272  43.389 0.0000000000
57048  -32.816  -32.654  44.020 0.0000000000
58085  -32.207  -31.025  43.895 0.0000000000
59180  -32.133  -30.486  43.472 0.0000000000
65104  -33.012  -26.255  42.247 0.0000000000
65135  -33.888  -25.403  40.966 0.0000000000
65145  -34.486  -25.534  39.831 0.0000000000
63912  -35.384  -26.609  38.393 0.0000000000
62674  -37.000  -28.286  37.993 0.0000000000
63930  -36.402  -26.616  37.413 0.0000000000
65194  -37.144  -25.549  36.758 0.0000000000
65202  -37.824  -25.507  36.389 0.0000000000
65213  -39.069  -25.113  35.795 0.0000000000
66458  -37.997  -24.737  36.445 0.0000000000
44895  -28.228  -43.470  40.641 0.0000000000
43778  -28.134  -45.084  41.342 0.0000000000
43796  -29.248  -44.127  41.122 0.0000000000
37349  -13.731  -48.472  47.441 0.0000000000
37369  -14.482  -49.303  45.811 0.0000000000
26642  -9.287  -57.675  49.004 0.0000000000
26633  -9.562  -56.760  50.764 0.0000000000
25407  -8.987  -58.283  49.706 0.0000000000
24155  -8.802  -58.938  50.429 0.0000000000
22824  -8.073  -60.150  50.665 0.0000000000
61340  -37.193  -29.075  44.808 0.0000000000
47275  -33.473  -41.497  40.690 0.0000000000
46074  -33.071  -42.324  40.894 0.0000000000
42545  -15.832  -44.807  48.173 0.0000000000
40020  -15.552  -46.563  47.148 0.0000000000
40019  -15.255  -47.509  46.667 0.0000000000
40033  -16.191  -47.007  45.936 0.0000000000
38725  -17.265  -48.722  44.733 0.0000000000
38751  -18.006  -49.252  44.562 0.0000000000
40047  -18.524  -47.419  44.428 0.0000000000
37394  -18.975  -49.459  44.732 0.0000000000
36057  -19.448  -50.294  45.918 0.0000000000
85035  -54.844  -7.135  28.266 0.0000000000
54083  -39.498  -35.412  42.323 0.0000000000
56064  -39.193  -34.006  42.443 0.0000000000
56072  -38.953  -34.359  41.784 0.0000000000
56062  -37.642  -33.621  41.904 0.0000000000
56060  -36.082  -32.883  42.707 0.0000000000
56050  -36.399  -33.562  43.474 0.0000000000
56037  -35.527  -33.320  43.813 0.0000000000
57050  -34.687  -33.217  43.869 0.0000000000
57033  -33.329  -33.594  44.805 0.0000000000
43757  -22.178  -44.072  42.616 0.0000000000
42643  -23.224  -44.935  42.127 0.0000000000
43773  -23.137  -44.025  41.702 0.0000000000
44891  -24.112  -43.125  40.898 0.0000000000
44892  -25.042  -43.167  40.745 0.0000000000
47267  -25.021  -41.196  41.082 0.0000000000
46067  -25.574  -42.158  40.605 0.0000000000
46068  -26.693  -42.277  40.511 0.0000000000
46069  -27.759  -42.464  40.586 0.0000000000
47271  -29.381  -41.749  40.467 0.0000000000
47289  -30.851  -40.929  40.215 0.0000000000
50807  -29.202  -38.166  41.141 0.0000000000
49674  -30.076  -39.036  39.816 0.0000000000
48481  -30.575  -40.018  39.918 0.0000000000
48465  -32.211  -41.031  40.305 0.0000000000
49658  -32.837  -39.606  40.416 0.0000000000
49660  -34.719  -39.578  41.126 0.0000000000
50813  -35.312  -38.611  40.986 0.0000000000
51920  -34.549  -36.922  40.369 0.0000000000
51921  -35.557  -37.112  40.432 0.0000000000
51907  -36.867  -37.556  40.976 0.0000000000
51908  -37.464  -37.402  41.224 0.0000000000
53023  -38.887  -36.263  41.879 0.0000000000
46032  -21.400  -42.397  43.375 0.0000000000
68926  -44.010  -22.197  34.305 0.0000000000
76357  -42.224  -15.661  35.737 0.0000000000
76367  -42.649  -15.619  34.743 0.0000000000
75342  -43.346  -16.633  34.239 0.0000000000
77434  -43.090  -14.559  33.064 0.0000000000
76382  -43.492  -15.806  33.203 0.0000000000
75343  -44.434  -16.948  33.886 0.0000000000
75345  -46.473  -17.092  33.806 0.0000000000
81731  -53.779  -9.714  28.767 0.0000000000
82843  -53.925  -8.926  28.632 0.0000000000
83921  -53.326  -8.063  28.717 0.0000000000
32084  -10.640  -53.311  50.532 0.0000000000
29350  -10.054  -55.204  49.571 0.0000000000
30746  -10.913  -54.662  47.926 0.0000000000
29376  -10.404  -56.153  47.886 0.0000000000
27966  -9.915  -56.773  48.234 0.0000000000
25416  -9.983  -58.797  48.356 0.0000000000
57080  -39.028  -33.096  42.625 0.0000000000
58092  -38.345  -31.751  43.298 0.0000000000
58076  -37.738  -31.265  43.869 0.0000000000
58088  -34.644  -31.605  43.222 0.0000000000
59169  -35.686  -30.635  43.470 0.0000000000
59157  -36.662  -30.054  44.175 0.0000000000
60234  -36.425  -29.594  44.013 0.0000000000
61339  -36.603  -29.441  44.263 0.0000000000
62594  -37.277  -29.420  43.206 0.0000000000
61373  -31.903  -29.294  43.564 0.0000000000
60268  -32.510  -29.520  42.180 0.0000000000
63875  -32.945  -27.149  41.319 0.0000000000
61427  -32.563  -28.825  40.918 0.0000000000
60286  -33.141  -29.523  40.955 0.0000000000
60271  -34.828  -29.633  41.118 0.0000000000
62627  -36.829  -29.315  42.079 0.0000000000
62675  -38.036  -28.470  37.795 0.0000000000
61485  -40.926  -28.604  38.681 0.0000000000
63950  -43.043  -26.111  36.644 0.0000000000
65217  -42.550  -25.046  35.526 0.0000000000
66473  -41.696  -24.272  34.914 0.0000000000
66471  -39.675  -24.224  35.459 0.0000000000
66472  -40.638  -24.252  35.117 0.0000000000
67739  -40.794  -23.318  34.779 0.0000000000
69998  -40.378  -21.438  35.517 0.0000000000
71139  -40.288  -20.471  36.151 0.0000000000
42623  -24.385  -46.189  42.449 0.0000000000
41402  -25.383  -47.081  42.907 0.0000000000
41416  -27.951  -46.531  42.139 0.0000000000
34672  -11.702  -51.456  48.831 0.0000000000
36025  -12.634  -49.502  48.349 0.0000000000
34673  -11.815  -50.846  48.252 0.0000000000
33380  -12.098  -52.394  47.603 0.0000000000
32138  -13.404  -53.576  46.915 0.0000000000
38702  -14.933  -48.458  46.078 0.0000000000
37390  -15.215  -49.676  45.396 0.0000000000
34704  -15.173  -51.158  45.413 0.0000000000
20164  -7.509  -62.437  49.250 0.0000000000
21513  -7.340  -61.970  49.737 0.0000000000
22823  -7.442  -60.329  50.870 0.0000000000
55095  -40.018  -34.758  43.624 0.0000000000
42609  -21.613  -45.957  43.278 0.0000000000
53000  -39.694  -36.315  43.296 0.0000000000
42620  -21.429  -44.856  43.155 0.0000000000
74327  -41.388  -17.715  36.752 0.0000000000
74344  -41.048  -18.075  35.981 0.0000000000
81683  -47.283  -10.118  32.784 0.0000000000
81695  -47.038  -10.352  31.727 0.0000000000
81706  -47.411  -10.715  31.037 0.0000000000
81696  -47.733  -10.178  31.350 0.0000000000
82813  -48.303  -9.532  31.344 0.0000000000
67681  -36.289  -23.904  38.313 0.0000000000
46073  -32.078  -42.575  40.856 0.0000000000
83927  -54.275  -7.979  28.293 0.0000000000
83928  -55.264  -8.196  27.984 0.0000000000
58052  -38.236  -30.795  45.440 0.0000000000
49661  -35.665  -39.346  41.425 0.0000000000
49648  -35.939  -40.019  42.023 0.0000000000
43698  -17.493  -43.745  46.204 0.0000000000
54092  -37.172  -35.297  40.887 0.0000000000
48449  -23.042  -40.751  42.374 0.0000000000
49656  -27.124  -38.709  41.307 0.0000000000
48464  -27.001  -39.398  40.889 0.0000000000
49671  -27.363  -39.145  40.761 0.0000000000
48479  -28.497  -39.888  40.305 0.0000000000
49672  -28.065  -38.953  40.705 0.0000000000
51904  -31.467  -37.083  41.662 0.0000000000
50810  -31.860  -37.528  41.027 0.0000000000
51918  -32.432  -37.549  40.923 0.0000000000
50829  -32.937  -38.319  40.680 0.0000000000
54101  -36.149  -35.794  40.567 0.0000000000
66490  -42.251  -23.777  34.633 0.0000000000
66491  -43.163  -23.892  34.682 0.0000000000
67759  -42.617  -23.123  34.454 0.0000000000
72285  -44.471  -19.510  34.042 0.0000000000
74362  -45.256  -17.778  34.085 0.0000000000
79630  -43.408  -12.838  35.690 0.0000000000
78575  -42.483  -13.770  35.280 0.0000000000
77446  -45.112  -14.808  31.611 0.0000000000
33370  -11.596  -52.205  48.370 0.0000000000
32101  -11.312  -52.823  48.865 0.0000000000
57076  -35.894  -32.629  42.982 0.0000000000
59182  -33.623  -30.994  42.898 0.0000000000
62654  -34.970  -27.666  38.794 0.0000000000
61457  -35.560  -28.882  39.119 0.0000000000
61480  -36.194  -28.704  38.707 0.0000000000
61459  -37.616  -29.306  39.332 0.0000000000
61481  -36.926  -28.760  38.707 0.0000000000
62718  -39.449  -27.264  36.575 0.0000000000
62719  -40.126  -27.118  36.566 0.0000000000
63947  -40.483  -26.573  36.435 0.0000000000
65204  -39.639  -25.792  36.030 0.0000000000
43776  -25.840  -45.154  41.321 0.0000000000
36053  -13.521  -50.023  45.836 0.0000000000
36067  -17.863  -50.348  45.390 0.0000000000
29340  -9.980  -55.167  50.512 0.0000000000
27943  -9.702  -56.147  50.410 0.0000000000
57051  -39.670  -32.411  44.669 0.0000000000
40051  -22.790  -48.288  44.521 0.0000000000
40077  -24.369  -47.858  43.972 0.0000000000
40078  -25.270  -47.949  43.845 0.0000000000
50803  -38.161  -38.115  42.529 0.0000000000
50790  -37.833  -38.518  42.716 0.0000000000
46009  -20.209  -42.273  44.683 0.0000000000
43738  -19.759  -44.329  44.354 0.0000000000
41379  -19.690  -45.972  44.070 0.0000000000
40074  -21.535  -47.262  43.787 0.0000000000
53018  -33.344  -35.997  41.261 0.0000000000
54080  -35.773  -36.165  41.858 0.0000000000
69999  -41.077  -21.319  34.899 0.0000000000
70012  -41.623  -21.291  34.434 0.0000000000
71154  -41.362  -20.513  34.818 0.0000000000
73370  -41.936  -18.488  34.906 0.0000000000
80667  -44.694  -11.555  33.395 0.0000000000
80668  -45.143  -11.366  32.872 0.0000000000
79672  -45.221  -12.274  31.631 0.0000000000
79674  -46.982  -12.339  30.659 0.0000000000
80693  -48.392  -11.432  30.321 0.0000000000
82814  -48.864  -9.340  30.906 0.0000000000
82822  -49.347  -9.685  30.466 0.0000000000
58073  -31.625  -31.054  44.470 0.0000000000
57060  -31.657  -31.668  44.163 0.0000000000
58100  -32.195  -30.920  43.420 0.0000000000
59166  -31.903  -30.382  44.044 0.0000000000
65146  -35.088  -24.997  39.646 0.0000000000
66388  -34.825  -24.810  40.064 0.0000000000
65159  -35.045  -25.768  39.004 0.0000000000
65158  -34.671  -26.103  39.181 0.0000000000
65175  -35.539  -25.883  38.505 0.0000000000
63913  -35.869  -26.644  38.012 0.0000000000
66448  -36.754  -24.823  37.308 0.0000000000
65193  -36.525  -25.618  37.278 0.0000000000
67702  -38.056  -23.052  37.515 0.0000000000
43795  -28.661  -44.248  41.010 0.0000000000
44880  -31.253  -44.107  41.761 0.0000000000
43780  -30.516  -44.893  41.838 0.0000000000
38688  -14.337  -48.133  47.230 0.0000000000
38687  -14.107  -48.513  46.812 0.0000000000
37348  -13.685  -48.858  46.695 0.0000000000
25415  -9.327  -58.620  48.801 0.0000000000
22842  -8.586  -60.816  49.100 0.0000000000
24164  -8.696  -60.114  49.275 0.0000000000
24154  -8.517  -59.783  50.119 0.0000000000
59135  -37.653  -29.803  45.198 0.0000000000
60207  -37.537  -29.547  45.066 0.0000000000
61321  -37.790  -29.297  45.114 0.0000000000
47258  -34.104  -41.647  41.146 0.0000000000
48453  -34.533  -41.170  41.423 0.0000000000
41322  -16.217  -45.072  47.074 0.0000000000
42546  -16.266  -44.426  47.965 0.0000000000
41321  -15.782  -45.471  47.437 0.0000000000
40046  -17.289  -47.392  45.021 0.0000000000
38750  -17.741  -49.069  44.563 0.0000000000
37373  -20.345  -49.672  45.971 0.0000000000
37372  -19.754  -49.802  45.370 0.0000000000
55108  -39.175  -34.838  41.569 0.0000000000
55102  -39.450  -34.780  41.995 0.0000000000
55092  -37.062  -34.501  43.234 0.0000000000
56051  -36.986  -33.964  44.110 0.0000000000
56022  -35.226  -33.674  45.047 0.0000000000
56021  -34.149  -34.038  45.180 0.0000000000
57034  -34.287  -33.500  44.533 0.0000000000
43772  -22.570  -43.809  42.129 0.0000000000
44877  -22.782  -43.165  41.869 0.0000000000
46065  -23.778  -42.276  41.313 0.0000000000
44890  -23.411  -43.142  41.386 0.0000000000
47268  -26.231  -40.912  40.724 0.0000000000
47288  -29.951  -40.900  40.146 0.0000000000
47272  -30.404  -41.802  40.510 0.0000000000
50799  -29.982  -37.273  42.138 0.0000000000
50798  -29.404  -37.843  41.865 0.0000000000
50826  -29.629  -38.458  40.455 0.0000000000
50827  -30.604  -38.374  40.467 0.0000000000
48482  -31.796  -40.306  39.988 0.0000000000
48483  -32.526  -39.885  40.144 0.0000000000
48466  -32.916  -40.500  40.443 0.0000000000
50812  -34.333  -38.652  40.751 0.0000000000
53045  -33.908  -35.778  39.901 0.0000000000
53031  -34.257  -35.952  40.104 0.0000000000
51922  -36.465  -37.380  40.647 0.0000000000
51923  -36.997  -37.312  40.761 0.0000000000
54093  -38.207  -35.467  41.095 0.0000000000
53022  -38.367  -36.514  41.519 0.0000000000
54094  -39.064  -35.552  41.659 0.0000000000
46033  -21.974  -42.355  42.781 0.0000000000
44862  -21.855  -43.295  43.071 0.0000000000
65209  -44.369  -25.321  36.564 0.0000000000
67741  -44.247  -23.934  34.896 0.0000000000
66476  -44.909  -24.324  35.336 0.0000000000
68925  -42.980  -22.284  34.232 0.0000000000
70014  -43.417  -21.340  34.088 0.0000000000
76342  -42.292  -16.013  36.856 0.0000000000
76368  -43.126  -15.713  33.954 0.0000000000
78600  -43.457  -13.402  32.468 0.0000000000
78593  -42.767  -13.429  33.566 0.0000000000
75360  -44.170  -16.437  33.442 0.0000000000
76369  -44.869  -16.648  33.556 0.0000000000
75344  -45.508  -17.108  33.834 0.0000000000
76370  -45.640  -16.582  33.465 0.0000000000
75346  -47.416  -16.924  33.952 0.0000000000
77463  -48.795  -14.603  31.059 0.0000000000
80707  -51.973  -11.171  29.703 0.0000000000
83920  -52.339  -8.187  29.518 0.0000000000
32100  -10.744  -53.428  49.398 0.0000000000
29351  -10.241  -54.579  49.778 0.0000000000
30733  -10.272  -55.018  48.826 0.0000000000
29378  -11.979  -55.663  47.429 0.0000000000
27976  -10.728  -56.643  47.846 0.0000000000
26652  -9.709  -57.828  48.352 0.0000000000
24166  -10.712  -59.888  49.000 0.0000000000
58091  -37.521  -31.592  43.208 0.0000000000
58105  -37.892  -31.876  42.856 0.0000000000
58074  -33.666  -32.179  43.320 0.0000000000
59168  -34.935  -30.646  43.276 0.0000000000
59158  -37.247  -30.703  44.129 0.0000000000
59156  -35.881  -30.046  43.648 0.0000000000
60244  -35.576  -29.946  42.945 0.0000000000
60233  -35.970  -29.830  43.745 0.0000000000
61358  -36.420  -29.650  43.429 0.0000000000
61376  -36.807  -29.514  43.005 0.0000000000
62593  -32.032  -27.929  43.551 0.0000000000
61374  -31.863  -28.774  43.645 0.0000000000
61388  -31.946  -28.897  42.838 0.0000000000
61387  -32.022  -29.452  43.223 0.0000000000
65134  -33.515  -26.017  41.168 0.0000000000
63866  -33.153  -26.430  41.641 0.0000000000
63876  -33.217  -26.664  41.046 0.0000000000
61429  -33.939  -28.648  39.975 0.0000000000
62640  -32.862  -28.300  40.766 0.0000000000
61428  -33.181  -28.806  40.499 0.0000000000
60270  -34.077  -29.833  41.477 0.0000000000
61432  -37.182  -29.460  40.285 0.0000000000
61406  -36.577  -29.447  41.328 0.0000000000
62628  -37.207  -29.269  42.023 0.0000000000
62629  -37.855  -29.265  42.049 0.0000000000
61460  -38.497  -29.408  39.420 0.0000000000
62701  -37.138  -27.659  37.303 0.0000000000
62677  -40.149  -28.278  37.878 0.0000000000
63935  -42.199  -26.782  37.295 0.0000000000
63914  -42.369  -27.205  37.937 0.0000000000
63915  -43.055  -26.924  38.087 0.0000000000
65195  -43.704  -26.138  37.296 0.0000000000
65207  -42.417  -25.661  36.061 0.0000000000
65216  -41.543  -25.064  35.446 0.0000000000
66459  -38.496  -24.290  36.130 0.0000000000
66470  -39.155  -24.563  35.719 0.0000000000
67738  -39.882  -23.247  35.319 0.0000000000
68907  -40.987  -22.287  34.716 0.0000000000
42622  -23.387  -45.832  42.492 0.0000000000
42644  -24.130  -45.406  41.935 0.0000000000
42625  -25.795  -46.732  42.520 0.0000000000
42624  -25.257  -46.452  42.492 0.0000000000
41386  -25.617  -47.498  43.327 0.0000000000
40092  -26.953  -47.489  42.981 0.0000000000
42648  -28.608  -45.861  41.768 0.0000000000
42647  -27.490  -45.929  41.782 0.0000000000
41417  -28.544  -46.463  42.124 0.0000000000
44882  -33.221  -43.672  42.062 0.0000000000
34663  -11.758  -50.738  49.297 0.0000000000
37301  -13.142  -48.612  48.997 0.0000000000
36003  -12.466  -49.453  49.648 0.0000000000
36040  -12.371  -50.328  47.932 0.0000000000
34682  -11.725  -51.610  47.916 0.0000000000
33381  -12.844  -52.583  46.921 0.0000000000
40032  -15.700  -48.037  45.663 0.0000000000
37389  -14.784  -49.762  45.527 0.0000000000
85036  -55.958  -7.231  27.746 0.0000000000
18843  -6.718  -62.741  49.711 0.0000000000
20153  -7.018  -62.382  49.868 0.0000000000
21501  -7.086  -61.359  50.277 0.0000000000
21493  -7.032  -60.739  50.904 0.0000000000
40075  -22.470  -47.511  43.926 0.0000000000
41383  -23.126  -46.972  43.538 0.0000000000
41400  -23.754  -46.610  42.986 0.0000000000
51899  -39.090  -37.215  42.739 0.0000000000
44837  -20.214  -43.346  44.280 0.0000000000
44838  -20.734  -43.793  43.862 0.0000000000
41380  -20.475  -46.357  43.845 0.0000000000
41381  -21.266  -46.447  43.560 0.0000000000
53010  -35.888  -36.254  42.337 0.0000000000
72264  -41.171  -19.627  35.291 0.0000000000
73354  -41.369  -18.664  35.436 0.0000000000
74345  -41.567  -17.752  35.486 0.0000000000
80669  -45.958  -10.999  32.588 0.0000000000
80677  -46.126  -11.329  31.767 0.0000000000
81708  -48.923  -10.587  30.351 0.0000000000
57047  -31.818  -32.357  44.505 0.0000000000
57031  -31.556  -32.149  45.688 0.0000000000
58062  -31.428  -31.240  45.317 0.0000000000
59144  -31.530  -30.436  45.528 0.0000000000
65176  -35.915  -25.504  38.049 0.0000000000
66410  -35.982  -24.300  38.559 0.0000000000
67680  -36.101  -24.094  38.126 0.0000000000
66433  -36.565  -23.961  37.778 0.0000000000
46071  -29.811  -42.703  40.667 0.0000000000
44897  -30.036  -43.460  40.927 0.0000000000
46055  -31.057  -43.526  41.473 0.0000000000
44881  -32.170  -43.916  42.007 0.0000000000
82845  -55.689  -9.267  28.266 0.0000000000
22857  -9.787  -60.546  48.634 0.0000000000
21526  -9.586  -61.401  48.714 0.0000000000
21525  -8.799  -61.493  48.763 0.0000000000
20165  -8.467  -62.437  48.846 0.0000000000
59145  -37.324  -29.836  44.986 0.0000000000
48468  -34.839  -40.245  41.450 0.0000000000
48454  -34.919  -40.729  41.892 0.0000000000
48455  -35.729  -40.881  42.302 0.0000000000
48438  -36.288  -40.850  42.633 0.0000000000
43697  -16.917  -43.731  46.813 0.0000000000
41345  -16.632  -45.768  46.168 0.0000000000
41364  -17.179  -46.514  45.544 0.0000000000
38727  -19.753  -48.741  44.514 0.0000000000
38704  -20.633  -49.447  45.392 0.0000000000
46053  -22.547  -42.372  42.277 0.0000000000
47257  -22.837  -41.597  42.223 0.0000000000
47265  -23.419  -41.489  41.802 0.0000000000
47266  -24.109  -41.357  41.378 0.0000000000
48462  -25.377  -40.174  41.554 0.0000000000
48463  -26.452  -39.717  41.397 0.0000000000
48477  -26.983  -39.960  40.987 0.0000000000
47285  -27.101  -40.504  40.648 0.0000000000
47286  -27.931  -40.690  40.381 0.0000000000
49677  -32.887  -39.114  40.500 0.0000000000
50830  -33.932  -37.841  40.574 0.0000000000
53032  -35.319  -36.243  40.317 0.0000000000
65218  -43.341  -24.970  35.605 0.0000000000
66492  -43.755  -23.930  34.779 0.0000000000
72284  -43.343  -19.446  34.154 0.0000000000
71172  -43.920  -20.416  33.907 0.0000000000
78566  -42.511  -13.908  35.978 0.0000000000
78584  -42.381  -14.010  34.697 0.0000000000
77458  -44.107  -13.889  31.431 0.0000000000
77445  -43.864  -14.486  31.749 0.0000000000
76396  -44.813  -15.449  32.284 0.0000000000
76384  -45.723  -16.137  32.815 0.0000000000
76385  -46.798  -16.065  32.779 0.0000000000
82830  -50.797  -9.788  29.794 0.0000000000
82831  -51.449  -9.436  29.663 0.0000000000
82832  -52.318  -9.359  29.318 0.0000000000
25417  -10.943  -58.916  48.401 0.0000000000
57078  -37.153  -32.635  42.411 0.0000000000
58103  -36.890  -32.197  42.697 0.0000000000
58090  -36.680  -31.738  43.131 0.0000000000
58087  -33.743  -31.382  43.089 0.0000000000
60232  -35.365  -30.233  43.566 0.0000000000
60256  -35.124  -29.861  42.036 0.0000000000
63887  -33.797  -26.522  40.173 0.0000000000
63886  -33.460  -27.107  40.430 0.0000000000
61455  -34.023  -28.039  39.598 0.0000000000
61430  -34.970  -29.243  39.826 0.0000000000
60288  -34.603  -29.334  40.408 0.0000000000
61431  -36.094  -29.457  40.084 0.0000000000
60289  -37.388  -29.460  40.142 0.0000000000
61433  -37.935  -29.539  40.222 0.0000000000
60300  -37.517  -29.439  39.733 0.0000000000
63932  -38.093  -26.930  36.651 0.0000000000
62704  -40.334  -27.693  37.133 0.0000000000
62679  -41.968  -27.777  38.054 0.0000000000
62705  -41.240  -27.503  37.415 0.0000000000
63934  -41.346  -26.984  36.981 0.0000000000
63949  -42.294  -26.292  36.554 0.0000000000
67725  -38.789  -23.440  36.391 0.0000000000
68890  -39.514  -22.151  36.052 0.0000000000
69997  -39.820  -21.785  35.852 0.0000000000
43775  -24.830  -44.878  41.414 0.0000000000
42646  -26.219  -46.188  41.963 0.0000000000
34693  -13.225  -51.822  46.436 0.0000000000
33393  -13.710  -52.634  46.441 0.0000000000
38724  -16.488  -48.953  45.063 0.0000000000
58078  -39.063  -31.774  44.408 0.0000000000
38706  -22.491  -49.648  45.969 0.0000000000
38707  -23.555  -49.551  45.803 0.0000000000
38731  -24.148  -49.068  45.092 0.0000000000
40052  -23.768  -48.374  44.573 0.0000000000
50801  -37.035  -38.392  41.798 0.0000000000
49649  -36.802  -39.003  42.227 0.0000000000
44815  -19.075  -42.809  45.446 0.0000000000
44836  -19.577  -43.468  44.796 0.0000000000
44814  -18.448  -42.794  45.861 0.0000000000
42589  -18.476  -45.020  44.959 0.0000000000
51906  -33.181  -36.333  40.829 0.0000000000
54098  -33.803  -35.720  40.716 0.0000000000
54099  -34.264  -35.729  40.531 0.0000000000
68923  -41.477  -22.667  34.566 0.0000000000
68924  -41.846  -22.262  34.305 0.0000000000
72282  -41.623  -19.833  34.666 0.0000000000
72283  -42.292  -19.463  34.464 0.0000000000
79652  -43.270  -12.577  34.249 0.0000000000
79653  -44.199  -11.796  33.889 0.0000000000
78601  -44.165  -13.083  32.127 0.0000000000
79663  -44.867  -11.942  32.224 0.0000000000
79671  -44.568  -12.556  32.017 0.0000000000
78610  -44.533  -13.267  31.587 0.0000000000
77460  -45.717  -14.091  31.248 0.0000000000
77461  -46.774  -14.249  31.029 0.0000000000
77448  -47.265  -14.983  31.524 0.0000000000
78614  -48.463  -13.826  30.534 0.0000000000
79690  -47.868  -12.327  30.290 0.0000000000
78627  -48.306  -13.044  30.241 0.0000000000
78628  -49.106  -13.199  30.245 0.0000000000
81710  -50.609  -10.948  29.955 0.0000000000
81716  -50.512  -10.297  29.877 0.0000000000
30763  -12.640  -54.726  47.293 0.0000000000
57063  -34.450  -32.467  43.495 0.0000000000
57061  -32.140  -31.968  43.584 0.0000000000
58086  -32.637  -31.431  43.159 0.0000000000
58101  -32.401  -31.190  43.305 0.0000000000
59181  -32.524  -30.894  42.936 0.0000000000
65120  -33.454  -25.956  41.761 0.0000000000
63898  -34.355  -26.609  39.240 0.0000000000
63899  -34.865  -26.624  38.727 0.0000000000
62673  -35.936  -27.766  38.313 0.0000000000
62700  -36.385  -27.455  37.709 0.0000000000
63931  -37.232  -26.678  36.842 0.0000000000
63944  -37.722  -26.256  36.486 0.0000000000
63945  -38.556  -26.488  36.395 0.0000000000
65203  -38.640  -25.527  36.059 0.0000000000
66450  -37.961  -23.892  36.987 0.0000000000
67714  -38.386  -23.238  36.908 0.0000000000
43794  -27.637  -44.362  40.843 0.0000000000
43779  -29.392  -44.754  41.390 0.0000000000
44878  -29.665  -43.955  41.182 0.0000000000
37302  -13.683  -47.922  49.009 0.0000000000
37326  -13.633  -48.161  48.113 0.0000000000
36056  -18.731  -50.662  45.906 0.0000000000
27953  -9.493  -56.916  49.092 0.0000000000
26632  -9.366  -57.193  50.111 0.0000000000
25398  -9.113  -58.061  50.859 0.0000000000
24165  -8.885  -59.270  49.414 0.0000000000
24144  -8.854  -58.629  51.374 0.0000000000
24143  -8.415  -59.341  50.921 0.0000000000
77382  -43.279  -14.711  37.734 0.0000000000
78567  -43.101  -13.729  36.636 0.0000000000
78577  -43.417  -13.152  36.377 0.0000000000
79631  -43.820  -12.524  36.175 0.0000000000
61360  -37.829  -29.183  44.322 0.0000000000
47274  -32.580  -41.660  40.436 0.0000000000
46058  -33.837  -42.646  41.475 0.0000000000
41296  -15.419  -44.953  48.614 0.0000000000
39998  -14.992  -45.851  48.196 0.0000000000
40045  -16.467  -48.082  45.174 0.0000000000
37405  -17.742  -49.361  44.735 0.0000000000
37393  -18.168  -49.651  44.898 0.0000000000
37371  -18.912  -50.034  45.355 0.0000000000
54073  -39.570  -35.660  42.961 0.0000000000
55094  -39.655  -34.719  42.993 0.0000000000
56063  -38.581  -33.569  42.082 0.0000000000
56071  -38.297  -34.185  41.572 0.0000000000
56049  -35.816  -33.074  43.002 0.0000000000
56007  -33.578  -34.302  45.556 0.0000000000
42642  -22.657  -44.440  42.285 0.0000000000
43790  -23.810  -43.800  41.276 0.0000000000
43791  -24.549  -43.953  41.166 0.0000000000
44893  -26.065  -43.282  40.561 0.0000000000
48450  -23.759  -40.131  42.451 0.0000000000
48461  -24.367  -40.465  41.686 0.0000000000
44894  -27.170  -43.396  40.582 0.0000000000
46070  -28.797  -42.603  40.586 0.0000000000
47270  -28.343  -41.640  40.452 0.0000000000
50825  -28.806  -38.537  40.748 0.0000000000
49659  -33.549  -39.372  40.684 0.0000000000
50832  -35.761  -37.860  40.753 0.0000000000
50814  -36.499  -38.298  41.314 0.0000000000
50815  -37.170  -38.061  41.590 0.0000000000
51897  -37.896  -37.501  41.831 0.0000000000
51909  -38.056  -37.177  41.706 0.0000000000
53011  -38.712  -36.599  42.060 0.0000000000
47208  -20.633  -41.775  44.565 0.0000000000
47232  -21.118  -41.634  43.811 0.0000000000
46031  -20.692  -42.433  43.946 0.0000000000
44861  -21.195  -43.413  43.593 0.0000000000
43756  -21.644  -44.238  43.117 0.0000000000
66462  -44.835  -24.971  36.099 0.0000000000
67761  -44.609  -22.788  34.443 0.0000000000
70015  -44.455  -21.313  34.196 0.0000000000
75311  -41.673  -16.875  36.766 0.0000000000
75327  -41.943  -16.774  35.830 0.0000000000
75341  -42.499  -16.577  34.924 0.0000000000
77433  -42.589  -14.102  33.682 0.0000000000
77424  -43.148  -15.149  33.639 0.0000000000
75359  -43.639  -16.376  33.696 0.0000000000
81732  -54.395  -9.602  28.697 0.0000000000
85028  -54.062  -7.159  28.817 0.0000000000
86142  -53.690  -6.342  29.618 0.0000000000
30704  -10.192  -54.145  51.029 0.0000000000
29341  -10.185  -54.682  50.356 0.0000000000
32136  -11.431  -54.163  47.627 0.0000000000
27977  -11.456  -56.423  47.722 0.0000000000
29377  -11.006  -55.649  47.732 0.0000000000
30745  -10.520  -54.969  48.422 0.0000000000
29362  -10.231  -55.602  48.398 0.0000000000
27965  -9.567  -57.293  48.602 0.0000000000
24180  -10.272  -59.820  48.676 0.0000000000
22858  -10.195  -60.489  48.725 0.0000000000
57066  -38.624  -32.107  43.010 0.0000000000
58077  -38.408  -31.464  44.212 0.0000000000
58064  -37.875  -31.024  44.707 0.0000000000
58089  -35.758  -31.503  43.329 0.0000000000
59170  -36.493  -30.875  43.606 0.0000000000
60221  -36.371  -29.561  44.322 0.0000000000
61359  -37.151  -29.313  43.834 0.0000000000
60231  -31.761  -29.597  44.536 0.0000000000
61357  -31.824  -28.622  44.254 0.0000000000
61356  -31.764  -29.188  44.097 0.0000000000
60242  -31.848  -29.746  44.085 0.0000000000
60252  -32.009  -29.841  43.558 0.0000000000
60253  -32.287  -29.903  42.954 0.0000000000
63865  -32.825  -26.862  41.835 0.0000000000
62626  -32.999  -27.312  41.048 0.0000000000
62625  -32.656  -27.805  41.278 0.0000000000
61404  -32.303  -28.696  41.768 0.0000000000
60285  -32.643  -29.336  41.444 0.0000000000
60269  -33.294  -29.834  41.842 0.0000000000
61389  -35.755  -29.550  41.668 0.0000000000
61390  -36.502  -29.403  42.238 0.0000000000
62611  -37.038  -29.388  42.603 0.0000000000
62595  -37.698  -29.348  43.260 0.0000000000
61408  -38.354  -29.330  41.292 0.0000000000
61483  -38.870  -29.010  38.572 0.0000000000
62676  -39.126  -28.398  37.828 0.0000000000
61484  -39.928  -28.872  38.655 0.0000000000
65208  -43.515  -25.551  36.354 0.0000000000
67740  -41.550  -23.519  34.671 0.0000000000
65214  -39.727  -25.153  35.629 0.0000000000
67757  -41.297  -22.997  34.630 0.0000000000
72263  -40.560  -19.698  35.871 0.0000000000
73338  -40.932  -18.696  36.635 0.0000000000
41401  -24.638  -46.856  43.000 0.0000000000
41385  -24.947  -47.213  43.634 0.0000000000
41415  -27.073  -46.629  42.180 0.0000000000
41405  -28.618  -47.078  42.559 0.0000000000
41404  -27.418  -47.150  42.555 0.0000000000
40093  -27.619  -47.624  43.156 0.0000000000
40080  -27.674  -48.243  43.851 0.0000000000
46057  -32.651  -43.060  41.524 0.0000000000
34662  -11.478  -51.254  49.748 0.0000000000
36024  -12.101  -50.136  48.839 0.0000000000
32157  -13.735  -53.108  46.655 0.0000000000
38723  -15.665  -48.934  45.441 0.0000000000
37370  -15.114  -49.107  45.707 0.0000000000
36064  -14.670  -50.288  45.462 0.0000000000
36055  -17.746  -51.160  46.096 0.0000000000
34705  -16.117  -51.322  45.489 0.0000000000
34695  -15.467  -51.933  45.904 0.0000000000
21514  -7.858  -61.506  49.335 0.0000000000
18856  -7.569  -63.368  49.072 0.0000000000
21502  -7.527  -60.957  49.879 0.0000000000
22832  -7.606  -60.672  50.374 0.0000000000
22815  -7.986  -59.604  51.232 0.0000000000
21500  -6.297  -61.370  50.370 0.0000000000
22831  -6.420  -60.681  50.729 0.0000000000
22814  -7.497  -59.551  51.411 0.0000000000
18844  -7.033  -62.850  49.441 0.0000000000
20175  -9.210  -61.980  48.661 0.0000000000
22856  -9.170  -60.745  48.777 0.0000000000
27942  -9.611  -56.618  49.705 0.0000000000
29363  -10.644  -55.216  48.033 0.0000000000
30718  -10.369  -54.066  50.034 0.0000000000
37374  -20.824  -49.616  46.209 0.0000000000
37404  -17.500  -49.205  44.721 0.0000000000
42626  -29.045  -46.335  42.120 0.0000000000
46075  -33.638  -42.051  41.014 0.0000000000
47256  -22.311  -41.565  42.622 0.0000000000
49634  -36.116  -40.420  42.499 0.0000000000
50824  -28.316  -38.480  40.928 0.0000000000
53044  -33.772  -35.609  40.075 0.0000000000
54111  -33.931  -35.716  40.303 0.0000000000
54112  -33.969  -35.748  40.067 0.0000000000
57030  -31.511  -31.729  45.321 0.0000000000
58063  -31.410  -31.474  45.904 0.0000000000
60290  -37.571  -29.489  40.010 0.0000000000
60299  -37.313  -29.454  39.931 0.0000000000
61337  -31.680  -29.150  44.620 0.0000000000
62596  -38.318  -29.260  43.371 0.0000000000
62641  -33.199  -27.748  40.566 0.0000000000
62672  -35.265  -27.172  38.447 0.0000000000
65119  -33.129  -26.363  41.886 0.0000000000
65147  -35.399  -24.579  39.671 0.0000000000
67700  -36.257  -24.095  37.890 0.0000000000
67701  -36.261  -23.902  38.036 0.0000000000
78592  -42.436  -13.879  34.115 0.0000000000
