#!ascii label  , from subject S5_08 vox2ras=TkReg
1250
33318  -11.454  -50.897  54.695 0.0000000000
52984  -36.701  -36.647  44.742 0.0000000000
59119  -31.405  -30.438  48.034 0.0000000000
46013  -27.992  -41.362  46.263 0.0000000000
74327  -41.388  -17.715  36.752 0.0000000000
66391  -36.613  -22.917  39.979 0.0000000000
49551  -35.156  -38.852  50.860 0.0000000000
49601  -31.158  -38.944  46.132 0.0000000000
77343  -46.630  -15.333  41.438 0.0000000000
80578  -50.002  -10.951  40.531 0.0000000000
82765  -51.908  -8.753  37.330 0.0000000000
62488  -32.231  -26.613  50.789 0.0000000000
63855  -32.627  -25.837  43.722 0.0000000000
65082  -36.541  -23.723  46.168 0.0000000000
67649  -41.366  -22.199  42.111 0.0000000000
45963  -21.021  -41.837  48.105 0.0000000000
29252  -10.271  -53.375  56.847 0.0000000000
55988  -34.127  -35.355  48.298 0.0000000000
59011  -31.320  -30.825  54.494 0.0000000000
48429  -23.162  -40.202  43.334 0.0000000000
49657  -27.978  -38.475  41.258 0.0000000000
83912  -51.281  -8.172  30.316 0.0000000000
86100  -53.776  -6.198  34.966 0.0000000000
67716  -39.625  -21.817  38.016 0.0000000000
71105  -44.953  -19.811  40.731 0.0000000000
38639  -12.987  -48.084  51.747 0.0000000000
24126  -8.154  -58.581  52.457 0.0000000000
78517  -47.898  -12.861  41.265 0.0000000000
63778  -34.221  -25.081  48.744 0.0000000000
44814  -18.448  -42.794  45.861 0.0000000000
32016  -10.924  -52.308  55.832 0.0000000000
56051  -36.986  -33.964  44.110 0.0000000000
55066  -36.239  -35.047  45.721 0.0000000000
47213  -25.350  -40.379  45.399 0.0000000000
48452  -25.782  -39.425  42.535 0.0000000000
48433  -27.088  -39.285  44.302 0.0000000000
50769  -34.079  -37.381  45.300 0.0000000000
50786  -31.190  -36.894  43.691 0.0000000000
53008  -33.934  -36.610  42.596 0.0000000000
43742  -26.567  -42.393  47.027 0.0000000000
45997  -24.631  -41.342  46.044 0.0000000000
80659  -46.011  -10.831  33.440 0.0000000000
83900  -49.369  -8.783  30.995 0.0000000000
84979  -52.510  -7.473  35.792 0.0000000000
67628  -34.533  -23.842  41.348 0.0000000000
66435  -38.191  -22.641  38.414 0.0000000000
67686  -43.319  -21.367  41.453 0.0000000000
42509  -15.697  -44.123  49.679 0.0000000000
41241  -15.446  -44.746  52.094 0.0000000000
39889  -14.687  -46.561  54.328 0.0000000000
38662  -13.969  -47.389  49.687 0.0000000000
25398  -9.113  -58.061  50.859 0.0000000000
50737  -35.532  -37.719  47.999 0.0000000000
54008  -35.285  -36.687  50.296 0.0000000000
52888  -35.683  -36.955  53.272 0.0000000000
44822  -29.914  -42.739  47.359 0.0000000000
47215  -29.710  -40.573  46.307 0.0000000000
45999  -32.103  -41.626  48.052 0.0000000000
48389  -34.136  -39.584  48.509 0.0000000000
76319  -44.151  -15.880  38.939 0.0000000000
78543  -45.123  -13.209  39.128 0.0000000000
79603  -46.490  -11.699  37.663 0.0000000000
80640  -48.469  -10.156  35.430 0.0000000000
82791  -49.054  -8.844  34.015 0.0000000000
81618  -51.158  -10.340  38.778 0.0000000000
61287  -31.180  -28.225  48.346 0.0000000000
61320  -31.384  -28.700  46.186 0.0000000000
63812  -32.134  -26.350  46.609 0.0000000000
65079  -34.225  -24.493  45.381 0.0000000000
66336  -36.173  -23.252  43.175 0.0000000000
66370  -38.025  -22.372  41.565 0.0000000000
67596  -37.953  -22.796  44.588 0.0000000000
43670  -19.633  -42.926  49.585 0.0000000000
44764  -17.189  -43.010  48.567 0.0000000000
87223  -54.942  -4.895  29.935 0.0000000000
29227  -9.622  -53.534  57.769 0.0000000000
55072  -34.539  -34.314  45.485 0.0000000000
56984  -32.265  -33.374  49.028 0.0000000000
55963  -34.620  -34.862  51.375 0.0000000000
57976  -33.046  -33.151  51.954 0.0000000000
60148  -31.466  -30.468  50.656 0.0000000000
61225  -31.195  -28.368  52.594 0.0000000000
49632  -29.480  -37.812  43.707 0.0000000000
43701  -23.671  -42.691  48.350 0.0000000000
47196  -21.906  -40.666  45.313 0.0000000000
83880  -50.650  -7.852  33.682 0.0000000000
85005  -51.762  -6.867  32.286 0.0000000000
86127  -53.164  -5.662  31.188 0.0000000000
89376  -54.652  -3.884  33.633 0.0000000000
33348  -11.328  -51.370  51.191 0.0000000000
32071  -10.486  -53.207  51.653 0.0000000000
71125  -40.318  -20.314  37.123 0.0000000000
66414  -39.822  -22.188  39.937 0.0000000000
68881  -41.674  -20.795  39.472 0.0000000000
73329  -43.169  -18.437  38.953 0.0000000000
74290  -46.117  -17.595  41.033 0.0000000000
35933  -12.250  -49.244  52.796 0.0000000000
29299  -9.526  -54.439  53.310 0.0000000000
26597  -9.023  -55.418  53.954 0.0000000000
25347  -7.784  -55.977  54.979 0.0000000000
33317  -11.111  -51.754  55.185 0.0000000000
52999  -35.952  -36.595  43.355 0.0000000000
54071  -36.948  -35.694  43.978 0.0000000000
52985  -37.236  -36.264  45.065 0.0000000000
46034  -26.447  -40.243  45.331 0.0000000000
47236  -26.677  -39.720  44.964 0.0000000000
47237  -27.445  -39.906  45.129 0.0000000000
51863  -35.023  -37.359  44.907 0.0000000000
51882  -34.135  -37.183  43.990 0.0000000000
52998  -34.839  -36.931  43.121 0.0000000000
53009  -35.134  -36.380  42.143 0.0000000000
43744  -27.960  -42.409  47.201 0.0000000000
43723  -27.686  -42.928  47.497 0.0000000000
44841  -26.822  -42.061  46.279 0.0000000000
44840  -25.984  -42.087  46.269 0.0000000000
82813  -48.303  -9.532  31.344 0.0000000000
57012  -31.466  -32.397  47.078 0.0000000000
58050  -31.344  -30.930  46.030 0.0000000000
66368  -35.638  -23.119  40.895 0.0000000000
66390  -35.794  -23.965  39.784 0.0000000000
66412  -37.457  -22.704  39.069 0.0000000000
41276  -15.021  -45.258  49.645 0.0000000000
42483  -16.142  -44.306  51.855 0.0000000000
41256  -14.545  -45.822  50.330 0.0000000000
41240  -14.716  -45.596  51.752 0.0000000000
39974  -14.442  -46.679  49.377 0.0000000000
50714  -35.470  -38.116  49.743 0.0000000000
51807  -35.181  -37.492  50.864 0.0000000000
51774  -35.660  -37.668  52.586 0.0000000000
43727  -31.191  -43.040  47.653 0.0000000000
44824  -31.203  -42.212  47.492 0.0000000000
44802  -32.275  -42.411  48.151 0.0000000000
48341  -35.429  -40.010  51.603 0.0000000000
47169  -34.484  -40.469  49.542 0.0000000000
48370  -34.867  -39.624  49.677 0.0000000000
49584  -35.186  -38.417  48.199 0.0000000000
76320  -45.053  -15.669  39.747 0.0000000000
77383  -44.294  -14.346  38.208 0.0000000000
77361  -46.091  -13.972  40.054 0.0000000000
80567  -49.020  -11.522  40.904 0.0000000000
79562  -47.633  -12.245  39.986 0.0000000000
79592  -48.716  -11.224  38.653 0.0000000000
80638  -46.991  -10.268  36.069 0.0000000000
79606  -49.129  -10.659  37.436 0.0000000000
81646  -49.808  -10.080  37.008 0.0000000000
80602  -50.663  -10.709  38.947 0.0000000000
61268  -31.446  -27.704  50.162 0.0000000000
62534  -31.411  -27.185  47.425 0.0000000000
62501  -31.819  -26.779  49.766 0.0000000000
63796  -34.902  -24.625  47.673 0.0000000000
63814  -34.386  -25.118  46.902 0.0000000000
65067  -35.314  -24.100  46.330 0.0000000000
65094  -35.006  -24.192  44.732 0.0000000000
65096  -36.500  -23.674  45.274 0.0000000000
67595  -37.589  -23.141  43.904 0.0000000000
66314  -37.373  -23.397  45.838 0.0000000000
43685  -21.571  -42.877  49.152 0.0000000000
42531  -21.152  -43.478  49.949 0.0000000000
44783  -20.603  -42.357  48.626 0.0000000000
44796  -17.486  -43.115  46.914 0.0000000000
89385  -55.499  -3.780  31.107 0.0000000000
89386  -56.034  -3.382  30.806 0.0000000000
29238  -10.037  -53.902  57.199 0.0000000000
56008  -35.920  -33.797  46.049 0.0000000000
56038  -36.189  -33.710  44.444 0.0000000000
55053  -34.223  -35.041  46.437 0.0000000000
55998  -33.389  -34.617  46.612 0.0000000000
55987  -33.200  -34.577  48.040 0.0000000000
55004  -35.215  -35.644  52.498 0.0000000000
55024  -34.838  -35.348  51.108 0.0000000000
56915  -34.036  -34.309  53.391 0.0000000000
58995  -32.163  -31.608  55.446 0.0000000000
57944  -33.081  -32.771  53.871 0.0000000000
59051  -32.028  -32.084  52.487 0.0000000000
57975  -32.503  -32.315  51.511 0.0000000000
59065  -31.623  -31.178  51.859 0.0000000000
60129  -31.497  -30.329  51.279 0.0000000000
59048  -30.508  -30.150  53.328 0.0000000000
49655  -26.499  -38.999  42.121 0.0000000000
47241  -30.227  -39.753  45.873 0.0000000000
48436  -29.125  -38.934  45.145 0.0000000000
48437  -29.974  -38.727  45.343 0.0000000000
50800  -30.908  -37.060  42.251 0.0000000000
43702  -24.492  -42.831  48.269 0.0000000000
47211  -23.661  -40.126  45.532 0.0000000000
47197  -23.161  -40.491  45.849 0.0000000000
48409  -22.415  -40.504  44.126 0.0000000000
47233  -21.763  -41.350  43.289 0.0000000000
82772  -51.222  -9.179  36.082 0.0000000000
82792  -50.102  -8.406  34.130 0.0000000000
82781  -51.296  -8.562  35.148 0.0000000000
86081  -53.550  -6.532  35.927 0.0000000000
84986  -51.961  -7.283  34.052 0.0000000000
86108  -52.716  -6.449  33.658 0.0000000000
86126  -52.574  -6.216  31.506 0.0000000000
87204  -53.048  -5.589  33.084 0.0000000000
87214  -53.748  -4.819  32.095 0.0000000000
87197  -53.892  -5.258  33.591 0.0000000000
63844  -31.963  -26.774  44.315 0.0000000000
62576  -31.981  -27.987  44.538 0.0000000000
69982  -39.835  -21.281  36.577 0.0000000000
68879  -39.938  -21.356  37.855 0.0000000000
67647  -39.710  -22.149  41.754 0.0000000000
66393  -39.016  -22.413  40.528 0.0000000000
66395  -41.018  -21.752  41.157 0.0000000000
69946  -43.917  -20.729  40.797 0.0000000000
68871  -42.702  -20.739  40.175 0.0000000000
69972  -43.039  -20.260  39.862 0.0000000000
71126  -42.111  -19.909  39.095 0.0000000000
73330  -43.863  -18.628  39.477 0.0000000000
74321  -44.243  -17.864  39.519 0.0000000000
73309  -45.094  -18.607  40.206 0.0000000000
38622  -13.823  -47.496  52.879 0.0000000000
37247  -13.473  -48.036  53.533 0.0000000000
37246  -13.105  -48.638  54.074 0.0000000000
37258  -12.721  -48.667  52.893 0.0000000000
35951  -11.987  -49.888  51.291 0.0000000000
35978  -12.405  -49.246  50.901 0.0000000000
29329  -10.102  -54.794  50.843 0.0000000000
30677  -9.964  -53.711  53.458 0.0000000000
29328  -9.817  -55.217  51.179 0.0000000000
24144  -8.854  -58.629  51.374 0.0000000000
26612  -9.066  -56.571  52.737 0.0000000000
25372  -8.799  -57.209  52.848 0.0000000000
25349  -8.411  -55.916  54.312 0.0000000000
25364  -8.226  -56.940  53.313 0.0000000000
44769  -33.576  -42.481  49.443 0.0000000000
76284  -47.831  -15.001  43.276 0.0000000000
77345  -47.702  -13.576  41.786 0.0000000000
77336  -48.346  -13.782  43.103 0.0000000000
63762  -33.167  -25.794  50.011 0.0000000000
45993  -19.979  -41.728  45.713 0.0000000000
45978  -19.556  -41.707  46.780 0.0000000000
31989  -11.346  -51.737  57.706 0.0000000000
30642  -10.403  -52.987  56.740 0.0000000000
55092  -37.062  -34.501  43.234 0.0000000000
55081  -37.193  -34.512  44.802 0.0000000000
55055  -35.344  -35.740  46.765 0.0000000000
60076  -31.176  -29.577  55.506 0.0000000000
48430  -24.213  -39.958  43.677 0.0000000000
48451  -24.755  -39.935  42.533 0.0000000000
48431  -25.250  -39.637  43.686 0.0000000000
49642  -26.388  -38.928  42.988 0.0000000000
49643  -27.031  -38.777  42.595 0.0000000000
50755  -32.454  -37.808  46.197 0.0000000000
49614  -31.493  -37.754  45.574 0.0000000000
50787  -32.164  -36.792  44.410 0.0000000000
51895  -33.032  -36.795  42.847 0.0000000000
54089  -34.027  -35.670  41.054 0.0000000000
42590  -26.125  -43.134  47.641 0.0000000000
43719  -24.734  -42.602  47.625 0.0000000000
44820  -25.584  -42.272  46.787 0.0000000000
47212  -24.461  -40.229  45.476 0.0000000000
79653  -44.199  -11.796  33.889 0.0000000000
83911  -50.276  -8.833  30.566 0.0000000000
83809  -52.952  -8.201  39.484 0.0000000000
83851  -52.342  -8.202  36.809 0.0000000000
65105  -33.222  -25.551  42.828 0.0000000000
67714  -38.386  -23.238  36.908 0.0000000000
67703  -38.672  -22.582  37.843 0.0000000000
67633  -42.328  -22.072  42.815 0.0000000000
66374  -42.179  -22.114  41.857 0.0000000000
66376  -43.704  -21.748  42.352 0.0000000000
42494  -17.076  -43.456  50.627 0.0000000000
42484  -17.114  -43.821  51.697 0.0000000000
41214  -17.029  -44.684  54.141 0.0000000000
41227  -14.847  -45.820  53.023 0.0000000000
39921  -13.928  -46.636  52.081 0.0000000000
38652  -13.620  -47.600  50.850 0.0000000000
37283  -12.958  -48.479  50.443 0.0000000000
37302  -13.683  -47.922  49.009 0.0000000000
51853  -36.018  -37.039  46.286 0.0000000000
52967  -35.985  -36.790  47.133 0.0000000000
52948  -35.581  -37.126  49.240 0.0000000000
53989  -35.243  -36.345  51.979 0.0000000000
44844  -29.120  -42.174  47.044 0.0000000000
46037  -28.426  -40.716  46.071 0.0000000000
46015  -29.408  -41.092  46.545 0.0000000000
46017  -30.835  -41.344  46.807 0.0000000000
48414  -31.594  -40.271  47.167 0.0000000000
45965  -33.327  -41.722  49.117 0.0000000000
47188  -32.824  -40.636  48.496 0.0000000000
49591  -33.398  -39.403  47.898 0.0000000000
49605  -34.379  -37.949  47.180 0.0000000000
50759  -35.482  -37.355  46.706 0.0000000000
43725  -29.577  -43.263  47.600 0.0000000000
75299  -42.931  -16.509  38.009 0.0000000000
76342  -42.292  -16.013  36.856 0.0000000000
77382  -43.279  -14.711  37.734 0.0000000000
78552  -43.561  -13.866  37.516 0.0000000000
79618  -44.380  -12.670  37.334 0.0000000000
77362  -46.809  -13.491  40.046 0.0000000000
79589  -46.158  -12.125  38.432 0.0000000000
79632  -44.757  -11.553  35.989 0.0000000000
79645  -46.195  -11.060  34.997 0.0000000000
81665  -46.904  -10.530  34.322 0.0000000000
81675  -48.015  -9.727  33.570 0.0000000000
82790  -48.422  -9.310  33.572 0.0000000000
81668  -48.634  -9.664  34.709 0.0000000000
81657  -50.158  -9.781  36.313 0.0000000000
82755  -51.387  -9.677  38.357 0.0000000000
81596  -51.364  -10.078  40.682 0.0000000000
82728  -52.374  -9.010  39.387 0.0000000000
60178  -31.349  -29.542  48.296 0.0000000000
60206  -31.658  -29.617  46.328 0.0000000000
61302  -31.357  -28.447  47.280 0.0000000000
62550  -31.556  -27.468  46.384 0.0000000000
63829  -32.144  -26.548  45.564 0.0000000000
63795  -33.586  -25.388  47.702 0.0000000000
63830  -32.847  -25.527  45.920 0.0000000000
63845  -32.864  -25.563  44.779 0.0000000000
65106  -34.134  -24.761  43.341 0.0000000000
65123  -35.438  -23.584  43.261 0.0000000000
66351  -35.697  -23.139  42.236 0.0000000000
66369  -36.695  -22.537  41.228 0.0000000000
66352  -36.831  -22.697  42.463 0.0000000000
67612  -38.110  -22.727  43.259 0.0000000000
67613  -39.217  -22.412  43.350 0.0000000000
67577  -39.424  -22.545  45.664 0.0000000000
67615  -41.422  -22.001  43.648 0.0000000000
42511  -19.133  -43.553  50.565 0.0000000000
44782  -19.131  -42.062  47.681 0.0000000000
44765  -17.991  -42.520  48.773 0.0000000000
43643  -18.042  -43.105  50.413 0.0000000000
42529  -16.394  -43.736  48.908 0.0000000000
57013  -31.713  -33.323  46.479 0.0000000000
58022  -31.403  -32.128  48.491 0.0000000000
55045  -35.466  -36.327  48.523 0.0000000000
55036  -34.982  -35.900  49.715 0.0000000000
55976  -34.249  -35.436  49.710 0.0000000000
56937  -33.676  -33.867  51.932 0.0000000000
56970  -33.191  -33.659  50.376 0.0000000000
58007  -32.459  -32.690  50.167 0.0000000000
58006  -31.698  -31.829  49.917 0.0000000000
59108  -31.069  -30.656  49.082 0.0000000000
60163  -31.259  -30.048  49.791 0.0000000000
60146  -31.319  -28.662  50.600 0.0000000000
62487  -31.745  -27.386  51.295 0.0000000000
61211  -31.117  -28.704  54.757 0.0000000000
62467  -31.576  -27.530  53.230 0.0000000000
48435  -28.516  -39.327  45.126 0.0000000000
49631  -28.442  -38.494  43.961 0.0000000000
50797  -28.841  -38.160  41.843 0.0000000000
50785  -30.319  -37.224  43.188 0.0000000000
50799  -29.982  -37.273  42.138 0.0000000000
43686  -22.382  -43.021  48.997 0.0000000000
44799  -22.132  -42.289  48.387 0.0000000000
44818  -23.875  -42.178  47.192 0.0000000000
45995  -22.771  -41.218  46.864 0.0000000000
45994  -21.199  -40.897  46.459 0.0000000000
47209  -21.084  -41.290  44.513 0.0000000000
82803  -49.058  -8.683  32.730 0.0000000000
83890  -49.584  -8.398  32.045 0.0000000000
83901  -50.264  -8.160  31.277 0.0000000000
83869  -51.422  -7.827  34.536 0.0000000000
83892  -51.179  -7.475  32.855 0.0000000000
83902  -51.074  -7.549  31.686 0.0000000000
85014  -52.404  -6.818  30.863 0.0000000000
86141  -52.897  -6.604  29.988 0.0000000000
86142  -53.690  -6.342  29.618 0.0000000000
87229  -53.823  -5.570  30.131 0.0000000000
88295  -54.316  -4.614  31.069 0.0000000000
33340  -11.264  -51.354  52.406 0.0000000000
33339  -11.118  -51.954  53.218 0.0000000000
32072  -10.899  -52.347  51.088 0.0000000000
60219  -31.612  -29.653  45.163 0.0000000000
72251  -40.713  -19.244  36.965 0.0000000000
66413  -38.577  -22.463  39.505 0.0000000000
66436  -39.026  -22.137  38.883 0.0000000000
67682  -39.825  -21.845  39.278 0.0000000000
67684  -41.888  -21.534  40.768 0.0000000000
68854  -41.157  -21.332  39.703 0.0000000000
67717  -40.298  -21.421  38.671 0.0000000000
69956  -41.094  -20.421  38.667 0.0000000000
72238  -41.678  -19.277  38.560 0.0000000000
74318  -42.033  -17.584  37.945 0.0000000000
74307  -43.565  -17.040  38.418 0.0000000000
75288  -45.187  -16.401  39.953 0.0000000000
76293  -46.790  -16.060  41.436 0.0000000000
34591  -12.475  -49.724  56.430 0.0000000000
35906  -12.557  -49.219  54.528 0.0000000000
34612  -12.278  -49.850  53.824 0.0000000000
34639  -11.718  -50.581  51.786 0.0000000000
34653  -11.661  -50.670  50.463 0.0000000000
32045  -10.552  -52.782  53.539 0.0000000000
30665  -9.989  -53.882  54.601 0.0000000000
29273  -9.986  -54.480  55.014 0.0000000000
27931  -9.095  -56.613  52.087 0.0000000000
29283  -9.771  -54.947  54.253 0.0000000000
27879  -9.926  -54.634  55.906 0.0000000000
26569  -9.775  -54.756  56.140 0.0000000000
27864  -8.477  -54.574  56.291 0.0000000000
24125  -7.369  -58.715  52.381 0.0000000000
25362  -6.936  -56.733  54.058 0.0000000000
34590  -11.980  -50.090  55.578 0.0000000000
54057  -37.319  -36.112  44.709 0.0000000000
46012  -27.237  -41.329  45.953 0.0000000000
46035  -26.979  -40.478  45.510 0.0000000000
46036  -27.727  -40.656  45.739 0.0000000000
51864  -35.872  -37.120  44.295 0.0000000000
51883  -35.333  -37.193  43.844 0.0000000000
51884  -35.771  -37.014  43.810 0.0000000000
44842  -27.585  -42.008  46.550 0.0000000000
82812  -47.678  -9.708  31.820 0.0000000000
58037  -31.517  -31.552  47.813 0.0000000000
58051  -31.519  -31.518  46.542 0.0000000000
59134  -31.903  -30.542  46.704 0.0000000000
66411  -36.563  -23.497  38.751 0.0000000000
39998  -14.992  -45.851  48.196 0.0000000000
39975  -14.593  -46.147  48.902 0.0000000000
41275  -14.527  -45.994  49.531 0.0000000000
50686  -35.618  -38.215  51.591 0.0000000000
43706  -32.007  -43.323  47.990 0.0000000000
43728  -31.549  -42.731  47.773 0.0000000000
43707  -32.673  -42.838  48.321 0.0000000000
49535  -35.898  -39.327  51.909 0.0000000000
48356  -35.012  -39.806  50.602 0.0000000000
49559  -35.239  -38.845  49.698 0.0000000000
42578  -32.041  -44.005  48.320 0.0000000000
77351  -45.798  -15.184  40.588 0.0000000000
77360  -45.534  -14.828  40.222 0.0000000000
77352  -46.263  -14.763  40.812 0.0000000000
80577  -49.459  -11.229  40.366 0.0000000000
80588  -48.529  -11.550  39.982 0.0000000000
80589  -49.248  -11.221  39.486 0.0000000000
80615  -49.112  -11.024  38.252 0.0000000000
80600  -49.361  -11.104  38.616 0.0000000000
80601  -50.240  -10.812  38.643 0.0000000000
80590  -50.207  -10.732  39.520 0.0000000000
62500  -31.679  -27.293  50.549 0.0000000000
63797  -35.793  -24.189  47.184 0.0000000000
63815  -35.276  -24.327  46.867 0.0000000000
65068  -35.831  -23.920  46.483 0.0000000000
65081  -35.828  -23.815  45.862 0.0000000000
66313  -36.985  -23.527  45.427 0.0000000000
44784  -21.496  -42.378  48.577 0.0000000000
45962  -20.127  -41.796  47.708 0.0000000000
89392  -55.643  -3.872  30.448 0.0000000000
89382  -55.955  -3.229  31.615 0.0000000000
29240  -10.558  -52.921  57.657 0.0000000000
29229  -10.631  -52.983  58.041 0.0000000000
29239  -10.163  -53.623  57.124 0.0000000000
55054  -34.762  -35.469  46.831 0.0000000000
55999  -33.942  -35.074  47.264 0.0000000000
55975  -33.399  -34.575  49.384 0.0000000000
55003  -34.680  -35.205  52.958 0.0000000000
56902  -34.274  -34.240  54.101 0.0000000000
59012  -31.872  -31.455  54.538 0.0000000000
59032  -31.904  -31.844  53.540 0.0000000000
59031  -31.301  -31.153  53.678 0.0000000000
59049  -30.836  -30.522  53.013 0.0000000000
59030  -30.763  -30.630  53.826 0.0000000000
48449  -23.042  -40.751  42.374 0.0000000000
48412  -30.852  -39.655  46.037 0.0000000000
48410  -23.474  -39.904  44.677 0.0000000000
48428  -22.456  -40.800  42.980 0.0000000000
83859  -51.783  -8.461  36.269 0.0000000000
86091  -53.500  -6.420  35.293 0.0000000000
86098  -52.932  -6.453  34.114 0.0000000000
86109  -53.093  -6.165  33.820 0.0000000000
87203  -52.705  -5.799  32.765 0.0000000000
87196  -53.462  -5.786  34.078 0.0000000000
87191  -53.998  -5.612  34.656 0.0000000000
63854  -32.615  -26.731  42.993 0.0000000000
67715  -38.992  -22.567  37.165 0.0000000000
68878  -39.415  -22.142  36.988 0.0000000000
68891  -39.604  -21.760  36.867 0.0000000000
67648  -40.523  -22.042  41.915 0.0000000000
66372  -40.370  -21.956  41.359 0.0000000000
69960  -44.597  -20.243  40.755 0.0000000000
69958  -43.375  -20.464  40.345 0.0000000000
71129  -43.832  -19.816  40.027 0.0000000000
71128  -43.473  -19.829  39.777 0.0000000000
72241  -43.883  -19.473  39.788 0.0000000000
72225  -44.414  -18.854  39.851 0.0000000000
72215  -44.779  -19.295  40.331 0.0000000000
38640  -13.269  -47.681  51.911 0.0000000000
37259  -13.170  -48.114  52.476 0.0000000000
37270  -12.760  -48.469  51.729 0.0000000000
30703  -9.986  -54.685  51.081 0.0000000000
24136  -8.800  -58.254  52.252 0.0000000000
25379  -9.078  -57.733  52.723 0.0000000000
24127  -8.831  -57.888  53.110 0.0000000000
24119  -8.490  -57.389  53.113 0.0000000000
24118  -8.234  -57.839  53.239 0.0000000000
63743  -34.172  -25.765  50.884 0.0000000000
32003  -11.216  -51.902  56.825 0.0000000000
31988  -10.859  -52.209  56.896 0.0000000000
32002  -10.715  -52.481  56.557 0.0000000000
54081  -36.411  -35.579  42.212 0.0000000000
54058  -37.438  -35.560  45.081 0.0000000000
54072  -37.437  -34.960  44.180 0.0000000000
55073  -37.246  -34.673  45.697 0.0000000000
56010  -37.092  -34.190  46.088 0.0000000000
47234  -24.880  -39.853  44.681 0.0000000000
48432  -26.258  -39.294  43.814 0.0000000000
49629  -26.771  -38.987  43.449 0.0000000000
49630  -27.517  -38.779  43.578 0.0000000000
50756  -33.209  -37.756  46.401 0.0000000000
50767  -32.166  -37.402  45.465 0.0000000000
50768  -33.102  -37.369  45.565 0.0000000000
52997  -34.313  -36.951  43.208 0.0000000000
51881  -33.052  -36.733  43.791 0.0000000000
53006  -32.670  -36.536  41.993 0.0000000000
53007  -32.959  -36.449  42.117 0.0000000000
53019  -34.362  -36.005  41.594 0.0000000000
54090  -35.116  -35.705  41.318 0.0000000000
43722  -26.950  -42.860  47.462 0.0000000000
42592  -27.294  -43.345  47.727 0.0000000000
42591  -26.580  -43.276  47.690 0.0000000000
43721  -26.343  -42.796  47.424 0.0000000000
43720  -25.632  -42.723  47.470 0.0000000000
43741  -26.051  -42.431  47.053 0.0000000000
46010  -25.326  -41.243  45.805 0.0000000000
48411  -24.238  -39.834  44.640 0.0000000000
80657  -44.790  -11.514  33.790 0.0000000000
65121  -34.096  -24.803  42.121 0.0000000000
67702  -38.056  -23.052  37.515 0.0000000000
67617  -43.425  -21.852  43.631 0.0000000000
66355  -43.207  -21.945  42.583 0.0000000000
68839  -45.139  -20.892  41.827 0.0000000000
42475  -16.254  -44.427  52.784 0.0000000000
41213  -15.855  -45.230  53.939 0.0000000000
41228  -15.523  -45.048  52.884 0.0000000000
39948  -14.327  -46.700  50.677 0.0000000000
37284  -13.465  -47.984  49.778 0.0000000000
51844  -35.938  -37.040  47.027 0.0000000000
51835  -35.882  -37.244  48.049 0.0000000000
52903  -35.250  -36.955  52.372 0.0000000000
52917  -34.917  -36.990  51.514 0.0000000000
46014  -28.688  -41.345  46.521 0.0000000000
44845  -30.069  -42.017  46.884 0.0000000000
45998  -31.533  -41.819  47.686 0.0000000000
44847  -30.954  -41.786  47.020 0.0000000000
46019  -31.603  -41.378  47.541 0.0000000000
47218  -31.450  -40.871  47.158 0.0000000000
47199  -31.805  -40.833  47.590 0.0000000000
44755  -35.034  -41.997  50.678 0.0000000000
44768  -33.328  -42.122  49.251 0.0000000000
48380  -34.384  -39.806  48.899 0.0000000000
47179  -33.908  -40.427  49.051 0.0000000000
48388  -33.381  -39.762  48.428 0.0000000000
48401  -32.758  -39.750  48.151 0.0000000000
49604  -33.281  -38.688  47.356 0.0000000000
49592  -34.026  -39.075  47.751 0.0000000000
50746  -35.179  -37.672  47.240 0.0000000000
50747  -35.574  -37.400  47.237 0.0000000000
50760  -35.855  -37.070  46.694 0.0000000000
43726  -30.455  -43.479  47.587 0.0000000000
44821  -29.336  -42.818  47.404 0.0000000000
76330  -43.235  -15.720  38.276 0.0000000000
76329  -42.529  -15.989  37.780 0.0000000000
77384  -44.607  -13.718  38.670 0.0000000000
78553  -44.269  -13.303  38.011 0.0000000000
78568  -43.714  -13.159  37.033 0.0000000000
78542  -44.752  -12.860  38.506 0.0000000000
78516  -47.378  -13.454  41.062 0.0000000000
77353  -46.904  -13.906  40.585 0.0000000000
78523  -47.243  -12.942  40.326 0.0000000000
79590  -46.870  -11.734  38.636 0.0000000000
79575  -47.179  -12.293  39.541 0.0000000000
79602  -45.653  -12.073  37.695 0.0000000000
79620  -45.760  -11.597  36.814 0.0000000000
79633  -45.689  -10.847  35.860 0.0000000000
80639  -47.710  -10.315  35.856 0.0000000000
79635  -47.276  -10.502  35.214 0.0000000000
80650  -47.664  -10.293  34.961 0.0000000000
81674  -47.364  -10.233  33.666 0.0000000000
81667  -47.851  -9.988  34.370 0.0000000000
80651  -48.140  -9.936  34.904 0.0000000000
81631  -50.310  -10.293  37.825 0.0000000000
81647  -50.668  -9.770  36.974 0.0000000000
81632  -50.886  -9.925  37.977 0.0000000000
82727  -52.067  -9.486  39.782 0.0000000000
60162  -31.340  -29.150  49.192 0.0000000000
63777  -32.583  -25.801  48.728 0.0000000000
63831  -33.880  -24.793  46.146 0.0000000000
63846  -33.515  -24.916  45.393 0.0000000000
65093  -34.047  -24.544  44.585 0.0000000000
65108  -35.897  -23.816  44.003 0.0000000000
67611  -37.572  -23.044  43.518 0.0000000000
68795  -38.658  -22.541  43.053 0.0000000000
67597  -39.292  -22.512  44.588 0.0000000000
67578  -40.576  -22.129  45.771 0.0000000000
67598  -40.445  -22.261  44.634 0.0000000000
67599  -41.560  -21.988  44.667 0.0000000000
42530  -20.482  -43.386  49.976 0.0000000000
42512  -19.959  -43.557  50.461 0.0000000000
43656  -19.429  -43.233  49.974 0.0000000000
44798  -18.828  -42.257  46.311 0.0000000000
44797  -18.021  -42.687  46.462 0.0000000000
44780  -17.342  -43.059  47.732 0.0000000000
44781  -18.069  -42.535  47.684 0.0000000000
44753  -17.536  -42.785  49.256 0.0000000000
44752  -17.050  -42.999  49.070 0.0000000000
43654  -17.162  -43.193  49.605 0.0000000000
43668  -16.738  -43.479  48.660 0.0000000000
29226  -9.027  -53.632  57.675 0.0000000000
56021  -34.149  -34.038  45.180 0.0000000000
56998  -32.414  -33.929  47.352 0.0000000000
56997  -31.756  -33.072  47.807 0.0000000000
56983  -31.577  -32.595  48.544 0.0000000000
54027  -35.635  -36.753  48.810 0.0000000000
54036  -35.801  -36.603  47.650 0.0000000000
55037  -35.370  -36.465  49.592 0.0000000000
55035  -34.586  -35.473  50.556 0.0000000000
55977  -34.876  -35.709  49.142 0.0000000000
55962  -34.326  -35.005  50.942 0.0000000000
57962  -32.803  -32.743  52.683 0.0000000000
57963  -33.355  -33.484  52.694 0.0000000000
56936  -33.351  -33.553  51.604 0.0000000000
56951  -33.316  -33.568  51.115 0.0000000000
57990  -32.938  -32.964  51.069 0.0000000000
59078  -32.088  -31.320  50.947 0.0000000000
57989  -32.284  -31.995  50.682 0.0000000000
59092  -31.533  -31.025  50.256 0.0000000000
60111  -31.100  -29.658  52.263 0.0000000000
60128  -31.212  -29.034  51.106 0.0000000000
61235  -31.346  -28.311  51.672 0.0000000000
61250  -31.401  -28.083  50.792 0.0000000000
61201  -31.239  -28.798  56.065 0.0000000000
62413  -31.491  -27.972  55.856 0.0000000000
62468  -32.417  -26.820  52.879 0.0000000000
48461  -24.367  -40.465  41.686 0.0000000000
48462  -25.377  -40.174  41.554 0.0000000000
47239  -29.064  -40.223  45.900 0.0000000000
47238  -28.218  -40.069  45.398 0.0000000000
49645  -28.885  -37.905  42.689 0.0000000000
50766  -31.499  -37.287  44.992 0.0000000000
49633  -30.289  -37.663  44.313 0.0000000000
43700  -22.832  -42.795  48.640 0.0000000000
43699  -22.080  -42.678  48.776 0.0000000000
44800  -22.881  -42.219  48.030 0.0000000000
44819  -24.823  -42.143  46.785 0.0000000000
45996  -23.894  -41.385  46.424 0.0000000000
47195  -20.787  -41.208  45.277 0.0000000000
82802  -48.238  -9.280  32.653 0.0000000000
83879  -49.794  -8.329  33.184 0.0000000000
83891  -50.387  -7.903  32.457 0.0000000000
83860  -52.101  -7.841  35.841 0.0000000000
82782  -51.843  -8.143  35.200 0.0000000000
83870  -52.277  -7.534  34.931 0.0000000000
85006  -52.140  -6.883  32.931 0.0000000000
84996  -51.857  -7.226  33.205 0.0000000000
85013  -51.891  -7.111  31.106 0.0000000000
86125  -52.024  -6.588  31.716 0.0000000000
86135  -52.707  -6.616  30.632 0.0000000000
86136  -53.206  -6.045  30.552 0.0000000000
87221  -53.596  -5.146  30.862 0.0000000000
88282  -54.239  -4.493  33.113 0.0000000000
88288  -54.135  -4.302  32.000 0.0000000000
89380  -54.565  -3.802  32.759 0.0000000000
32060  -11.031  -51.850  51.658 0.0000000000
32073  -11.090  -51.851  51.234 0.0000000000
60220  -31.454  -29.352  45.750 0.0000000000
61338  -31.626  -28.735  45.122 0.0000000000
72250  -40.475  -19.668  36.616 0.0000000000
73337  -40.690  -19.204  36.614 0.0000000000
72236  -40.609  -19.662  37.376 0.0000000000
66392  -37.755  -22.542  40.293 0.0000000000
66397  -42.774  -21.777  41.744 0.0000000000
66396  -41.871  -21.786  41.452 0.0000000000
66417  -42.317  -21.637  41.343 0.0000000000
68882  -42.469  -20.609  39.792 0.0000000000
68855  -41.960  -21.368  40.125 0.0000000000
68869  -40.972  -21.175  39.337 0.0000000000
68880  -40.804  -21.013  38.906 0.0000000000
69970  -41.470  -20.499  39.063 0.0000000000
72239  -42.608  -19.200  39.065 0.0000000000
73328  -42.384  -18.387  38.456 0.0000000000
73327  -41.714  -18.382  37.906 0.0000000000
74319  -42.961  -17.413  38.233 0.0000000000
74320  -43.679  -17.600  39.035 0.0000000000
75276  -45.494  -17.251  39.938 0.0000000000
75287  -44.823  -16.866  39.674 0.0000000000
75277  -45.652  -16.845  40.152 0.0000000000
76310  -45.554  -16.112  40.352 0.0000000000
75269  -45.991  -16.692  40.843 0.0000000000
35918  -12.452  -49.177  53.531 0.0000000000
37235  -13.112  -48.488  55.243 0.0000000000
34601  -12.331  -49.677  54.330 0.0000000000
34625  -12.009  -49.593  53.111 0.0000000000
34624  -11.678  -50.332  53.001 0.0000000000
35932  -12.167  -49.882  52.346 0.0000000000
35977  -11.993  -49.855  50.373 0.0000000000
34663  -11.758  -50.738  49.297 0.0000000000
32059  -10.759  -52.382  52.341 0.0000000000
33328  -11.179  -51.903  54.161 0.0000000000
29315  -9.624  -54.222  52.578 0.0000000000
30653  -10.102  -53.766  55.529 0.0000000000
29284  -9.982  -54.604  54.189 0.0000000000
26622  -9.321  -57.096  51.326 0.0000000000
26623  -9.561  -56.601  51.007 0.0000000000
26604  -9.134  -56.178  53.176 0.0000000000
27907  -9.269  -55.331  53.710 0.0000000000
27897  -9.736  -55.174  54.751 0.0000000000
27889  -9.869  -55.131  55.473 0.0000000000
27878  -9.830  -55.004  55.925 0.0000000000
26589  -9.480  -55.389  55.134 0.0000000000
25348  -8.126  -56.041  54.776 0.0000000000
26578  -8.883  -55.654  55.267 0.0000000000
26577  -8.120  -55.713  55.318 0.0000000000
27863  -7.725  -54.673  56.229 0.0000000000
25378  -6.940  -58.614  52.386 0.0000000000
25371  -7.045  -58.245  53.015 0.0000000000
33306  -11.260  -51.777  55.788 0.0000000000
54052  -36.754  -35.416  45.482 0.0000000000
47235  -25.834  -39.788  44.983 0.0000000000
50770  -34.623  -37.309  45.631 0.0000000000
50789  -33.623  -37.285  44.887 0.0000000000
51862  -34.458  -37.354  44.699 0.0000000000
53010  -35.888  -36.254  42.337 0.0000000000
43724  -28.665  -42.902  47.471 0.0000000000
43743  -27.238  -42.406  47.106 0.0000000000
46011  -26.245  -40.950  45.768 0.0000000000
83899  -48.787  -9.047  31.222 0.0000000000
57031  -31.556  -32.149  45.688 0.0000000000
66350  -34.687  -23.634  41.587 0.0000000000
67627  -34.516  -23.962  41.114 0.0000000000
66367  -34.958  -23.770  40.734 0.0000000000
66389  -35.144  -24.416  40.131 0.0000000000
66434  -37.406  -23.357  37.848 0.0000000000
42493  -15.856  -44.135  50.811 0.0000000000
41257  -15.059  -44.804  51.091 0.0000000000
38674  -14.072  -47.464  48.525 0.0000000000
50725  -35.373  -37.948  48.816 0.0000000000
51817  -35.525  -37.551  49.878 0.0000000000
50705  -35.396  -38.035  50.553 0.0000000000
51790  -35.380  -37.424  51.763 0.0000000000
44823  -30.649  -42.596  47.291 0.0000000000
44825  -31.753  -42.358  47.886 0.0000000000
45982  -32.455  -41.885  48.346 0.0000000000
45951  -34.629  -41.244  50.392 0.0000000000
47170  -34.654  -40.574  49.901 0.0000000000
48369  -34.676  -39.829  49.399 0.0000000000
48381  -34.779  -39.548  48.862 0.0000000000
49583  -35.018  -38.961  48.232 0.0000000000
49571  -35.364  -38.681  48.824 0.0000000000
43705  -31.148  -43.775  47.762 0.0000000000
77370  -44.562  -15.077  38.795 0.0000000000
77371  -45.022  -14.269  39.354 0.0000000000
77372  -45.682  -13.573  39.575 0.0000000000
79554  -48.518  -12.013  41.360 0.0000000000
79563  -48.016  -12.196  40.462 0.0000000000
79591  -47.849  -11.490  38.695 0.0000000000
79604  -47.439  -11.308  37.828 0.0000000000
79621  -46.737  -10.856  36.746 0.0000000000
79622  -47.842  -10.695  37.307 0.0000000000
79623  -48.699  -10.617  37.197 0.0000000000
80631  -48.928  -10.537  36.421 0.0000000000
81645  -49.436  -10.294  36.612 0.0000000000
80632  -49.355  -10.407  37.096 0.0000000000
81617  -50.655  -10.362  38.343 0.0000000000
61269  -31.284  -28.048  49.502 0.0000000000
62517  -31.581  -26.962  48.545 0.0000000000
63794  -32.324  -26.166  47.614 0.0000000000
63832  -34.725  -24.486  46.441 0.0000000000
65080  -34.895  -24.228  45.627 0.0000000000
66326  -34.739  -24.324  45.135 0.0000000000
65095  -35.807  -23.912  45.004 0.0000000000
65109  -36.504  -23.634  44.502 0.0000000000
66337  -37.031  -23.277  43.568 0.0000000000
66328  -37.318  -23.269  45.155 0.0000000000
43672  -21.380  -43.254  49.512 0.0000000000
43671  -20.726  -42.929  49.359 0.0000000000
44767  -19.815  -42.458  48.836 0.0000000000
43683  -16.766  -43.707  47.768 0.0000000000
88296  -55.066  -4.411  30.569 0.0000000000
87231  -55.191  -5.106  29.384 0.0000000000
88302  -55.532  -4.350  29.829 0.0000000000
88303  -56.227  -4.092  29.451 0.0000000000
29228  -10.058  -53.491  57.628 0.0000000000
56039  -36.800  -33.925  44.889 0.0000000000
55064  -35.043  -34.722  45.808 0.0000000000
55063  -34.095  -34.696  45.769 0.0000000000
55014  -35.168  -35.800  51.555 0.0000000000
55025  -35.094  -36.133  50.568 0.0000000000
55013  -35.099  -35.069  52.080 0.0000000000
55941  -34.363  -34.685  52.667 0.0000000000
57927  -33.084  -32.733  54.359 0.0000000000
59013  -32.598  -32.376  54.492 0.0000000000
59033  -32.507  -32.434  53.320 0.0000000000
57961  -32.313  -32.245  51.978 0.0000000000
59066  -32.006  -31.516  51.489 0.0000000000
60130  -31.884  -30.884  51.073 0.0000000000
60112  -31.372  -30.589  51.919 0.0000000000
60095  -30.971  -28.959  52.898 0.0000000000
62414  -32.339  -27.403  55.758 0.0000000000
48463  -26.452  -39.717  41.397 0.0000000000
47240  -29.739  -39.831  45.816 0.0000000000
51893  -31.634  -36.846  42.237 0.0000000000
47198  -23.963  -40.707  45.863 0.0000000000
48397  -23.247  -40.034  45.351 0.0000000000
48396  -22.807  -40.185  45.115 0.0000000000
47210  -21.594  -40.997  44.176 0.0000000000
47256  -22.311  -41.565  42.622 0.0000000000
82780  -50.365  -8.889  35.032 0.0000000000
83868  -50.753  -8.279  34.558 0.0000000000
83871  -52.539  -7.234  35.247 0.0000000000
84988  -52.612  -6.911  34.984 0.0000000000
84997  -52.325  -6.868  33.484 0.0000000000
86117  -52.427  -6.231  32.774 0.0000000000
86116  -52.066  -6.329  32.042 0.0000000000
87212  -52.704  -5.698  32.404 0.0000000000
87213  -53.301  -5.231  31.890 0.0000000000
87205  -53.706  -4.909  32.642 0.0000000000
88280  -54.517  -4.778  34.038 0.0000000000
33354  -11.171  -51.678  50.373 0.0000000000
62562  -31.787  -27.708  45.358 0.0000000000
62593  -32.032  -27.929  43.551 0.0000000000
69981  -39.673  -21.747  36.128 0.0000000000
69968  -40.300  -20.685  37.851 0.0000000000
67646  -38.811  -22.366  41.861 0.0000000000
66371  -39.397  -22.277  41.261 0.0000000000
66394  -40.126  -22.055  40.795 0.0000000000
66415  -40.857  -21.710  40.666 0.0000000000
68857  -43.458  -21.039  41.087 0.0000000000
68856  -42.800  -21.057  40.684 0.0000000000
69957  -43.060  -20.753  40.546 0.0000000000
68883  -42.825  -20.471  39.953 0.0000000000
69971  -42.317  -20.344  39.506 0.0000000000
71127  -42.842  -19.827  39.515 0.0000000000
72240  -43.351  -19.287  39.421 0.0000000000
74308  -44.782  -17.828  39.730 0.0000000000
74299  -45.756  -17.663  40.347 0.0000000000
39900  -14.437  -46.673  53.368 0.0000000000
38606  -13.970  -47.117  54.023 0.0000000000
35952  -12.377  -49.245  52.000 0.0000000000
36002  -11.900  -50.142  49.698 0.0000000000
30704  -10.192  -54.145  51.029 0.0000000000
32058  -10.177  -53.143  52.732 0.0000000000
30690  -9.964  -53.767  52.162 0.0000000000
30689  -9.804  -54.498  51.683 0.0000000000
29314  -9.518  -55.095  52.358 0.0000000000
25387  -9.129  -57.910  51.913 0.0000000000
26611  -8.968  -57.027  52.350 0.0000000000
26603  -8.856  -56.874  52.770 0.0000000000
26596  -8.957  -56.354  53.247 0.0000000000
26588  -8.679  -55.704  54.033 0.0000000000
25365  -8.630  -56.742  53.193 0.0000000000
25357  -8.422  -56.278  53.674 0.0000000000
25356  -7.987  -56.410  53.967 0.0000000000
43689  -33.324  -43.055  49.249 0.0000000000
47145  -34.923  -40.813  51.435 0.0000000000
77334  -47.565  -14.729  42.595 0.0000000000
77344  -47.186  -14.523  41.742 0.0000000000
77335  -47.877  -14.117  42.578 0.0000000000
78507  -48.242  -12.923  42.228 0.0000000000
80568  -49.284  -11.456  41.396 0.0000000000
80569  -50.053  -11.097  41.432 0.0000000000
63779  -34.969  -24.787  48.276 0.0000000000
65057  -35.298  -24.501  48.115 0.0000000000
141902  -36.804  -23.888  46.695 0.0000000000
45979  -20.549  -41.394  47.157 0.0000000000
45992  -19.342  -42.127  46.049 0.0000000000
30631  -10.770  -52.588  57.514 0.0000000000
29263  -10.235  -53.575  56.477 0.0000000000
55093  -37.258  -34.479  44.042 0.0000000000
56009  -36.660  -33.968  46.142 0.0000000000
55065  -35.803  -34.686  45.991 0.0000000000
55043  -34.933  -35.650  47.831 0.0000000000
58993  -31.260  -30.294  55.068 0.0000000000
48450  -23.759  -40.131  42.451 0.0000000000
49644  -28.015  -38.347  42.305 0.0000000000
49602  -31.681  -38.434  46.123 0.0000000000
50788  -33.051  -37.044  44.729 0.0000000000
51880  -32.276  -36.722  43.279 0.0000000000
51894  -32.401  -36.690  42.227 0.0000000000
43703  -25.168  -42.974  48.056 0.0000000000
44839  -25.285  -41.888  46.290 0.0000000000
79643  -44.057  -12.088  35.047 0.0000000000
83839  -52.357  -8.459  37.732 0.0000000000
83824  -52.916  -8.161  38.386 0.0000000000
83840  -53.009  -7.900  37.484 0.0000000000
87178  -54.552  -5.523  36.498 0.0000000000
67704  -39.362  -22.006  38.350 0.0000000000
67650  -42.019  -22.288  42.275 0.0000000000
66354  -42.615  -22.136  42.250 0.0000000000
66375  -43.023  -21.926  42.105 0.0000000000
67666  -43.566  -21.597  41.756 0.0000000000
68837  -43.810  -21.314  41.439 0.0000000000
68859  -44.694  -20.977  41.458 0.0000000000
69947  -44.802  -20.585  41.142 0.0000000000
71106  -44.998  -20.149  41.004 0.0000000000
72193  -45.774  -19.663  41.378 0.0000000000
42476  -17.150  -44.062  52.587 0.0000000000
41212  -15.194  -46.112  53.977 0.0000000000
38651  -13.118  -48.092  51.348 0.0000000000
37301  -13.142  -48.612  48.997 0.0000000000
24135  -8.355  -58.881  51.622 0.0000000000
52974  -36.304  -36.851  45.507 0.0000000000
52975  -36.373  -36.393  45.704 0.0000000000
52959  -35.912  -36.994  48.311 0.0000000000
54019  -35.504  -36.847  49.601 0.0000000000
52929  -34.965  -36.985  50.748 0.0000000000
53998  -34.985  -36.508  51.117 0.0000000000
52876  -36.131  -36.922  54.230 0.0000000000
44846  -30.728  -41.923  46.966 0.0000000000
46016  -30.233  -41.263  46.643 0.0000000000
47216  -30.392  -40.507  46.326 0.0000000000
47217  -31.066  -40.757  46.694 0.0000000000
48413  -31.413  -40.209  46.593 0.0000000000
48399  -31.689  -39.491  46.748 0.0000000000
44785  -33.079  -42.476  48.938 0.0000000000
44803  -32.658  -42.275  48.485 0.0000000000
45983  -32.965  -41.542  48.668 0.0000000000
45966  -33.824  -41.213  49.316 0.0000000000
45984  -33.502  -41.124  48.983 0.0000000000
46000  -32.498  -41.346  48.311 0.0000000000
47200  -32.259  -40.703  48.077 0.0000000000
48400  -32.111  -39.740  47.529 0.0000000000
49603  -32.356  -38.603  46.817 0.0000000000
50757  -34.120  -37.588  46.390 0.0000000000
49593  -34.873  -38.345  47.705 0.0000000000
49606  -34.983  -37.661  46.967 0.0000000000
50758  -35.023  -37.393  46.064 0.0000000000
51851  -35.321  -37.264  45.421 0.0000000000
51852  -35.815  -37.149  45.449 0.0000000000
42594  -29.073  -43.390  47.975 0.0000000000
43745  -28.490  -42.385  47.173 0.0000000000
75298  -42.090  -16.748  37.640 0.0000000000
75311  -41.673  -16.875  36.766 0.0000000000
77381  -42.696  -15.368  37.531 0.0000000000
76331  -44.006  -15.163  38.272 0.0000000000
77399  -43.138  -14.259  37.117 0.0000000000
78544  -45.758  -13.170  39.467 0.0000000000
78533  -46.898  -13.029  39.981 0.0000000000
79574  -46.380  -12.320  39.142 0.0000000000
78531  -45.804  -12.721  39.244 0.0000000000
79601  -44.956  -12.359  37.821 0.0000000000
79619  -44.934  -12.156  36.951 0.0000000000
79644  -45.153  -11.458  34.764 0.0000000000
80647  -45.776  -11.116  34.518 0.0000000000
79634  -46.675  -10.443  35.631 0.0000000000
80648  -46.367  -10.752  34.373 0.0000000000
81673  -46.777  -10.492  33.879 0.0000000000
81684  -47.808  -9.779  32.819 0.0000000000
81676  -48.481  -9.373  33.999 0.0000000000
82779  -49.627  -9.432  35.255 0.0000000000
81656  -49.444  -10.069  35.907 0.0000000000
82770  -49.927  -9.726  35.818 0.0000000000
82771  -50.379  -9.501  35.778 0.0000000000
82764  -51.441  -9.387  37.317 0.0000000000
81595  -50.549  -10.562  40.608 0.0000000000
81607  -50.966  -10.331  39.595 0.0000000000
81619  -51.611  -10.265  39.160 0.0000000000
82743  -52.021  -9.715  38.852 0.0000000000
83823  -52.238  -8.763  38.399 0.0000000000
82744  -52.500  -8.776  38.880 0.0000000000
60191  -31.753  -29.533  47.143 0.0000000000
63813  -33.215  -25.612  46.815 0.0000000000
65092  -33.340  -25.185  43.842 0.0000000000
65107  -34.837  -24.054  43.829 0.0000000000
65122  -34.647  -23.814  42.803 0.0000000000
66353  -37.610  -22.662  42.759 0.0000000000
67629  -38.231  -22.553  42.181 0.0000000000
68803  -38.509  -22.469  42.297 0.0000000000
67630  -39.722  -22.160  42.367 0.0000000000
67631  -40.466  -22.030  42.662 0.0000000000
65069  -37.292  -23.667  46.620 0.0000000000
67576  -38.329  -22.855  45.650 0.0000000000
67559  -39.575  -22.709  46.730 0.0000000000
67614  -40.388  -22.197  43.596 0.0000000000
67632  -41.377  -21.984  42.769 0.0000000000
67616  -42.405  -21.796  43.691 0.0000000000
44766  -18.905  -42.476  48.633 0.0000000000
43669  -18.796  -42.597  49.269 0.0000000000
43655  -18.642  -43.006  49.916 0.0000000000
43644  -18.644  -43.341  50.465 0.0000000000
42510  -16.329  -43.645  49.547 0.0000000000
42546  -16.266  -44.426  47.965 0.0000000000
42528  -15.927  -44.277  48.798 0.0000000000
89387  -56.520  -3.108  30.512 0.0000000000
57014  -32.603  -34.027  45.919 0.0000000000
56996  -31.544  -32.376  48.067 0.0000000000
54045  -35.877  -36.178  46.173 0.0000000000
55056  -35.589  -36.102  47.050 0.0000000000
55044  -35.212  -35.887  48.279 0.0000000000
55989  -34.763  -35.605  48.700 0.0000000000
56926  -33.896  -34.260  52.775 0.0000000000
56925  -33.651  -33.929  52.482 0.0000000000
56938  -34.119  -34.225  52.070 0.0000000000
56952  -33.690  -34.177  51.305 0.0000000000
56971  -33.735  -34.603  50.405 0.0000000000
58024  -31.957  -32.474  49.615 0.0000000000
58023  -31.308  -32.058  49.071 0.0000000000
59120  -31.092  -31.272  48.544 0.0000000000
59107  -31.334  -30.168  48.473 0.0000000000
60179  -31.458  -29.839  49.066 0.0000000000
60147  -31.236  -29.251  50.300 0.0000000000
61251  -31.338  -28.345  50.261 0.0000000000
60083  -30.968  -29.665  54.736 0.0000000000
61217  -30.661  -28.869  54.032 0.0000000000
61218  -31.066  -28.495  53.568 0.0000000000
62429  -31.723  -27.762  55.093 0.0000000000
62450  -31.708  -27.794  54.233 0.0000000000
62476  -31.732  -27.484  52.210 0.0000000000
48434  -27.867  -39.260  44.651 0.0000000000
50806  -28.522  -38.302  41.327 0.0000000000
49613  -30.887  -38.076  45.412 0.0000000000
49646  -29.402  -37.591  42.553 0.0000000000
50798  -29.404  -37.843  41.865 0.0000000000
42547  -22.303  -43.242  49.265 0.0000000000
45964  -21.621  -42.031  48.260 0.0000000000
43718  -24.127  -42.559  47.883 0.0000000000
44801  -23.581  -42.386  47.793 0.0000000000
44817  -23.206  -41.980  47.506 0.0000000000
45981  -22.707  -41.748  47.568 0.0000000000
45980  -21.859  -41.583  47.714 0.0000000000
47194  -20.451  -41.801  45.088 0.0000000000
47232  -21.118  -41.634  43.811 0.0000000000
83889  -48.770  -8.777  31.771 0.0000000000
82773  -51.628  -8.423  35.723 0.0000000000
83881  -51.395  -7.499  33.695 0.0000000000
85021  -51.831  -7.551  30.410 0.0000000000
85022  -52.282  -7.159  30.160 0.0000000000
85027  -53.089  -7.260  29.448 0.0000000000
87230  -54.475  -5.550  29.618 0.0000000000
87222  -54.372  -5.010  30.327 0.0000000000
88294  -53.822  -4.802  31.510 0.0000000000
88289  -54.870  -4.151  31.320 0.0000000000
89381  -55.069  -3.487  31.984 0.0000000000
89377  -55.191  -3.350  33.106 0.0000000000
33329  -11.499  -51.181  53.571 0.0000000000
32084  -10.640  -53.311  50.532 0.0000000000
60205  -31.701  -30.019  45.907 0.0000000000
73326  -41.402  -18.328  37.236 0.0000000000
66373  -41.250  -21.908  41.608 0.0000000000
67683  -40.807  -21.623  39.981 0.0000000000
67705  -40.252  -21.579  39.082 0.0000000000
69954  -40.487  -20.416  38.111 0.0000000000
71115  -41.514  -20.074  38.705 0.0000000000
72224  -41.340  -19.815  38.495 0.0000000000
72222  -40.832  -19.649  37.817 0.0000000000
72237  -41.167  -19.139  37.572 0.0000000000
74317  -41.689  -17.708  37.427 0.0000000000
74306  -43.346  -16.881  38.073 0.0000000000
76318  -43.643  -16.172  38.677 0.0000000000
75286  -43.906  -16.726  38.955 0.0000000000
76302  -46.067  -15.731  40.870 0.0000000000
72208  -45.946  -19.311  41.188 0.0000000000
35892  -12.260  -49.538  55.000 0.0000000000
34600  -12.039  -50.004  54.540 0.0000000000
34611  -11.881  -50.499  53.918 0.0000000000
34652  -11.431  -51.175  50.279 0.0000000000
36003  -12.466  -49.453  49.648 0.0000000000
32031  -10.780  -52.542  54.700 0.0000000000
32044  -10.146  -53.235  53.269 0.0000000000
30678  -10.436  -53.269  54.292 0.0000000000
30666  -10.457  -53.165  55.178 0.0000000000
30654  -10.458  -53.077  56.053 0.0000000000
30641  -10.245  -53.591  56.207 0.0000000000
29262  -10.029  -54.077  55.952 0.0000000000
27932  -9.370  -56.140  51.549 0.0000000000
29298  -9.412  -55.005  53.473 0.0000000000
27920  -9.037  -56.611  52.470 0.0000000000
27921  -9.262  -56.140  52.705 0.0000000000
27898  -10.077  -54.945  54.746 0.0000000000
27890  -9.998  -54.855  55.341 0.0000000000
29251  -10.059  -54.006  56.414 0.0000000000
27867  -10.210  -54.322  56.264 0.0000000000
27857  -9.988  -54.159  56.825 0.0000000000
27865  -9.775  -54.481  56.455 0.0000000000
26568  -9.092  -54.938  56.042 0.0000000000
27850  -9.059  -53.909  57.374 0.0000000000
29237  -8.538  -53.824  57.407 0.0000000000
22808  -7.936  -59.145  51.739 0.0000000000
22814  -7.497  -59.551  51.411 0.0000000000
24117  -7.685  -58.265  53.082 0.0000000000
25363  -7.492  -57.197  53.410 0.0000000000
25355  -7.398  -56.313  54.491 0.0000000000
22807  -7.597  -59.111  52.004 0.0000000000
24134  -7.005  -58.898  52.272 0.0000000000
26559  -8.849  -54.550  56.319 0.0000000000
26560  -8.975  -54.376  56.613 0.0000000000
26566  -7.839  -55.282  55.617 0.0000000000
26567  -8.496  -54.982  55.795 0.0000000000
26579  -9.652  -55.065  55.791 0.0000000000
27851  -9.321  -53.919  57.382 0.0000000000
27852  -9.728  -53.907  57.383 0.0000000000
27853  -8.143  -54.262  56.756 0.0000000000
27854  -8.715  -54.173  56.932 0.0000000000
27855  -9.277  -54.249  57.088 0.0000000000
27856  -9.880  -54.159  57.020 0.0000000000
27866  -9.930  -54.600  56.241 0.0000000000
33347  -11.124  -51.817  50.975 0.0000000000
33355  -11.434  -51.213  50.574 0.0000000000
35905  -12.302  -49.601  54.572 0.0000000000
37271  -12.947  -48.049  51.984 0.0000000000
43684  -20.980  -42.734  49.081 0.0000000000
44770  -34.216  -42.459  49.943 0.0000000000
44786  -33.298  -42.673  49.211 0.0000000000
44843  -28.285  -41.950  46.828 0.0000000000
45948  -33.554  -41.846  49.407 0.0000000000
45967  -34.251  -41.097  49.561 0.0000000000
46018  -31.267  -41.493  47.210 0.0000000000
46038  -28.889  -40.787  46.339 0.0000000000
47158  -34.715  -40.622  50.497 0.0000000000
47180  -34.266  -40.410  49.267 0.0000000000
47189  -33.434  -40.524  48.779 0.0000000000
47214  -29.398  -40.602  46.298 0.0000000000
47231  -20.786  -41.730  44.115 0.0000000000
48382  -35.152  -39.287  48.926 0.0000000000
48390  -34.763  -39.303  48.396 0.0000000000
48398  -31.428  -39.466  46.259 0.0000000000
49594  -35.094  -37.908  47.607 0.0000000000
49628  -26.459  -39.066  43.403 0.0000000000
51823  -35.540  -37.473  48.942 0.0000000000
51879  -31.860  -36.782  42.817 0.0000000000
51896  -33.546  -36.877  43.282 0.0000000000
52940  -35.437  -37.111  50.107 0.0000000000
53017  -32.720  -36.516  41.712 0.0000000000
53020  -34.864  -36.053  41.581 0.0000000000
54088  -33.671  -35.733  41.002 0.0000000000
55023  -34.677  -35.230  50.907 0.0000000000
55062  -33.871  -34.454  45.621 0.0000000000
55070  -33.981  -34.338  45.464 0.0000000000
55071  -34.188  -34.398  45.508 0.0000000000
55931  -34.374  -34.913  53.601 0.0000000000
55951  -34.691  -34.694  51.791 0.0000000000
56006  -33.844  -34.176  45.363 0.0000000000
56020  -34.098  -34.209  45.351 0.0000000000
56023  -36.364  -33.829  45.454 0.0000000000
56024  -37.061  -33.987  45.649 0.0000000000
56953  -34.312  -34.589  51.539 0.0000000000
56982  -31.509  -32.372  48.427 0.0000000000
57977  -33.420  -33.605  52.142 0.0000000000
58038  -31.253  -31.732  48.564 0.0000000000
59009  -30.697  -29.813  54.372 0.0000000000
59010  -30.872  -30.278  54.439 0.0000000000
59029  -30.378  -29.995  53.972 0.0000000000
59050  -31.356  -31.102  52.617 0.0000000000
59052  -32.487  -32.475  52.814 0.0000000000
59133  -31.559  -30.478  46.041 0.0000000000
60082  -30.669  -29.313  54.229 0.0000000000
60094  -30.678  -29.403  53.347 0.0000000000
60110  -30.663  -29.936  52.876 0.0000000000
61210  -30.823  -28.934  54.317 0.0000000000
63816  -36.052  -23.988  46.768 0.0000000000
65083  -36.941  -23.772  46.507 0.0000000000
66311  -34.462  -24.402  45.078 0.0000000000
66312  -34.601  -24.379  45.328 0.0000000000
66325  -34.595  -24.349  44.878 0.0000000000
66327  -37.135  -23.367  44.640 0.0000000000
66338  -37.576  -22.933  43.293 0.0000000000
66349  -34.359  -24.278  41.323 0.0000000000
66398  -43.398  -21.785  42.012 0.0000000000
66416  -41.587  -21.652  41.108 0.0000000000
67634  -42.981  -21.961  43.129 0.0000000000
67644  -34.652  -23.890  40.918 0.0000000000
67645  -34.665  -23.741  41.163 0.0000000000
67664  -38.444  -22.395  41.949 0.0000000000
67665  -42.952  -21.552  41.563 0.0000000000
67685  -42.799  -21.378  41.193 0.0000000000
68794  -38.414  -22.628  43.060 0.0000000000
68804  -38.491  -22.526  42.650 0.0000000000
68805  -39.024  -22.377  42.625 0.0000000000
68816  -38.748  -22.406  42.212 0.0000000000
68817  -39.226  -22.288  42.127 0.0000000000
68835  -38.408  -22.407  42.076 0.0000000000
68836  -38.593  -22.426  42.021 0.0000000000
68858  -44.220  -21.011  41.249 0.0000000000
68870  -41.893  -21.075  39.749 0.0000000000
68872  -43.042  -20.416  40.069 0.0000000000
69931  -45.407  -20.470  41.667 0.0000000000
69932  -45.607  -20.539  42.015 0.0000000000
69944  -43.001  -20.986  40.830 0.0000000000
69945  -43.295  -20.796  40.700 0.0000000000
69955  -40.654  -20.434  38.341 0.0000000000
69959  -44.155  -20.324  40.541 0.0000000000
69969  -40.689  -20.768  38.530 0.0000000000
71094  -45.356  -19.870  41.184 0.0000000000
71095  -45.429  -20.146  41.436 0.0000000000
71113  -40.493  -20.051  38.031 0.0000000000
71114  -41.005  -20.090  38.469 0.0000000000
71116  -43.700  -20.009  40.088 0.0000000000
71117  -44.330  -19.828  40.314 0.0000000000
71118  -44.731  -20.035  40.725 0.0000000000
72207  -45.489  -19.333  40.787 0.0000000000
72214  -44.603  -18.916  40.043 0.0000000000
72223  -41.064  -19.672  38.201 0.0000000000
72226  -44.318  -19.097  39.907 0.0000000000
73300  -45.586  -18.876  40.602 0.0000000000
73308  -44.759  -18.729  40.057 0.0000000000
73310  -45.602  -18.124  40.315 0.0000000000
73316  -44.578  -18.705  39.907 0.0000000000
73317  -44.465  -18.516  39.766 0.0000000000
73352  -40.659  -19.226  36.296 0.0000000000
74298  -45.346  -17.712  39.940 0.0000000000
75285  -43.418  -16.491  38.409 0.0000000000
75297  -41.787  -17.240  37.602 0.0000000000
75300  -44.234  -17.276  39.375 0.0000000000
75301  -44.534  -17.437  39.573 0.0000000000
75310  -41.618  -17.175  37.265 0.0000000000
76301  -45.799  -15.433  40.614 0.0000000000
76309  -45.592  -15.462  40.411 0.0000000000
76321  -45.312  -16.253  40.101 0.0000000000
78524  -47.584  -12.880  40.765 0.0000000000
78532  -46.365  -13.096  39.671 0.0000000000
78554  -44.646  -13.286  38.616 0.0000000000
79573  -45.943  -12.362  38.885 0.0000000000
79576  -48.237  -11.619  39.493 0.0000000000
79577  -48.918  -11.247  39.039 0.0000000000
79587  -44.917  -12.540  38.253 0.0000000000
79588  -45.401  -12.466  38.544 0.0000000000
79600  -44.586  -12.670  38.030 0.0000000000
79605  -48.596  -10.977  37.923 0.0000000000
79624  -49.103  -10.527  37.050 0.0000000000
79646  -46.944  -10.878  34.970 0.0000000000
79647  -47.299  -10.635  34.941 0.0000000000
79654  -44.887  -11.506  34.060 0.0000000000
80560  -49.518  -11.367  42.009 0.0000000000
80576  -48.780  -11.551  40.440 0.0000000000
80591  -50.796  -10.595  39.127 0.0000000000
80613  -47.842  -10.566  36.810 0.0000000000
80614  -48.080  -10.539  36.785 0.0000000000
80616  -49.549  -10.734  37.846 0.0000000000
80628  -46.913  -10.565  36.547 0.0000000000
80629  -47.327  -10.561  36.667 0.0000000000
80630  -48.190  -10.669  36.919 0.0000000000
80637  -46.936  -10.343  36.212 0.0000000000
80649  -47.113  -10.602  34.671 0.0000000000
80658  -45.363  -11.271  33.887 0.0000000000
81606  -50.355  -10.522  40.011 0.0000000000
81629  -47.773  -10.518  36.578 0.0000000000
81630  -48.020  -10.541  36.655 0.0000000000
81642  -47.137  -10.519  36.665 0.0000000000
81643  -47.440  -10.431  36.517 0.0000000000
81644  -47.683  -10.437  36.350 0.0000000000
81653  -47.062  -10.424  36.416 0.0000000000
81654  -47.179  -10.206  36.257 0.0000000000
81655  -47.403  -10.272  35.986 0.0000000000
81658  -50.646  -9.585  36.281 0.0000000000
81666  -47.303  -10.364  34.318 0.0000000000
81682  -46.691  -10.549  33.107 0.0000000000
82742  -51.577  -9.990  38.727 0.0000000000
82756  -51.759  -9.020  38.041 0.0000000000
83850  -51.755  -8.804  36.761 0.0000000000
83861  -52.467  -7.446  35.472 0.0000000000
83913  -51.861  -7.715  30.022 0.0000000000
84971  -52.605  -7.508  36.248 0.0000000000
84987  -52.559  -6.809  34.295 0.0000000000
86092  -54.044  -6.143  35.408 0.0000000000
86099  -53.258  -6.344  34.632 0.0000000000
86118  -52.824  -6.108  33.361 0.0000000000
87190  -53.583  -5.915  34.472 0.0000000000
88287  -53.775  -4.801  31.847 0.0000000000
89393  -56.097  -3.611  30.079 0.0000000000
141905  -37.024  -23.880  46.800 0.0000000000
141906  -38.309  -22.525  42.413 0.0000000000
