#!ascii label  , from subject S5_08 vox2ras=TkReg
1474
52951  -44.777  -36.480  49.072 0.0000000000
35997  -37.722  -50.342  50.841 0.0000000000
63955  -52.915  -26.609  36.598 0.0000000000
56106  -41.361  -33.937  37.858 0.0000000000
58095  -49.808  -31.157  43.534 0.0000000000
41360  -44.726  -46.570  46.270 0.0000000000
37426  -34.326  -49.553  42.762 0.0000000000
46100  -36.553  -42.636  38.094 0.0000000000
30661  -30.056  -54.399  55.245 0.0000000000
75255  -58.194  -16.327  42.405 0.0000000000
26660  -31.475  -57.679  48.648 0.0000000000
54084  -43.479  -35.784  42.795 0.0000000000
57097  -45.465  -31.606  41.332 0.0000000000
57003  -46.223  -32.135  47.521 0.0000000000
47184  -46.616  -41.286  47.184 0.0000000000
44884  -41.321  -43.921  42.521 0.0000000000
49681  -43.197  -39.420  41.226 0.0000000000
51949  -38.856  -37.714  38.139 0.0000000000
78527  -58.134  -13.684  40.053 0.0000000000
34620  -33.331  -51.669  54.070 0.0000000000
25384  -30.497  -57.868  51.726 0.0000000000
29359  -35.005  -55.073  49.444 0.0000000000
61446  -52.946  -28.563  40.189 0.0000000000
37344  -41.696  -49.720  47.925 0.0000000000
32188  -37.698  -52.665  45.376 0.0000000000
37419  -39.999  -49.162  43.720 0.0000000000
41448  -35.671  -45.994  39.552 0.0000000000
32035  -25.443  -53.356  54.966 0.0000000000
60214  -55.508  -29.540  46.056 0.0000000000
63871  -56.786  -26.712  42.431 0.0000000000
72156  -59.603  -20.329  45.108 0.0000000000
69936  -55.395  -21.504  40.339 0.0000000000
74325  -55.203  -17.503  37.413 0.0000000000
30728  -29.110  -54.227  50.448 0.0000000000
33419  -32.391  -52.191  45.497 0.0000000000
52970  -43.611  -35.958  46.327 0.0000000000
56012  -43.899  -33.899  45.811 0.0000000000
55981  -44.756  -33.576  49.387 0.0000000000
50729  -46.408  -38.760  48.434 0.0000000000
48418  -44.759  -40.241  43.959 0.0000000000
51868  -44.245  -38.234  44.306 0.0000000000
51900  -43.736  -37.600  42.001 0.0000000000
63977  -50.827  -26.459  34.003 0.0000000000
66478  -51.452  -24.474  35.338 0.0000000000
35944  -35.835  -50.686  52.581 0.0000000000
32081  -33.571  -53.807  51.195 0.0000000000
34668  -34.929  -51.345  49.584 0.0000000000
58146  -42.015  -31.702  37.707 0.0000000000
58106  -47.325  -31.634  42.326 0.0000000000
60291  -46.631  -29.843  40.392 0.0000000000
60273  -48.283  -30.096  41.698 0.0000000000
61470  -50.205  -27.847  39.705 0.0000000000
60275  -50.699  -29.357  41.957 0.0000000000
38719  -42.716  -48.710  47.197 0.0000000000
36070  -41.082  -50.022  45.795 0.0000000000
40065  -42.142  -47.555  45.199 0.0000000000
44903  -38.959  -43.675  40.675 0.0000000000
41440  -38.685  -45.768  40.772 0.0000000000
42687  -36.243  -44.763  38.300 0.0000000000
54143  -40.083  -35.797  37.221 0.0000000000
61369  -56.640  -28.473  43.996 0.0000000000
71070  -57.772  -20.821  42.286 0.0000000000
73306  -56.863  -19.195  40.738 0.0000000000
72231  -54.755  -19.179  38.517 0.0000000000
75280  -56.766  -16.809  39.712 0.0000000000
77389  -57.565  -14.547  37.298 0.0000000000
32037  -27.747  -53.088  54.628 0.0000000000
32066  -27.749  -53.335  52.308 0.0000000000
30684  -29.162  -54.250  52.689 0.0000000000
26639  -31.770  -58.204  50.331 0.0000000000
25403  -29.857  -58.626  50.609 0.0000000000
24176  -31.318  -59.691  49.740 0.0000000000
34733  -36.475  -51.499  43.688 0.0000000000
32185  -35.594  -53.074  45.702 0.0000000000
34730  -33.720  -50.982  43.797 0.0000000000
55112  -42.476  -34.949  40.278 0.0000000000
57104  -42.635  -32.633  39.373 0.0000000000
56066  -43.883  -33.412  42.695 0.0000000000
57068  -45.860  -32.752  44.221 0.0000000000
57040  -48.605  -32.428  45.408 0.0000000000
44807  -45.871  -43.859  46.380 0.0000000000
42615  -42.861  -45.666  44.485 0.0000000000
46023  -44.115  -42.770  44.385 0.0000000000
47276  -41.889  -41.371  41.647 0.0000000000
48496  -39.575  -40.513  39.907 0.0000000000
49718  -37.567  -39.422  38.156 0.0000000000
50842  -40.862  -38.472  39.525 0.0000000000
53064  -42.174  -36.900  38.776 0.0000000000
77357  -57.908  -14.628  40.802 0.0000000000
78513  -59.199  -12.442  41.914 0.0000000000
32040  -31.440  -53.761  54.729 0.0000000000
27914  -30.368  -55.955  52.897 0.0000000000
27929  -32.000  -56.427  52.554 0.0000000000
27949  -32.803  -56.704  50.818 0.0000000000
29370  -32.673  -55.647  49.177 0.0000000000
59216  -44.211  -30.242  38.990 0.0000000000
62688  -51.045  -27.707  38.051 0.0000000000
61511  -53.552  -28.016  37.450 0.0000000000
36020  -39.126  -50.076  49.586 0.0000000000
36046  -37.370  -50.465  47.402 0.0000000000
36060  -39.646  -50.798  46.215 0.0000000000
34722  -39.185  -51.669  44.716 0.0000000000
37429  -37.454  -49.601  43.131 0.0000000000
41419  -40.937  -46.512  42.819 0.0000000000
40117  -38.126  -47.202  41.478 0.0000000000
40114  -34.864  -47.813  41.527 0.0000000000
55007  -45.275  -34.371  52.825 0.0000000000
35971  -39.256  -49.910  52.009 0.0000000000
37320  -43.284  -48.860  49.228 0.0000000000
38682  -45.042  -47.453  48.726 0.0000000000
56941  -46.361  -32.079  51.590 0.0000000000
58011  -48.751  -31.571  49.258 0.0000000000
57008  -50.866  -32.225  47.061 0.0000000000
58034  -53.530  -30.886  48.696 0.0000000000
59160  -52.373  -30.645  44.975 0.0000000000
60262  -53.678  -29.480  42.735 0.0000000000
61448  -54.891  -28.382  40.195 0.0000000000
63904  -54.645  -26.501  39.325 0.0000000000
67624  -58.660  -23.369  43.626 0.0000000000
67657  -56.228  -23.661  41.819 0.0000000000
66421  -53.486  -24.162  39.111 0.0000000000
69977  -53.170  -21.079  37.746 0.0000000000
77376  -56.814  -15.126  38.436 0.0000000000
32076  -24.778  -53.666  52.272 0.0000000000
30752  -28.259  -54.192  48.436 0.0000000000
27937  -30.025  -56.670  51.607 0.0000000000
27959  -29.064  -56.547  49.059 0.0000000000
30758  -35.888  -53.986  47.543 0.0000000000
30772  -34.012  -54.485  47.967 0.0000000000
30770  -31.776  -54.544  47.389 0.0000000000
32196  -30.264  -53.281  44.767 0.0000000000
52962  -44.354  -36.400  48.057 0.0000000000
55048  -44.001  -34.680  48.118 0.0000000000
55039  -44.828  -34.697  49.743 0.0000000000
51827  -45.506  -37.616  48.742 0.0000000000
51848  -45.390  -38.389  47.151 0.0000000000
51838  -44.674  -37.308  47.790 0.0000000000
52979  -44.066  -37.176  46.143 0.0000000000
61536  -52.116  -27.568  35.497 0.0000000000
63966  -51.566  -26.489  34.707 0.0000000000
65228  -51.228  -25.213  34.425 0.0000000000
65210  -51.953  -25.409  35.926 0.0000000000
35945  -36.494  -50.684  52.428 0.0000000000
34647  -35.196  -51.046  51.554 0.0000000000
35995  -36.008  -50.608  50.687 0.0000000000
56126  -40.860  -33.724  36.772 0.0000000000
57117  -41.476  -32.650  37.347 0.0000000000
57085  -48.512  -31.621  43.075 0.0000000000
59184  -47.913  -30.770  42.127 0.0000000000
59186  -49.503  -30.735  42.825 0.0000000000
60274  -49.397  -29.426  41.732 0.0000000000
59187  -50.415  -30.506  43.029 0.0000000000
38721  -44.143  -47.442  46.964 0.0000000000
38744  -42.538  -48.125  46.115 0.0000000000
40067  -43.409  -47.043  45.833 0.0000000000
46093  -37.453  -42.680  39.299 0.0000000000
43809  -37.387  -44.445  39.293 0.0000000000
44918  -36.640  -43.370  38.370 0.0000000000
43854  -35.307  -44.159  36.910 0.0000000000
54168  -40.944  -35.103  37.141 0.0000000000
54166  -39.371  -35.531  36.682 0.0000000000
55165  -40.212  -34.560  36.529 0.0000000000
73282  -58.114  -18.703  42.935 0.0000000000
74287  -58.050  -17.780  42.222 0.0000000000
73296  -57.047  -18.174  40.527 0.0000000000
75273  -57.430  -16.761  41.015 0.0000000000
32026  -29.543  -53.982  55.548 0.0000000000
32038  -28.946  -53.806  54.412 0.0000000000
30671  -29.237  -54.339  53.577 0.0000000000
26649  -31.799  -57.740  49.736 0.0000000000
25413  -31.669  -58.802  50.128 0.0000000000
25423  -31.597  -58.800  49.262 0.0000000000
36098  -35.636  -50.219  43.314 0.0000000000
34732  -35.497  -51.518  43.827 0.0000000000
36083  -34.048  -50.251  43.305 0.0000000000
55109  -43.069  -34.935  41.373 0.0000000000
56078  -43.104  -33.880  40.813 0.0000000000
56065  -43.407  -34.243  42.699 0.0000000000
57017  -44.790  -32.713  47.351 0.0000000000
56044  -45.104  -32.974  44.720 0.0000000000
57037  -45.735  -32.239  45.991 0.0000000000
57053  -46.802  -32.483  44.794 0.0000000000
57020  -47.481  -32.154  46.516 0.0000000000
45988  -46.678  -42.423  46.762 0.0000000000
44831  -45.413  -43.278  45.735 0.0000000000
46025  -45.321  -42.099  45.143 0.0000000000
49651  -43.996  -39.849  42.255 0.0000000000
48442  -44.050  -40.652  42.961 0.0000000000
48470  -42.430  -40.466  41.341 0.0000000000
47292  -40.782  -41.416  40.960 0.0000000000
49678  -41.398  -39.783  40.481 0.0000000000
49689  -40.044  -39.379  39.684 0.0000000000
49691  -41.935  -39.171  40.134 0.0000000000
53013  -43.639  -36.821  42.398 0.0000000000
53047  -43.157  -37.288  39.870 0.0000000000
54104  -43.218  -35.844  40.733 0.0000000000
54113  -42.574  -35.780  39.545 0.0000000000
32041  -31.815  -53.417  54.227 0.0000000000
30686  -31.444  -55.015  53.729 0.0000000000
32068  -32.457  -53.801  52.785 0.0000000000
30730  -34.397  -54.963  50.410 0.0000000000
27939  -33.485  -55.891  51.158 0.0000000000
29358  -33.940  -55.641  49.942 0.0000000000
27962  -32.760  -56.449  50.000 0.0000000000
29371  -33.832  -55.268  49.225 0.0000000000
57106  -43.923  -31.985  40.464 0.0000000000
58128  -43.195  -31.672  39.413 0.0000000000
58119  -44.848  -31.361  40.480 0.0000000000
61440  -46.742  -29.245  40.175 0.0000000000
61465  -45.455  -29.322  39.384 0.0000000000
61489  -46.232  -28.362  38.785 0.0000000000
61471  -51.295  -27.969  39.481 0.0000000000
62662  -50.601  -27.625  38.884 0.0000000000
61492  -51.807  -27.966  38.622 0.0000000000
61510  -52.700  -28.368  37.353 0.0000000000
61493  -52.669  -28.336  38.371 0.0000000000
37317  -41.063  -49.594  48.662 0.0000000000
36036  -39.408  -50.097  48.289 0.0000000000
36049  -40.393  -50.246  46.915 0.0000000000
37407  -40.302  -49.788  44.718 0.0000000000
36074  -39.955  -50.973  44.718 0.0000000000
37406  -39.727  -50.159  44.335 0.0000000000
37417  -38.299  -50.260  43.522 0.0000000000
37430  -38.552  -49.224  43.099 0.0000000000
43764  -42.403  -44.552  43.682 0.0000000000
41412  -42.305  -46.018  43.675 0.0000000000
42652  -40.661  -45.570  42.487 0.0000000000
41439  -38.072  -46.111  40.429 0.0000000000
41428  -38.429  -46.698  41.189 0.0000000000
40129  -37.291  -46.820  40.901 0.0000000000
40116  -37.256  -47.496  41.855 0.0000000000
50855  -38.104  -38.780  38.209 0.0000000000
38681  -44.467  -48.127  48.492 0.0000000000
44774  -47.595  -43.364  48.800 0.0000000000
55944  -45.298  -33.233  52.273 0.0000000000
57981  -49.208  -31.455  51.782 0.0000000000
57996  -50.126  -31.588  50.615 0.0000000000
58031  -50.406  -31.898  48.236 0.0000000000
58013  -50.812  -31.556  49.513 0.0000000000
59128  -54.125  -30.642  47.830 0.0000000000
58058  -52.945  -31.050  46.964 0.0000000000
60223  -54.040  -29.870  45.485 0.0000000000
59176  -53.711  -30.073  44.087 0.0000000000
60237  -55.354  -29.505  44.560 0.0000000000
61399  -56.696  -27.962  42.668 0.0000000000
60280  -55.636  -28.471  41.800 0.0000000000
62648  -55.898  -27.720  41.087 0.0000000000
61475  -55.165  -28.045  39.511 0.0000000000
63892  -55.320  -26.719  40.428 0.0000000000
68801  -59.173  -22.481  44.267 0.0000000000
69919  -56.204  -21.537  41.327 0.0000000000
68826  -56.977  -22.801  42.222 0.0000000000
68824  -55.748  -22.418  41.182 0.0000000000
67671  -54.708  -23.757  40.760 0.0000000000
68843  -54.557  -22.308  39.949 0.0000000000
68876  -53.126  -22.557  38.619 0.0000000000
69951  -54.134  -21.593  39.364 0.0000000000
73321  -54.867  -18.521  38.139 0.0000000000
73333  -53.846  -19.042  37.131 0.0000000000
73343  -54.212  -18.306  36.359 0.0000000000
77358  -58.510  -13.781  41.050 0.0000000000
76313  -57.224  -15.276  39.958 0.0000000000
77365  -57.556  -14.420  39.553 0.0000000000
32079  -27.846  -53.309  51.212 0.0000000000
32078  -26.829  -53.247  51.475 0.0000000000
32095  -27.924  -53.607  50.228 0.0000000000
32128  -27.841  -53.693  48.536 0.0000000000
32113  -28.587  -54.216  49.338 0.0000000000
27927  -30.473  -56.924  52.479 0.0000000000
27926  -30.282  -56.276  52.523 0.0000000000
26617  -30.253  -57.400  51.938 0.0000000000
26648  -29.410  -57.911  49.919 0.0000000000
25422  -29.363  -59.014  48.716 0.0000000000
34699  -37.812  -51.515  45.970 0.0000000000
34689  -36.377  -51.565  47.169 0.0000000000
32174  -36.704  -53.154  46.309 0.0000000000
33405  -33.718  -52.767  46.327 0.0000000000
32171  -34.100  -53.484  46.774 0.0000000000
32170  -32.980  -53.357  46.885 0.0000000000
32150  -32.496  -53.984  47.366 0.0000000000
32169  -31.753  -53.580  46.746 0.0000000000
30794  -30.512  -54.475  45.926 0.0000000000
54060  -43.086  -35.588  44.871 0.0000000000
55083  -43.450  -34.657  44.215 0.0000000000
55068  -43.544  -34.565  46.341 0.0000000000
56002  -44.219  -33.365  47.516 0.0000000000
56988  -45.306  -32.872  48.665 0.0000000000
49588  -46.791  -40.130  47.314 0.0000000000
48405  -45.837  -40.759  45.477 0.0000000000
49596  -45.805  -39.531  45.982 0.0000000000
50775  -45.184  -39.321  44.809 0.0000000000
50804  -44.216  -38.860  42.453 0.0000000000
50816  -43.567  -38.487  41.453 0.0000000000
51889  -44.044  -38.036  43.313 0.0000000000
52987  -43.413  -36.513  44.415 0.0000000000
67764  -50.605  -23.030  34.278 0.0000000000
34622  -34.936  -50.873  53.515 0.0000000000
33343  -33.191  -52.345  52.521 0.0000000000
34646  -34.389  -51.520  51.817 0.0000000000
33359  -33.965  -52.757  50.399 0.0000000000
32114  -35.087  -53.969  49.242 0.0000000000
57091  -46.562  -31.702  42.071 0.0000000000
58120  -45.560  -31.174  40.787 0.0000000000
59191  -46.837  -30.693  41.204 0.0000000000
60292  -47.422  -29.931  40.845 0.0000000000
61441  -47.692  -28.906  40.277 0.0000000000
61469  -49.136  -27.878  39.702 0.0000000000
60294  -49.293  -28.826  40.970 0.0000000000
61415  -50.189  -28.722  41.222 0.0000000000
61417  -52.450  -28.777  41.142 0.0000000000
37365  -42.562  -49.202  47.696 0.0000000000
36050  -41.079  -50.023  46.934 0.0000000000
37397  -42.120  -48.993  46.646 0.0000000000
38743  -41.285  -48.373  45.135 0.0000000000
38754  -40.656  -48.645  44.210 0.0000000000
44904  -39.678  -43.672  41.265 0.0000000000
43797  -39.810  -44.773  41.477 0.0000000000
43802  -38.539  -44.545  40.422 0.0000000000
41451  -37.602  -45.525  39.793 0.0000000000
42674  -36.434  -45.329  38.928 0.0000000000
42672  -34.854  -45.571  38.930 0.0000000000
42698  -35.086  -44.739  37.603 0.0000000000
53061  -39.728  -36.672  38.048 0.0000000000
53109  -38.884  -36.196  37.022 0.0000000000
60201  -55.983  -28.796  46.694 0.0000000000
60226  -56.101  -29.201  45.343 0.0000000000
61352  -57.063  -28.394  45.185 0.0000000000
62606  -57.392  -27.305  43.960 0.0000000000
63861  -57.594  -26.590  43.668 0.0000000000
72163  -58.883  -19.450  44.538 0.0000000000
71062  -58.862  -20.615  43.743 0.0000000000
72172  -58.858  -19.733  43.681 0.0000000000
72181  -57.823  -20.144  42.118 0.0000000000
71100  -56.205  -20.616  40.797 0.0000000000
71110  -55.459  -20.204  39.593 0.0000000000
72220  -55.844  -19.598  39.674 0.0000000000
74302  -55.911  -18.096  39.110 0.0000000000
74311  -55.742  -17.593  38.516 0.0000000000
79596  -58.936  -12.755  38.779 0.0000000000
78547  -58.029  -13.882  38.284 0.0000000000
78548  -58.661  -13.332  38.003 0.0000000000
32036  -26.535  -53.036  54.818 0.0000000000
32051  -26.727  -53.249  53.742 0.0000000000
32052  -27.785  -53.326  53.462 0.0000000000
32053  -28.567  -53.769  53.085 0.0000000000
30698  -29.212  -54.174  51.763 0.0000000000
24152  -31.287  -58.747  50.838 0.0000000000
25393  -30.206  -58.117  51.321 0.0000000000
24150  -30.381  -58.946  50.924 0.0000000000
24160  -30.216  -59.301  50.221 0.0000000000
24175  -30.633  -59.860  49.721 0.0000000000
22852  -30.442  -60.372  49.105 0.0000000000
22854  -31.457  -60.252  49.125 0.0000000000
33438  -37.763  -52.673  44.716 0.0000000000
33423  -36.557  -53.002  45.293 0.0000000000
33436  -35.807  -52.293  44.440 0.0000000000
34719  -34.539  -51.655  44.369 0.0000000000
34709  -32.856  -51.748  45.071 0.0000000000
55131  -42.199  -34.910  38.539 0.0000000000
56107  -41.646  -33.131  38.089 0.0000000000
56085  -42.509  -33.939  39.840 0.0000000000
56079  -43.815  -32.801  41.263 0.0000000000
57089  -44.495  -32.669  42.085 0.0000000000
56043  -44.438  -33.521  44.396 0.0000000000
56056  -44.960  -33.101  43.874 0.0000000000
57082  -45.465  -32.629  43.119 0.0000000000
57083  -46.819  -32.219  42.843 0.0000000000
57070  -47.811  -32.399  43.730 0.0000000000
57055  -48.676  -32.381  44.529 0.0000000000
42604  -45.107  -45.514  46.215 0.0000000000
42602  -44.061  -45.962  45.335 0.0000000000
43735  -44.830  -44.641  45.774 0.0000000000
44852  -43.850  -43.766  44.923 0.0000000000
44886  -42.286  -43.373  43.225 0.0000000000
47247  -44.838  -41.222  43.962 0.0000000000
47245  -43.359  -41.686  43.281 0.0000000000
46061  -41.507  -42.807  42.485 0.0000000000
46086  -40.332  -42.461  41.284 0.0000000000
47290  -39.283  -41.969  40.428 0.0000000000
48494  -37.748  -41.085  39.172 0.0000000000
48505  -36.723  -41.131  38.327 0.0000000000
48507  -38.224  -39.961  38.874 0.0000000000
49704  -38.900  -39.401  38.918 0.0000000000
50857  -39.708  -38.373  38.887 0.0000000000
51935  -43.019  -37.973  39.990 0.0000000000
51953  -42.034  -37.369  39.040 0.0000000000
51951  -40.598  -37.388  38.756 0.0000000000
53063  -41.373  -36.451  38.302 0.0000000000
54124  -41.657  -35.712  38.072 0.0000000000
76297  -58.136  -15.841  42.142 0.0000000000
77349  -58.491  -14.415  42.119 0.0000000000
78520  -58.869  -13.233  41.586 0.0000000000
78529  -59.260  -12.743  41.166 0.0000000000
79566  -59.566  -12.512  40.084 0.0000000000
79581  -59.954  -11.953  39.624 0.0000000000
30662  -30.544  -54.136  55.587 0.0000000000
29293  -30.131  -55.257  53.932 0.0000000000
29295  -30.738  -55.163  54.154 0.0000000000
27916  -30.977  -56.351  53.103 0.0000000000
26619  -31.479  -57.409  52.241 0.0000000000
29326  -33.024  -55.194  51.993 0.0000000000
26620  -32.242  -57.008  52.089 0.0000000000
26629  -31.686  -57.783  51.600 0.0000000000
26640  -32.093  -57.544  50.551 0.0000000000
26650  -32.198  -57.172  50.004 0.0000000000
27972  -31.916  -56.579  48.933 0.0000000000
58137  -42.605  -31.757  38.767 0.0000000000
59214  -42.943  -31.037  38.038 0.0000000000
59207  -45.240  -30.229  39.724 0.0000000000
61523  -52.557  -27.939  36.442 0.0000000000
61524  -53.276  -27.663  36.803 0.0000000000
35998  -38.736  -50.108  50.859 0.0000000000
36018  -36.976  -50.214  49.790 0.0000000000
36035  -38.285  -50.035  48.471 0.0000000000
36058  -37.927  -50.735  46.598 0.0000000000
33409  -38.624  -51.949  45.350 0.0000000000
36061  -40.388  -50.658  46.092 0.0000000000
34712  -39.314  -51.630  45.175 0.0000000000
33439  -38.411  -52.375  44.828 0.0000000000
34735  -38.211  -51.849  44.096 0.0000000000
36086  -37.021  -50.669  43.433 0.0000000000
37428  -36.468  -49.465  42.960 0.0000000000
41396  -42.975  -46.341  45.080 0.0000000000
40087  -41.743  -47.135  44.319 0.0000000000
38760  -40.348  -47.908  43.342 0.0000000000
41430  -39.820  -46.369  41.788 0.0000000000
40101  -39.621  -47.306  42.148 0.0000000000
38769  -39.541  -47.866  42.489 0.0000000000
38767  -37.878  -48.296  42.491 0.0000000000
38766  -36.745  -48.498  42.568 0.0000000000
48518  -35.658  -40.585  37.204 0.0000000000
51809  -45.818  -36.911  50.775 0.0000000000
54001  -45.310  -35.503  51.178 0.0000000000
32010  -26.883  -52.846  56.831 0.0000000000
32013  -30.569  -53.599  56.316 0.0000000000
32014  -31.106  -53.412  56.082 0.0000000000
34596  -32.128  -51.860  55.408 0.0000000000
35914  -35.622  -50.511  54.396 0.0000000000
35927  -36.760  -50.434  53.551 0.0000000000
35946  -37.617  -50.464  52.740 0.0000000000
35970  -38.295  -50.431  51.910 0.0000000000
35999  -39.850  -49.791  50.734 0.0000000000
37293  -41.052  -49.479  50.035 0.0000000000
37318  -41.941  -49.483  49.057 0.0000000000
37294  -42.143  -49.300  49.997 0.0000000000
37345  -42.574  -49.360  48.453 0.0000000000
38698  -43.397  -48.662  47.924 0.0000000000
38699  -44.188  -47.852  47.581 0.0000000000
40030  -45.108  -46.722  47.493 0.0000000000
42560  -46.212  -45.594  47.435 0.0000000000
43693  -46.527  -44.703  47.502 0.0000000000
44791  -47.038  -43.216  47.536 0.0000000000
51820  -46.096  -37.887  49.637 0.0000000000
55017  -44.958  -34.164  51.010 0.0000000000
56958  -45.022  -33.041  50.539 0.0000000000
56977  -45.979  -32.134  49.268 0.0000000000
56930  -47.496  -31.664  53.035 0.0000000000
56960  -47.131  -31.832  50.857 0.0000000000
58010  -47.723  -31.544  49.024 0.0000000000
56992  -48.963  -31.905  47.743 0.0000000000
57022  -49.370  -32.258  46.267 0.0000000000
57042  -50.179  -31.820  45.275 0.0000000000
58045  -52.156  -31.502  47.545 0.0000000000
58056  -51.650  -31.453  46.212 0.0000000000
58097  -51.066  -31.036  44.277 0.0000000000
60245  -51.679  -30.251  43.442 0.0000000000
60261  -52.543  -29.543  42.810 0.0000000000
61418  -53.523  -28.704  41.049 0.0000000000
60249  -55.512  -29.250  43.521 0.0000000000
60279  -55.036  -28.816  41.789 0.0000000000
61447  -53.967  -28.534  40.109 0.0000000000
61474  -54.310  -28.351  39.226 0.0000000000
61512  -54.182  -27.615  37.845 0.0000000000
63942  -53.910  -26.717  37.836 0.0000000000
66331  -58.817  -24.642  44.680 0.0000000000
65130  -57.382  -25.648  43.046 0.0000000000
68810  -58.266  -22.557  42.998 0.0000000000
67640  -57.490  -23.467  42.554 0.0000000000
65141  -56.226  -25.854  41.876 0.0000000000
65152  -55.004  -25.774  40.861 0.0000000000
65166  -54.196  -25.464  39.357 0.0000000000
66441  -52.923  -25.127  37.898 0.0000000000
67723  -52.045  -23.635  37.133 0.0000000000
68896  -51.883  -22.481  36.683 0.0000000000
70003  -51.785  -21.750  35.694 0.0000000000
71122  -54.198  -20.101  38.306 0.0000000000
71144  -52.915  -20.309  36.855 0.0000000000
71176  -52.394  -20.454  34.623 0.0000000000
76312  -57.073  -16.138  40.132 0.0000000000
76325  -56.547  -15.863  39.061 0.0000000000
75304  -55.643  -16.558  37.806 0.0000000000
77388  -56.908  -14.881  37.824 0.0000000000
75305  -55.840  -16.034  36.985 0.0000000000
75331  -55.537  -16.700  35.458 0.0000000000
32064  -25.776  -53.509  52.966 0.0000000000
30685  -29.807  -54.820  53.199 0.0000000000
30699  -29.630  -54.881  52.344 0.0000000000
30729  -29.423  -54.863  50.641 0.0000000000
26638  -29.828  -57.914  50.789 0.0000000000
29356  -29.265  -56.013  49.957 0.0000000000
30740  -29.101  -54.826  49.770 0.0000000000
29368  -28.699  -55.717  48.465 0.0000000000
36033  -36.075  -50.533  48.801 0.0000000000
33374  -35.539  -52.939  48.238 0.0000000000
30757  -35.413  -54.526  48.291 0.0000000000
30786  -35.912  -53.840  46.842 0.0000000000
30773  -35.053  -54.397  47.665 0.0000000000
30756  -34.537  -54.883  48.481 0.0000000000
30755  -33.423  -54.962  48.641 0.0000000000
29386  -32.313  -55.346  48.512 0.0000000000
29385  -31.620  -55.587  47.964 0.0000000000
34729  -32.663  -51.022  43.841 0.0000000000
34708  -31.914  -51.869  45.105 0.0000000000
33418  -31.399  -52.471  45.504 0.0000000000
32168  -30.850  -53.881  46.380 0.0000000000
29393  -30.817  -55.232  46.609 0.0000000000
27985  -30.948  -56.209  47.262 0.0000000000
54030  -44.218  -35.359  48.564 0.0000000000
54022  -44.826  -35.728  49.472 0.0000000000
52952  -45.347  -36.879  49.390 0.0000000000
51839  -45.250  -38.090  47.710 0.0000000000
51826  -44.754  -36.998  48.443 0.0000000000
62737  -52.451  -27.052  35.770 0.0000000000
63967  -51.976  -26.712  35.084 0.0000000000
63963  -52.150  -26.400  35.527 0.0000000000
65219  -51.833  -25.641  35.456 0.0000000000
65211  -52.252  -25.578  36.277 0.0000000000
35969  -37.280  -50.614  51.712 0.0000000000
35968  -36.403  -50.681  51.421 0.0000000000
35996  -36.783  -50.511  50.747 0.0000000000
58094  -49.062  -31.451  43.387 0.0000000000
58108  -48.842  -31.203  42.822 0.0000000000
58109  -49.285  -31.139  43.138 0.0000000000
59172  -50.057  -30.788  43.236 0.0000000000
40041  -44.501  -46.945  46.559 0.0000000000
40040  -43.878  -47.341  46.515 0.0000000000
40068  -44.060  -46.972  46.242 0.0000000000
46101  -36.955  -42.652  38.706 0.0000000000
44919  -37.112  -43.680  38.875 0.0000000000
55146  -41.184  -34.713  37.313 0.0000000000
55166  -40.792  -34.698  36.929 0.0000000000
75266  -58.184  -17.207  42.511 0.0000000000
74286  -57.448  -17.666  41.261 0.0000000000
75265  -58.000  -16.754  41.915 0.0000000000
32039  -29.663  -54.262  54.923 0.0000000000
37415  -35.080  -49.962  43.262 0.0000000000
36084  -35.104  -50.568  43.428 0.0000000000
37414  -34.662  -50.058  43.263 0.0000000000
55103  -43.102  -34.952  42.309 0.0000000000
57018  -45.399  -32.322  46.861 0.0000000000
57019  -46.450  -32.075  46.677 0.0000000000
57004  -47.219  -32.072  47.423 0.0000000000
47191  -46.493  -41.627  46.718 0.0000000000
46004  -45.848  -42.214  45.655 0.0000000000
47205  -46.098  -41.514  45.862 0.0000000000
49664  -43.656  -39.519  41.757 0.0000000000
48471  -43.276  -40.440  41.752 0.0000000000
49663  -43.173  -39.902  41.285 0.0000000000
48487  -42.245  -40.015  40.920 0.0000000000
49679  -42.070  -39.621  40.660 0.0000000000
49692  -42.472  -39.108  40.409 0.0000000000
54095  -43.299  -35.883  41.804 0.0000000000
33325  -32.597  -52.102  54.176 0.0000000000
32054  -32.229  -53.274  53.393 0.0000000000
33336  -32.807  -52.383  53.450 0.0000000000
29347  -34.504  -55.207  50.066 0.0000000000
57096  -44.584  -31.901  41.030 0.0000000000
58129  -44.215  -31.484  39.999 0.0000000000
61467  -46.975  -28.590  39.503 0.0000000000
61445  -51.869  -28.478  40.307 0.0000000000
61472  -52.361  -28.280  39.372 0.0000000000
61473  -53.362  -28.437  39.221 0.0000000000
37343  -41.126  -49.954  48.026 0.0000000000
36037  -40.458  -50.091  47.975 0.0000000000
36038  -41.009  -50.050  47.540 0.0000000000
37418  -39.199  -49.982  43.736 0.0000000000
37431  -39.398  -48.856  43.057 0.0000000000
43785  -41.722  -44.451  43.000 0.0000000000
43763  -41.914  -45.025  43.362 0.0000000000
43784  -41.015  -44.651  42.573 0.0000000000
41449  -36.550  -45.931  39.476 0.0000000000
41438  -37.327  -46.354  40.133 0.0000000000
41437  -36.493  -46.466  40.184 0.0000000000
50873  -38.399  -38.187  38.023 0.0000000000
60200  -55.547  -29.404  46.821 0.0000000000
59129  -54.815  -29.954  47.286 0.0000000000
59140  -54.978  -29.940  46.506 0.0000000000
59139  -54.175  -30.209  46.859 0.0000000000
59150  -55.049  -29.960  45.939 0.0000000000
60236  -54.359  -29.630  44.952 0.0000000000
60225  -55.214  -29.649  45.436 0.0000000000
62621  -56.750  -27.433  42.468 0.0000000000
61422  -56.366  -27.916  41.944 0.0000000000
62636  -56.271  -27.476  41.788 0.0000000000
62647  -55.622  -27.505  40.458 0.0000000000
63881  -55.749  -26.730  41.246 0.0000000000
71047  -59.380  -20.684  45.273 0.0000000000
69882  -59.357  -21.477  45.243 0.0000000000
69890  -59.413  -21.488  44.762 0.0000000000
69937  -55.807  -21.342  40.873 0.0000000000
69918  -55.652  -21.877  40.885 0.0000000000
68844  -55.112  -22.656  40.691 0.0000000000
68863  -54.106  -22.387  39.472 0.0000000000
69935  -54.786  -21.576  39.903 0.0000000000
73335  -54.717  -18.129  37.008 0.0000000000
73344  -54.650  -17.973  36.467 0.0000000000
74334  -54.938  -17.512  36.250 0.0000000000
32050  -25.715  -53.404  54.016 0.0000000000
32080  -28.750  -53.671  50.937 0.0000000000
32096  -28.674  -53.922  49.972 0.0000000000
32112  -28.144  -53.726  49.387 0.0000000000
26618  -30.686  -57.519  52.254 0.0000000000
25383  -30.290  -57.775  51.626 0.0000000000
32175  -37.426  -52.693  45.768 0.0000000000
33407  -37.262  -52.522  46.119 0.0000000000
33420  -33.344  -52.258  45.607 0.0000000000
33404  -32.436  -52.689  46.208 0.0000000000
54054  -43.283  -35.456  45.926 0.0000000000
55049  -44.391  -34.285  48.741 0.0000000000
55060  -44.137  -34.001  48.061 0.0000000000
55992  -44.696  -33.428  48.478 0.0000000000
56987  -44.973  -33.106  48.404 0.0000000000
55993  -45.010  -33.284  48.914 0.0000000000
49575  -46.603  -39.288  47.833 0.0000000000
49597  -46.286  -39.959  46.517 0.0000000000
50752  -46.141  -39.461  47.031 0.0000000000
50750  -44.863  -38.585  45.858 0.0000000000
50764  -45.330  -39.230  45.587 0.0000000000
50763  -44.794  -38.692  44.949 0.0000000000
50774  -44.714  -38.928  44.001 0.0000000000
50793  -44.499  -38.820  43.054 0.0000000000
51901  -44.052  -38.209  42.532 0.0000000000
52978  -43.445  -36.567  45.631 0.0000000000
51856  -43.556  -37.124  44.863 0.0000000000
63978  -51.232  -26.769  34.309 0.0000000000
67745  -51.201  -23.361  35.305 0.0000000000
34634  -34.115  -51.437  52.775 0.0000000000
34635  -35.115  -50.853  52.503 0.0000000000
34658  -35.092  -51.214  50.560 0.0000000000
34657  -34.415  -51.752  50.912 0.0000000000
34667  -34.365  -51.950  49.951 0.0000000000
33366  -34.387  -52.959  49.513 0.0000000000
34677  -34.624  -52.131  49.199 0.0000000000
58155  -41.420  -31.614  36.903 0.0000000000
58113  -46.919  -31.201  41.645 0.0000000000
60272  -47.757  -30.218  41.332 0.0000000000
60293  -48.490  -29.328  40.933 0.0000000000
61442  -48.711  -28.532  40.333 0.0000000000
61416  -51.321  -28.760  41.229 0.0000000000
60276  -51.904  -29.239  42.023 0.0000000000
38697  -42.879  -48.850  47.664 0.0000000000
37386  -42.180  -49.226  47.069 0.0000000000
43803  -39.239  -44.640  40.886 0.0000000000
43819  -36.929  -44.473  38.853 0.0000000000
42676  -37.579  -45.016  39.682 0.0000000000
42675  -36.977  -45.048  39.153 0.0000000000
42686  -35.757  -45.052  38.176 0.0000000000
42699  -35.598  -44.546  37.779 0.0000000000
53086  -40.294  -36.223  37.703 0.0000000000
53085  -39.343  -36.361  37.435 0.0000000000
54142  -39.645  -35.890  37.093 0.0000000000
61314  -56.608  -28.156  46.616 0.0000000000
61333  -56.667  -28.631  45.796 0.0000000000
63839  -58.043  -26.553  45.836 0.0000000000
62590  -57.699  -27.064  45.352 0.0000000000
62607  -57.661  -26.986  44.729 0.0000000000
63862  -58.006  -26.459  44.395 0.0000000000
74264  -58.293  -17.499  43.749 0.0000000000
74257  -58.154  -17.428  44.204 0.0000000000
73265  -58.392  -18.379  44.323 0.0000000000
73298  -57.784  -18.751  41.899 0.0000000000
72200  -57.802  -19.491  42.016 0.0000000000
72199  -57.285  -19.610  41.418 0.0000000000
71101  -56.813  -20.196  41.178 0.0000000000
72212  -56.743  -19.825  40.845 0.0000000000
72211  -56.377  -19.520  40.233 0.0000000000
74294  -57.080  -17.621  40.317 0.0000000000
73305  -56.809  -18.510  40.181 0.0000000000
74303  -56.394  -17.673  39.387 0.0000000000
74312  -56.195  -17.218  38.838 0.0000000000
79597  -59.462  -12.343  38.423 0.0000000000
32024  -27.397  -53.019  55.780 0.0000000000
32067  -28.561  -53.664  52.003 0.0000000000
24151  -30.927  -58.878  50.886 0.0000000000
24162  -31.289  -59.130  50.507 0.0000000000
24161  -30.779  -59.433  50.429 0.0000000000
25433  -31.523  -58.726  48.180 0.0000000000
24190  -31.725  -59.817  48.762 0.0000000000
33450  -36.727  -52.161  44.063 0.0000000000
33437  -36.901  -52.750  44.763 0.0000000000
33449  -36.131  -51.933  43.922 0.0000000000
34731  -34.600  -51.030  43.689 0.0000000000
34720  -35.244  -51.935  44.259 0.0000000000
34710  -33.810  -51.820  45.034 0.0000000000
34718  -33.337  -51.427  44.420 0.0000000000
55121  -42.517  -34.896  39.122 0.0000000000
56077  -42.663  -34.256  40.306 0.0000000000
56074  -43.655  -33.325  41.742 0.0000000000
57081  -44.587  -32.902  42.786 0.0000000000
56027  -43.867  -33.983  44.847 0.0000000000
56042  -43.840  -33.891  44.101 0.0000000000
57052  -45.880  -32.490  45.126 0.0000000000
57069  -46.793  -32.601  43.850 0.0000000000
57039  -47.670  -32.345  45.530 0.0000000000
57054  -47.773  -32.562  44.603 0.0000000000
43712  -45.548  -44.543  46.300 0.0000000000
44853  -44.649  -43.064  44.972 0.0000000000
44868  -43.384  -43.495  44.266 0.0000000000
44867  -42.862  -43.384  43.724 0.0000000000
48419  -45.320  -40.641  44.585 0.0000000000
47222  -45.153  -41.336  44.559 0.0000000000
48444  -44.900  -40.689  43.983 0.0000000000
47277  -42.616  -41.307  41.974 0.0000000000
47261  -42.928  -41.567  42.738 0.0000000000
46062  -42.104  -42.366  42.559 0.0000000000
46077  -41.195  -42.339  41.923 0.0000000000
46087  -40.919  -41.913  41.310 0.0000000000
48484  -39.857  -40.985  40.309 0.0000000000
47291  -39.956  -41.612  40.636 0.0000000000
47301  -39.495  -41.331  40.239 0.0000000000
47300  -38.763  -41.606  39.992 0.0000000000
48495  -38.479  -40.560  39.301 0.0000000000
49705  -39.599  -39.136  39.218 0.0000000000
50841  -40.108  -38.679  39.319 0.0000000000
50858  -40.443  -38.080  39.197 0.0000000000
51910  -43.608  -37.682  41.284 0.0000000000
50845  -43.019  -38.389  40.365 0.0000000000
51924  -43.345  -37.930  40.572 0.0000000000
51934  -42.452  -37.620  39.465 0.0000000000
51952  -41.568  -37.261  38.828 0.0000000000
54125  -42.184  -35.785  38.649 0.0000000000
78512  -58.681  -13.252  42.561 0.0000000000
78521  -59.260  -12.578  41.622 0.0000000000
79567  -59.716  -12.252  40.725 0.0000000000
79582  -60.235  -11.727  40.324 0.0000000000
30663  -30.938  -53.963  55.372 0.0000000000
30673  -30.469  -54.663  54.642 0.0000000000
30674  -31.149  -54.471  54.566 0.0000000000
29311  -31.734  -55.532  53.173 0.0000000000
29310  -31.131  -55.509  53.662 0.0000000000
27928  -31.393  -56.688  52.771 0.0000000000
26608  -30.840  -56.962  52.686 0.0000000000
33351  -33.373  -52.820  51.606 0.0000000000
32069  -32.969  -53.592  52.091 0.0000000000
30701  -33.254  -54.599  51.648 0.0000000000
27950  -33.443  -56.090  50.786 0.0000000000
27938  -32.868  -56.304  51.670 0.0000000000
26630  -32.135  -57.388  51.459 0.0000000000
25405  -31.900  -58.041  51.138 0.0000000000
27973  -32.367  -56.409  49.476 0.0000000000
27961  -32.229  -56.911  49.640 0.0000000000
57112  -42.059  -32.607  38.446 0.0000000000
58127  -42.726  -31.961  39.283 0.0000000000
59205  -43.773  -30.880  39.232 0.0000000000
58138  -43.215  -31.137  38.744 0.0000000000
59199  -46.367  -30.414  40.622 0.0000000000
59198  -45.577  -30.577  40.304 0.0000000000
59208  -45.758  -30.214  40.185 0.0000000000
61488  -45.196  -28.721  38.681 0.0000000000
62713  -51.178  -27.808  36.997 0.0000000000
36019  -38.040  -50.206  49.715 0.0000000000
36048  -39.579  -50.301  47.121 0.0000000000
36047  -38.578  -50.326  47.328 0.0000000000
36059  -38.763  -50.781  46.357 0.0000000000
34700  -38.813  -51.493  45.678 0.0000000000
36062  -41.206  -50.059  46.283 0.0000000000
34723  -39.696  -51.386  44.850 0.0000000000
34713  -39.858  -51.340  45.048 0.0000000000
33426  -39.013  -51.971  44.997 0.0000000000
34721  -38.550  -52.038  44.508 0.0000000000
33452  -38.149  -52.329  44.462 0.0000000000
34736  -38.688  -51.727  44.376 0.0000000000
37416  -37.694  -50.404  43.464 0.0000000000
36100  -36.824  -50.008  43.144 0.0000000000
42616  -43.517  -45.677  45.022 0.0000000000
41411  -41.793  -46.396  43.559 0.0000000000
40097  -41.085  -47.347  43.355 0.0000000000
40103  -40.818  -47.160  42.767 0.0000000000
42661  -39.372  -45.589  41.226 0.0000000000
42662  -40.115  -45.615  41.824 0.0000000000
40119  -39.562  -46.908  41.902 0.0000000000
40118  -39.051  -47.296  41.768 0.0000000000
38785  -39.055  -47.823  42.190 0.0000000000
38768  -38.879  -48.318  42.546 0.0000000000
38784  -38.555  -47.740  42.096 0.0000000000
40115  -36.102  -47.812  41.839 0.0000000000
40099  -36.846  -47.882  42.236 0.0000000000
38782  -36.018  -48.326  42.358 0.0000000000
48506  -37.424  -40.526  38.646 0.0000000000
48519  -36.520  -40.597  37.849 0.0000000000
48520  -37.088  -39.970  38.110 0.0000000000
33303  -30.982  -52.714  56.400 0.0000000000
34609  -34.726  -50.827  54.275 0.0000000000
35972  -39.920  -49.685  51.632 0.0000000000
37296  -43.333  -48.673  49.593 0.0000000000
37295  -42.875  -48.852  49.860 0.0000000000
37319  -42.726  -49.251  49.211 0.0000000000
37346  -43.147  -49.005  48.627 0.0000000000
37366  -42.949  -49.077  48.181 0.0000000000
40012  -44.778  -47.327  48.015 0.0000000000
40029  -44.566  -47.182  47.227 0.0000000000
41340  -46.055  -46.134  47.647 0.0000000000
42585  -46.262  -45.164  47.323 0.0000000000
45973  -47.459  -42.466  47.961 0.0000000000
45989  -46.987  -42.449  47.265 0.0000000000
51810  -46.148  -37.620  50.501 0.0000000000
55028  -45.152  -34.900  50.573 0.0000000000
55018  -45.088  -34.343  51.440 0.0000000000
56928  -45.830  -32.396  52.214 0.0000000000
56940  -45.475  -32.625  51.397 0.0000000000
56959  -45.893  -32.132  50.452 0.0000000000
57995  -49.039  -31.604  50.412 0.0000000000
56961  -48.216  -31.718  51.183 0.0000000000
57994  -47.962  -31.525  50.110 0.0000000000
58029  -48.428  -31.627  48.148 0.0000000000
58043  -50.654  -32.100  47.515 0.0000000000
57007  -50.090  -32.235  47.181 0.0000000000
57023  -50.265  -31.983  46.250 0.0000000000
58035  -53.956  -30.786  48.339 0.0000000000
58033  -52.594  -31.265  48.660 0.0000000000
59147  -52.701  -30.772  45.585 0.0000000000
58057  -52.293  -31.344  46.614 0.0000000000
58082  -51.888  -30.913  45.254 0.0000000000
58068  -51.499  -31.232  45.474 0.0000000000
59159  -51.777  -30.749  44.546 0.0000000000
59174  -51.548  -30.648  43.914 0.0000000000
59175  -52.763  -30.212  44.141 0.0000000000
60247  -53.199  -29.796  43.531 0.0000000000
60277  -53.048  -29.191  41.901 0.0000000000
60278  -54.113  -29.073  41.822 0.0000000000
60238  -56.264  -29.045  44.316 0.0000000000
60250  -56.254  -28.721  43.387 0.0000000000
61420  -55.339  -28.509  41.080 0.0000000000
61419  -54.506  -28.671  40.984 0.0000000000
62690  -54.890  -27.458  39.070 0.0000000000
61496  -54.913  -27.719  38.979 0.0000000000
62689  -54.577  -27.281  38.579 0.0000000000
62715  -54.178  -26.988  37.757 0.0000000000
63922  -53.937  -26.382  38.372 0.0000000000
67625  -59.145  -23.569  44.262 0.0000000000
66346  -59.196  -24.018  44.547 0.0000000000
66345  -58.720  -24.398  43.995 0.0000000000
65131  -58.048  -25.194  43.590 0.0000000000
66363  -58.095  -24.478  43.315 0.0000000000
71071  -58.425  -20.698  42.889 0.0000000000
69899  -58.823  -21.541  43.653 0.0000000000
69907  -58.413  -21.623  42.937 0.0000000000
67658  -56.793  -23.759  42.215 0.0000000000
66383  -56.924  -24.296  42.396 0.0000000000
66382  -56.235  -24.725  42.011 0.0000000000
65140  -55.604  -25.823  41.398 0.0000000000
66381  -55.517  -24.710  41.474 0.0000000000
66422  -53.753  -24.335  39.398 0.0000000000
66402  -54.318  -24.589  40.190 0.0000000000
66443  -53.610  -24.683  38.974 0.0000000000
65185  -53.737  -25.193  38.792 0.0000000000
66442  -53.340  -24.481  38.684 0.0000000000
66456  -52.462  -24.797  37.237 0.0000000000
67709  -52.720  -24.014  37.984 0.0000000000
69964  -52.711  -22.018  38.190 0.0000000000
68888  -52.083  -22.542  37.215 0.0000000000
69976  -52.605  -21.770  37.683 0.0000000000
69986  -51.784  -21.979  36.166 0.0000000000
69987  -52.165  -21.735  36.544 0.0000000000
72219  -55.188  -19.303  39.077 0.0000000000
71109  -54.652  -20.353  39.109 0.0000000000
72218  -54.679  -19.662  38.602 0.0000000000
73342  -53.685  -18.935  36.783 0.0000000000
72245  -53.663  -19.371  37.175 0.0000000000
72256  -53.014  -19.642  36.506 0.0000000000
71160  -52.287  -20.413  35.541 0.0000000000
77348  -58.056  -15.163  41.712 0.0000000000
76306  -57.654  -15.850  41.022 0.0000000000
76326  -57.093  -15.013  39.083 0.0000000000
76334  -55.976  -16.152  38.442 0.0000000000
76335  -56.172  -15.507  37.804 0.0000000000
77378  -58.019  -14.040  37.817 0.0000000000
77377  -57.440  -14.406  38.399 0.0000000000
76346  -56.509  -15.602  36.501 0.0000000000
75316  -55.813  -16.047  36.128 0.0000000000
32065  -26.765  -53.265  52.621 0.0000000000
32094  -27.010  -53.370  50.392 0.0000000000
32110  -26.350  -53.111  49.479 0.0000000000
30768  -28.064  -54.530  47.814 0.0000000000
29308  -30.321  -55.475  53.342 0.0000000000
29335  -29.951  -55.682  51.971 0.0000000000
30714  -29.594  -54.906  51.459 0.0000000000
29345  -29.666  -55.785  50.934 0.0000000000
27960  -29.379  -56.969  49.750 0.0000000000
29355  -28.996  -55.556  49.171 0.0000000000
24189  -29.829  -59.988  48.788 0.0000000000
36034  -37.161  -50.137  48.626 0.0000000000
36045  -36.450  -50.570  47.852 0.0000000000
33388  -35.953  -52.663  47.554 0.0000000000
34688  -35.590  -51.972  47.695 0.0000000000
33375  -35.852  -53.319  47.952 0.0000000000
32131  -35.507  -54.031  48.481 0.0000000000
32132  -35.908  -53.843  47.748 0.0000000000
32186  -36.152  -53.261  45.708 0.0000000000
32173  -36.254  -53.468  46.263 0.0000000000
32152  -34.553  -53.963  47.290 0.0000000000
32153  -34.996  -53.954  47.115 0.0000000000
30771  -32.679  -54.681  48.063 0.0000000000
29394  -31.306  -55.081  47.167 0.0000000000
34728  -31.546  -51.170  43.900 0.0000000000
34717  -32.262  -51.479  44.498 0.0000000000
34716  -31.167  -51.829  44.679 0.0000000000
33417  -30.626  -52.723  45.130 0.0000000000
33434  -30.870  -52.308  44.988 0.0000000000
32184  -31.187  -53.217  46.132 0.0000000000
32183  -30.594  -53.449  45.573 0.0000000000
29400  -30.399  -55.428  45.586 0.0000000000
54049  -44.050  -35.809  47.064 0.0000000000
54048  -43.741  -35.408  46.904 0.0000000000
50728  -45.720  -38.333  48.144 0.0000000000
50740  -45.796  -38.618  47.592 0.0000000000
51847  -44.773  -37.847  46.683 0.0000000000
51857  -44.163  -37.737  45.309 0.0000000000
52971  -44.100  -36.448  46.889 0.0000000000
62744  -51.719  -27.300  34.692 0.0000000000
63965  -51.146  -26.355  34.340 0.0000000000
65240  -50.888  -25.659  33.921 0.0000000000
65227  -51.063  -26.050  34.311 0.0000000000
34636  -35.741  -50.743  52.168 0.0000000000
34648  -35.932  -50.725  51.756 0.0000000000
35967  -35.708  -50.822  51.123 0.0000000000
36016  -35.473  -50.772  50.136 0.0000000000
58145  -41.599  -31.988  37.353 0.0000000000
57084  -47.905  -31.972  42.992 0.0000000000
58107  -48.095  -31.322  42.495 0.0000000000
59185  -48.529  -30.656  42.296 0.0000000000
60258  -48.980  -30.115  42.331 0.0000000000
60259  -50.050  -30.035  42.471 0.0000000000
60260  -51.336  -30.044  42.922 0.0000000000
38720  -43.485  -47.976  46.967 0.0000000000
38745  -43.361  -47.623  46.392 0.0000000000
40066  -42.732  -47.293  45.460 0.0000000000
46094  -38.023  -42.643  39.936 0.0000000000
44912  -38.247  -43.637  40.188 0.0000000000
44911  -37.686  -43.634  39.549 0.0000000000
43818  -36.482  -44.163  38.423 0.0000000000
42700  -35.809  -44.432  37.877 0.0000000000
43833  -35.643  -44.109  37.381 0.0000000000
44948  -35.188  -43.584  36.786 0.0000000000
54144  -41.075  -35.648  37.514 0.0000000000
54167  -40.501  -35.262  36.934 0.0000000000
74275  -58.122  -17.711  43.060 0.0000000000
73297  -57.152  -18.547  40.996 0.0000000000
74285  -57.111  -17.998  40.774 0.0000000000
74295  -57.222  -17.207  40.763 0.0000000000
75272  -57.154  -16.812  40.409 0.0000000000
32025  -28.616  -53.405  55.644 0.0000000000
36085  -36.019  -50.815  43.402 0.0000000000
55113  -42.961  -34.918  40.814 0.0000000000
56073  -43.312  -34.096  41.923 0.0000000000
56013  -44.528  -33.030  46.405 0.0000000000
56028  -44.491  -33.381  45.283 0.0000000000
56014  -45.185  -32.600  46.206 0.0000000000
57038  -46.675  -32.115  45.717 0.0000000000
44808  -46.394  -43.223  46.589 0.0000000000
44832  -45.990  -42.724  46.066 0.0000000000
44854  -45.047  -42.581  45.118 0.0000000000
46024  -44.776  -41.984  44.598 0.0000000000
48443  -44.505  -40.308  43.128 0.0000000000
48456  -43.895  -40.335  42.391 0.0000000000
48469  -41.781  -40.907  41.339 0.0000000000
47293  -41.327  -41.399  41.342 0.0000000000
48485  -40.508  -40.489  40.455 0.0000000000
48497  -40.208  -39.894  40.096 0.0000000000
49690  -40.949  -39.342  40.066 0.0000000000
50843  -41.806  -38.530  39.656 0.0000000000
53036  -43.451  -37.017  40.564 0.0000000000
53024  -43.556  -36.828  41.406 0.0000000000
53035  -42.971  -36.439  40.019 0.0000000000
53046  -42.635  -36.646  39.336 0.0000000000
54103  -42.745  -35.800  40.156 0.0000000000
32029  -31.641  -53.226  54.955 0.0000000000
30675  -31.530  -54.037  54.270 0.0000000000
30687  -31.879  -54.403  53.410 0.0000000000
32082  -34.119  -54.125  50.683 0.0000000000
30715  -33.892  -54.737  50.899 0.0000000000
29346  -33.888  -55.453  50.649 0.0000000000
27963  -33.232  -56.194  50.405 0.0000000000
29357  -33.310  -55.708  49.659 0.0000000000
57105  -43.418  -32.211  40.051 0.0000000000
59206  -44.540  -30.656  39.562 0.0000000000
60302  -45.926  -29.706  39.987 0.0000000000
61466  -46.069  -28.939  39.471 0.0000000000
61444  -50.773  -28.324  40.430 0.0000000000
62663  -51.227  -27.746  38.791 0.0000000000
61509  -51.857  -28.190  37.608 0.0000000000
61494  -53.575  -28.357  38.287 0.0000000000
36021  -40.161  -49.787  49.219 0.0000000000
37395  -40.820  -49.579  45.429 0.0000000000
36069  -40.474  -50.547  45.455 0.0000000000
36073  -39.395  -50.832  44.351 0.0000000000
36088  -38.733  -51.103  44.094 0.0000000000
43751  -42.725  -45.175  44.163 0.0000000000
42634  -42.505  -45.602  43.891 0.0000000000
42633  -42.115  -45.557  43.511 0.0000000000
42653  -41.428  -45.463  43.092 0.0000000000
41429  -38.997  -46.400  41.318 0.0000000000
40130  -37.895  -46.644  40.786 0.0000000000
38783  -38.013  -47.651  42.000 0.0000000000
40128  -36.325  -46.932  41.091 0.0000000000
37277  -40.542  -49.397  51.425 0.0000000000
38666  -43.740  -48.511  49.440 0.0000000000
38680  -43.783  -48.621  48.825 0.0000000000
38667  -44.447  -48.161  49.341 0.0000000000
43694  -47.033  -44.380  48.127 0.0000000000
55935  -45.408  -33.350  53.554 0.0000000000
56918  -45.863  -32.457  53.139 0.0000000000
56929  -46.604  -31.974  52.633 0.0000000000
58012  -49.786  -31.626  49.411 0.0000000000
58030  -49.371  -31.788  48.416 0.0000000000
58044  -51.169  -31.853  47.637 0.0000000000
59116  -54.717  -30.066  47.962 0.0000000000
59115  -54.180  -30.352  48.566 0.0000000000
58047  -53.815  -30.957  48.205 0.0000000000
58046  -53.408  -31.097  47.896 0.0000000000
59138  -53.583  -30.624  47.278 0.0000000000
59148  -53.357  -30.639  46.003 0.0000000000
59161  -53.501  -29.874  44.923 0.0000000000
59177  -54.075  -30.098  44.018 0.0000000000
60248  -54.344  -29.782  43.793 0.0000000000
61383  -56.645  -28.216  43.317 0.0000000000
60265  -56.350  -28.386  42.786 0.0000000000
61398  -56.149  -28.254  42.179 0.0000000000
61421  -55.896  -28.165  41.475 0.0000000000
61449  -55.666  -28.097  40.646 0.0000000000
62665  -55.161  -27.416  39.566 0.0000000000
63905  -55.037  -26.890  39.683 0.0000000000
68791  -59.379  -22.459  45.031 0.0000000000
71085  -57.014  -20.810  41.659 0.0000000000
69906  -57.691  -21.716  42.451 0.0000000000
69920  -56.808  -21.879  41.911 0.0000000000
68825  -56.268  -22.624  41.614 0.0000000000
67656  -55.462  -23.485  41.287 0.0000000000
66403  -54.749  -24.709  40.984 0.0000000000
67670  -54.381  -23.445  40.107 0.0000000000
67691  -54.042  -23.115  39.482 0.0000000000
67710  -53.129  -23.321  38.625 0.0000000000
68862  -53.601  -22.533  39.076 0.0000000000
69950  -53.604  -21.933  39.069 0.0000000000
69965  -53.259  -21.731  38.526 0.0000000000
72230  -54.457  -19.272  38.089 0.0000000000
73320  -54.482  -18.875  37.906 0.0000000000
73358  -53.459  -18.787  35.930 0.0000000000
77404  -58.138  -14.678  36.521 0.0000000000
76347  -57.494  -15.147  36.355 0.0000000000
32063  -24.869  -53.659  53.394 0.0000000000
32111  -27.359  -53.441  49.417 0.0000000000
32129  -28.334  -54.040  48.860 0.0000000000
26658  -29.119  -57.675  48.687 0.0000000000
25421  -28.880  -58.264  47.909 0.0000000000
24200  -29.621  -59.839  48.033 0.0000000000
34690  -37.195  -51.148  46.551 0.0000000000
34698  -36.959  -51.970  46.444 0.0000000000
33389  -36.480  -52.954  47.079 0.0000000000
32154  -36.216  -53.629  47.139 0.0000000000
33421  -34.801  -52.518  45.423 0.0000000000
33406  -34.521  -53.012  46.334 0.0000000000
32151  -33.481  -53.947  47.462 0.0000000000
30801  -30.178  -54.464  44.757 0.0000000000
54075  -43.439  -35.656  43.796 0.0000000000
55096  -43.388  -34.869  43.200 0.0000000000
55075  -43.399  -34.667  45.332 0.0000000000
55059  -43.723  -34.368  47.376 0.0000000000
56001  -43.809  -33.755  46.691 0.0000000000
57002  -45.457  -32.526  47.805 0.0000000000
48393  -46.720  -40.552  47.331 0.0000000000
48406  -46.179  -40.818  46.225 0.0000000000
49610  -46.086  -40.344  45.820 0.0000000000
49609  -45.748  -39.922  45.307 0.0000000000
50751  -45.640  -38.981  46.648 0.0000000000
49618  -45.015  -39.801  44.377 0.0000000000
49617  -44.664  -39.597  43.536 0.0000000000
49638  -44.509  -39.428  42.850 0.0000000000
50817  -43.911  -38.994  42.023 0.0000000000
50834  -43.122  -38.797  41.005 0.0000000000
51911  -43.857  -38.274  41.967 0.0000000000
53014  -43.861  -37.605  42.610 0.0000000000
51867  -43.761  -37.432  44.096 0.0000000000
51888  -43.824  -37.352  43.357 0.0000000000
53003  -43.880  -37.278  42.968 0.0000000000
53002  -43.676  -36.666  43.378 0.0000000000
65241  -51.013  -25.052  33.515 0.0000000000
34621  -34.147  -51.282  53.820 0.0000000000
34633  -33.481  -51.723  53.312 0.0000000000
33344  -33.685  -51.973  51.948 0.0000000000
33352  -33.854  -52.283  51.245 0.0000000000
33358  -33.562  -53.031  50.925 0.0000000000
32098  -34.464  -53.836  50.148 0.0000000000
30731  -34.815  -54.661  49.870 0.0000000000
30742  -35.276  -54.702  49.297 0.0000000000
58112  -46.097  -31.458  41.481 0.0000000000
58121  -46.352  -30.979  41.150 0.0000000000
58114  -47.546  -31.088  42.044 0.0000000000
59192  -47.549  -30.567  41.512 0.0000000000
59200  -47.056  -30.410  41.022 0.0000000000
61468  -47.998  -28.131  39.482 0.0000000000
61443  -49.713  -28.285  40.453 0.0000000000
37364  -41.717  -49.582  47.097 0.0000000000
37385  -41.720  -49.444  46.657 0.0000000000
37396  -41.498  -49.267  46.067 0.0000000000
38742  -40.655  -49.090  44.941 0.0000000000
44899  -40.705  -43.650  42.133 0.0000000000
43798  -40.349  -44.752  42.077 0.0000000000
42666  -38.845  -45.235  40.637 0.0000000000
43810  -37.894  -44.475  39.909 0.0000000000
42665  -38.168  -45.297  40.226 0.0000000000
41450  -37.230  -45.793  39.562 0.0000000000
42673  -35.754  -45.487  38.845 0.0000000000
42685  -34.973  -45.098  38.221 0.0000000000
42697  -34.285  -44.725  37.626 0.0000000000
43832  -35.236  -44.413  37.176 0.0000000000
51972  -39.091  -36.999  38.126 0.0000000000
51971  -38.465  -37.399  37.761 0.0000000000
53084  -38.363  -36.646  37.328 0.0000000000
53108  -38.303  -36.147  36.822 0.0000000000
61313  -55.814  -28.692  47.181 0.0000000000
60215  -56.101  -28.994  46.234 0.0000000000
61351  -56.605  -28.756  45.324 0.0000000000
61370  -56.975  -28.256  44.487 0.0000000000
62571  -57.532  -27.657  45.577 0.0000000000
62589  -57.394  -27.728  44.744 0.0000000000
61384  -56.912  -27.922  43.972 0.0000000000
61400  -56.932  -27.770  43.349 0.0000000000
62622  -57.123  -27.357  43.123 0.0000000000
63872  -57.231  -26.684  43.006 0.0000000000
72164  -59.590  -20.099  44.837 0.0000000000
71063  -59.321  -20.618  44.370 0.0000000000
72173  -59.385  -19.919  44.413 0.0000000000
72182  -58.196  -19.567  42.585 0.0000000000
71099  -55.691  -20.719  40.033 0.0000000000
69952  -55.047  -20.966  39.760 0.0000000000
71111  -55.918  -20.132  40.057 0.0000000000
73314  -56.051  -18.742  39.497 0.0000000000
73313  -55.538  -18.433  38.902 0.0000000000
78537  -58.572  -13.077  39.284 0.0000000000
78536  -58.027  -13.772  38.928 0.0000000000
30713  -29.294  -54.271  51.048 0.0000000000
25394  -30.692  -58.422  51.391 0.0000000000
24174  -29.954  -59.685  49.456 0.0000000000
22853  -31.117  -60.459  49.241 0.0000000000
32197  -37.434  -52.925  44.980 0.0000000000
32187  -36.987  -53.048  45.466 0.0000000000
33422  -36.004  -52.840  45.216 0.0000000000
33435  -35.094  -52.159  44.558 0.0000000000
56094  -41.679  -34.308  38.188 0.0000000000
56095  -42.060  -33.947  38.592 0.0000000000
56086  -43.127  -33.089  40.096 0.0000000000
57095  -43.629  -32.610  40.626 0.0000000000
56054  -43.597  -34.042  43.424 0.0000000000
56055  -44.203  -33.504  43.616 0.0000000000
56067  -44.591  -33.071  43.233 0.0000000000
57090  -45.636  -32.001  42.006 0.0000000000
57071  -48.701  -31.979  43.727 0.0000000000
57072  -49.426  -31.653  43.876 0.0000000000
41375  -44.810  -46.209  46.076 0.0000000000
41374  -44.307  -46.525  45.848 0.0000000000
42603  -44.503  -45.636  45.599 0.0000000000
42617  -44.024  -45.497  45.169 0.0000000000
43753  -43.780  -45.224  44.952 0.0000000000
44830  -44.413  -43.945  45.396 0.0000000000
44829  -43.981  -44.250  45.192 0.0000000000
43752  -43.311  -44.714  44.571 0.0000000000
43765  -42.859  -44.016  44.143 0.0000000000
43786  -42.120  -44.002  43.073 0.0000000000
47204  -45.584  -41.402  45.209 0.0000000000
46045  -44.299  -41.898  44.031 0.0000000000
47246  -44.053  -41.263  43.449 0.0000000000
46044  -43.572  -42.420  43.764 0.0000000000
46043  -42.827  -42.449  43.246 0.0000000000
44885  -41.723  -43.454  42.807 0.0000000000
44900  -41.234  -43.229  42.417 0.0000000000
46076  -40.561  -42.918  41.778 0.0000000000
44905  -40.242  -43.347  41.651 0.0000000000
46085  -39.502  -42.691  40.758 0.0000000000
46084  -38.756  -42.701  40.374 0.0000000000
47299  -37.901  -41.680  39.534 0.0000000000
47309  -37.351  -41.716  39.006 0.0000000000
47308  -36.857  -41.737  38.501 0.0000000000
49688  -39.293  -39.790  39.414 0.0000000000
49703  -38.158  -39.421  38.545 0.0000000000
50856  -38.815  -38.487  38.420 0.0000000000
51950  -39.578  -37.438  38.427 0.0000000000
50844  -42.603  -38.563  39.971 0.0000000000
51933  -41.666  -37.786  39.304 0.0000000000
51932  -41.031  -37.722  39.203 0.0000000000
53062  -40.420  -36.687  38.222 0.0000000000
53087  -40.848  -36.237  37.912 0.0000000000
55130  -41.783  -34.911  37.992 0.0000000000
76288  -58.325  -15.565  42.987 0.0000000000
76298  -58.288  -15.227  42.291 0.0000000000
78528  -58.949  -12.916  40.468 0.0000000000
79580  -59.251  -12.581  39.454 0.0000000000
80606  -60.147  -11.609  38.616 0.0000000000
80619  -59.931  -11.818  37.990 0.0000000000
29294  -30.340  -55.231  54.033 0.0000000000
29309  -30.643  -55.614  53.499 0.0000000000
27915  -30.543  -56.205  52.882 0.0000000000
25385  -30.964  -57.993  51.878 0.0000000000
32055  -32.684  -53.074  52.806 0.0000000000
30700  -32.724  -54.569  52.418 0.0000000000
29325  -32.537  -55.494  52.496 0.0000000000
29337  -33.376  -55.443  51.415 0.0000000000
29336  -32.969  -55.639  51.883 0.0000000000
25395  -31.395  -58.290  51.386 0.0000000000
25404  -31.634  -58.476  50.719 0.0000000000
57118  -41.785  -32.519  37.890 0.0000000000
59225  -42.531  -30.439  37.394 0.0000000000
58130  -44.999  -30.908  40.146 0.0000000000
59217  -44.727  -30.208  39.309 0.0000000000
60301  -45.370  -29.744  39.524 0.0000000000
60309  -44.803  -29.652  39.074 0.0000000000
61522  -51.574  -28.030  36.424 0.0000000000
61535  -51.586  -27.951  35.475 0.0000000000
62727  -52.770  -27.367  36.332 0.0000000000
33408  -38.067  -52.241  45.511 0.0000000000
34702  -39.953  -51.148  45.462 0.0000000000
34701  -39.557  -51.274  45.607 0.0000000000
34711  -38.991  -51.731  45.338 0.0000000000
33425  -38.601  -52.193  45.136 0.0000000000
32199  -38.187  -52.596  45.090 0.0000000000
33451  -37.562  -52.316  44.271 0.0000000000
34734  -37.357  -51.657  43.809 0.0000000000
36087  -37.913  -51.021  43.747 0.0000000000
36099  -36.274  -50.135  43.248 0.0000000000
37427  -35.534  -49.579  42.999 0.0000000000
41373  -43.684  -46.316  45.406 0.0000000000
40089  -42.937  -46.873  45.294 0.0000000000
40088  -42.539  -46.922  44.866 0.0000000000
41395  -42.399  -46.358  44.148 0.0000000000
41394  -41.995  -46.613  43.983 0.0000000000
38755  -41.085  -47.894  44.139 0.0000000000
38761  -40.765  -47.932  43.764 0.0000000000
37432  -39.863  -48.314  43.082 0.0000000000
41418  -40.372  -46.282  42.255 0.0000000000
40102  -40.237  -47.189  42.443 0.0000000000
38770  -40.016  -47.818  42.813 0.0000000000
40100  -37.215  -48.003  42.342 0.0000000000
38765  -35.855  -48.833  42.636 0.0000000000
38764  -34.937  -48.882  42.488 0.0000000000
51970  -37.601  -37.485  37.356 0.0000000000
52944  -45.327  -36.244  49.859 0.0000000000
54011  -45.218  -35.548  50.392 0.0000000000
52931  -45.404  -36.190  50.779 0.0000000000
53991  -45.476  -35.431  52.201 0.0000000000
32023  -26.087  -52.876  55.863 0.0000000000
32011  -28.156  -53.170  56.714 0.0000000000
30650  -30.011  -54.247  56.031 0.0000000000
32012  -29.540  -53.470  56.534 0.0000000000
32027  -30.917  -53.785  55.824 0.0000000000
32028  -31.270  -53.558  55.412 0.0000000000
33313  -31.516  -52.964  55.993 0.0000000000
33314  -31.719  -52.807  55.436 0.0000000000
33324  -32.117  -52.469  54.753 0.0000000000
34607  -32.779  -51.638  54.802 0.0000000000
34608  -33.965  -50.901  54.780 0.0000000000
35926  -35.836  -50.668  53.192 0.0000000000
40042  -44.765  -46.807  46.983 0.0000000000
40013  -45.684  -46.724  48.474 0.0000000000
41361  -45.073  -46.334  46.757 0.0000000000
42584  -45.789  -45.433  46.925 0.0000000000
43713  -46.149  -44.431  46.880 0.0000000000
44790  -46.572  -43.970  47.352 0.0000000000
44809  -46.845  -42.804  46.973 0.0000000000
47192  -46.767  -42.084  47.060 0.0000000000
47185  -46.994  -41.688  47.449 0.0000000000
47175  -47.587  -41.692  48.292 0.0000000000
48385  -47.080  -40.811  47.799 0.0000000000
49576  -47.042  -39.777  48.114 0.0000000000
51828  -46.154  -38.179  49.055 0.0000000000
51819  -45.800  -37.132  49.770 0.0000000000
55040  -45.121  -35.126  50.151 0.0000000000
55027  -44.921  -34.276  50.664 0.0000000000
55966  -44.744  -33.718  50.315 0.0000000000
55954  -45.051  -33.418  51.238 0.0000000000
55967  -44.917  -33.510  50.756 0.0000000000
56975  -44.830  -33.300  50.050 0.0000000000
56976  -45.223  -32.841  49.631 0.0000000000
56989  -46.180  -32.189  48.325 0.0000000000
56942  -47.474  -31.688  51.967 0.0000000000
56943  -48.311  -31.525  51.881 0.0000000000
57993  -46.873  -31.673  49.768 0.0000000000
58027  -46.775  -31.869  48.278 0.0000000000
58041  -47.753  -31.778  47.665 0.0000000000
57005  -48.262  -31.948  47.382 0.0000000000
57021  -48.464  -32.268  46.358 0.0000000000
56993  -49.632  -32.112  47.753 0.0000000000
57006  -49.178  -32.097  47.101 0.0000000000
57041  -49.444  -32.191  45.358 0.0000000000
57056  -49.520  -31.924  44.522 0.0000000000
58079  -50.061  -31.526  44.178 0.0000000000
58014  -51.769  -31.164  49.581 0.0000000000
58032  -51.511  -31.580  48.532 0.0000000000
57009  -51.477  -31.993  47.136 0.0000000000
57025  -51.786  -31.746  46.823 0.0000000000
57024  -51.165  -31.870  46.595 0.0000000000
58055  -50.900  -31.594  45.830 0.0000000000
58080  -50.711  -31.340  44.469 0.0000000000
58096  -50.640  -31.142  43.976 0.0000000000
59173  -50.552  -30.769  43.534 0.0000000000
59188  -50.954  -30.489  43.358 0.0000000000
60263  -54.769  -29.266  42.667 0.0000000000
60264  -55.717  -28.753  42.564 0.0000000000
61495  -54.392  -27.990  38.500 0.0000000000
62714  -53.729  -27.381  37.316 0.0000000000
62728  -53.372  -27.106  36.811 0.0000000000
63940  -53.183  -26.378  37.104 0.0000000000
65116  -58.244  -25.556  44.107 0.0000000000
65115  -57.658  -25.944  43.505 0.0000000000
65129  -56.750  -25.819  42.444 0.0000000000
69900  -59.184  -21.488  44.301 0.0000000000
68800  -58.785  -22.475  43.605 0.0000000000
68809  -57.648  -22.633  42.555 0.0000000000
67641  -58.019  -23.679  43.025 0.0000000000
66362  -57.360  -24.621  42.749 0.0000000000
66361  -56.642  -25.062  42.397 0.0000000000
63891  -54.928  -26.385  40.081 0.0000000000
65151  -54.620  -25.628  40.146 0.0000000000
65200  -53.275  -26.111  37.619 0.0000000000
65199  -53.001  -25.864  37.334 0.0000000000
66466  -52.045  -24.433  36.621 0.0000000000
67730  -51.716  -23.745  36.324 0.0000000000
68875  -52.610  -22.688  38.084 0.0000000000
67722  -51.775  -23.465  36.777 0.0000000000
68895  -51.570  -22.537  36.136 0.0000000000
68913  -51.337  -22.425  35.062 0.0000000000
69966  -53.912  -20.839  38.758 0.0000000000
71121  -53.590  -20.665  38.130 0.0000000000
72246  -53.943  -19.651  37.728 0.0000000000
71133  -53.378  -20.229  37.390 0.0000000000
71132  -52.849  -20.954  37.074 0.0000000000
70004  -52.209  -21.094  35.858 0.0000000000
71159  -51.898  -20.958  35.211 0.0000000000
76305  -57.323  -16.380  40.631 0.0000000000
75291  -56.085  -16.786  38.519 0.0000000000
76336  -56.820  -15.024  37.142 0.0000000000
75315  -55.472  -16.728  36.679 0.0000000000
32077  -25.736  -53.387  51.788 0.0000000000
32127  -26.887  -53.188  48.492 0.0000000000
30672  -29.884  -54.785  54.233 0.0000000000
29324  -30.085  -55.456  52.739 0.0000000000
26628  -30.071  -57.455  51.246 0.0000000000
27948  -29.798  -56.986  50.565 0.0000000000
30741  -29.388  -55.365  50.297 0.0000000000
30753  -28.576  -54.755  48.732 0.0000000000
30769  -28.416  -55.166  48.160 0.0000000000
36017  -36.116  -50.480  49.925 0.0000000000
36032  -35.454  -50.805  49.358 0.0000000000
34679  -35.841  -51.181  47.911 0.0000000000
34678  -35.203  -51.653  48.571 0.0000000000
33373  -34.907  -52.916  48.787 0.0000000000
32115  -35.403  -54.495  49.000 0.0000000000
29373  -35.433  -55.062  48.982 0.0000000000
30787  -36.245  -53.565  46.670 0.0000000000
30775  -36.142  -53.728  46.909 0.0000000000
32172  -35.283  -53.507  46.472 0.0000000000
30785  -35.443  -53.994  47.134 0.0000000000
30774  -35.690  -54.067  47.474 0.0000000000
29372  -34.856  -55.196  49.056 0.0000000000
30754  -32.750  -55.128  48.618 0.0000000000
29369  -32.055  -55.766  48.686 0.0000000000
27986  -31.251  -56.694  48.111 0.0000000000
36082  -32.990  -50.436  43.325 0.0000000000
36081  -31.963  -50.568  43.290 0.0000000000
34707  -31.492  -52.032  45.097 0.0000000000
33403  -31.650  -52.936  46.205 0.0000000000
30784  -31.117  -54.438  46.858 0.0000000000
30783  -30.783  -54.496  46.451 0.0000000000
29384  -31.131  -55.521  47.251 0.0000000000
26670  -31.156  -57.462  47.387 0.0000000000
25396  -31.788  -57.919  51.383 0.0000000000
26609  -31.147  -56.908  52.743 0.0000000000
27917  -31.430  -56.135  53.077 0.0000000000
29360  -35.440  -54.939  49.204 0.0000000000
30651  -30.240  -54.000  56.271 0.0000000000
30716  -34.408  -54.505  50.418 0.0000000000
30743  -35.465  -54.749  48.914 0.0000000000
32097  -33.932  -53.535  50.663 0.0000000000
32130  -35.300  -53.533  48.681 0.0000000000
32189  -38.396  -52.445  45.119 0.0000000000
32198  -37.808  -52.828  45.055 0.0000000000
33335  -32.250  -52.700  53.979 0.0000000000
33424  -38.191  -52.447  45.252 0.0000000000
33440  -38.814  -52.102  44.921 0.0000000000
34595  -31.670  -52.477  55.733 0.0000000000
35994  -35.576  -50.840  50.640 0.0000000000
38781  -35.368  -48.303  42.174 0.0000000000
40096  -40.670  -47.409  42.908 0.0000000000
42688  -36.645  -44.690  38.669 0.0000000000
43733  -43.783  -44.418  44.973 0.0000000000
43734  -44.130  -44.845  45.135 0.0000000000
43834  -36.017  -44.230  37.991 0.0000000000
44898  -40.102  -44.059  41.754 0.0000000000
46005  -46.324  -42.293  46.211 0.0000000000
46078  -41.993  -41.871  41.955 0.0000000000
47221  -44.955  -41.443  44.351 0.0000000000
47248  -45.165  -40.964  44.192 0.0000000000
47262  -43.598  -41.012  42.874 0.0000000000
47278  -43.354  -40.968  42.250 0.0000000000
48384  -46.722  -41.007  47.408 0.0000000000
48392  -46.423  -40.776  46.974 0.0000000000
48457  -44.205  -40.013  42.494 0.0000000000
48486  -41.565  -40.492  40.941 0.0000000000
49587  -46.542  -39.622  47.372 0.0000000000
49598  -46.548  -40.296  47.075 0.0000000000
49652  -44.148  -39.553  42.365 0.0000000000
49665  -43.901  -39.373  42.069 0.0000000000
49680  -42.741  -39.509  40.885 0.0000000000
50741  -46.214  -39.115  47.485 0.0000000000
50833  -42.812  -38.840  40.500 0.0000000000
52943  -44.971  -36.147  49.480 0.0000000000
54023  -45.122  -35.436  49.913 0.0000000000
54029  -43.968  -35.036  48.163 0.0000000000
54039  -43.851  -35.093  47.791 0.0000000000
54040  -44.045  -35.734  47.529 0.0000000000
55953  -44.880  -33.895  50.919 0.0000000000
55982  -45.103  -33.179  49.132 0.0000000000
56029  -45.148  -32.797  45.603 0.0000000000
56957  -44.838  -33.378  50.343 0.0000000000
56990  -46.753  -31.967  47.923 0.0000000000
56991  -48.601  -31.793  47.735 0.0000000000
57001  -44.887  -32.976  48.051 0.0000000000
57057  -50.248  -31.653  44.685 0.0000000000
58009  -46.796  -31.743  48.786 0.0000000000
58028  -47.433  -31.663  48.092 0.0000000000
58042  -47.989  -31.621  47.769 0.0000000000
58067  -50.816  -31.456  45.058 0.0000000000
58069  -52.331  -31.031  45.794 0.0000000000
58070  -52.726  -30.993  46.356 0.0000000000
58081  -51.434  -30.969  44.746 0.0000000000
59127  -53.756  -30.829  47.754 0.0000000000
59149  -54.442  -30.135  46.080 0.0000000000
59162  -54.025  -29.976  44.303 0.0000000000
59193  -48.055  -30.496  41.933 0.0000000000
60224  -54.675  -29.847  45.638 0.0000000000
60227  -56.566  -28.808  44.954 0.0000000000
60235  -53.942  -29.653  45.169 0.0000000000
60239  -56.712  -28.598  44.589 0.0000000000
60246  -52.171  -30.054  43.476 0.0000000000
60257  -48.551  -30.285  42.153 0.0000000000
61334  -57.232  -28.042  45.978 0.0000000000
61450  -56.043  -27.901  41.366 0.0000000000
61549  -51.907  -27.508  34.927 0.0000000000
62635  -55.910  -27.312  41.294 0.0000000000
62664  -54.867  -27.172  39.235 0.0000000000
62745  -52.095  -27.072  35.088 0.0000000000
63882  -56.279  -26.723  41.847 0.0000000000
63921  -53.578  -26.296  37.973 0.0000000000
63941  -53.509  -26.581  37.452 0.0000000000
63956  -53.337  -26.793  36.903 0.0000000000
63962  -51.881  -26.203  35.218 0.0000000000
65183  -53.097  -25.602  37.761 0.0000000000
65184  -53.344  -25.778  38.023 0.0000000000
65220  -52.112  -25.893  35.732 0.0000000000
66465  -51.763  -24.927  36.053 0.0000000000
67690  -53.505  -23.654  39.118 0.0000000000
67731  -51.937  -23.935  36.696 0.0000000000
68887  -51.639  -23.051  36.818 0.0000000000
71046  -58.813  -20.500  45.436 0.0000000000
71054  -59.633  -20.693  45.012 0.0000000000
71084  -56.415  -20.932  41.319 0.0000000000
71134  -53.786  -20.159  37.892 0.0000000000
71143  -52.582  -20.494  36.334 0.0000000000
71175  -51.888  -20.953  34.679 0.0000000000
72255  -52.694  -19.987  36.274 0.0000000000
72270  -52.605  -19.906  35.907 0.0000000000
73334  -54.194  -18.867  37.393 0.0000000000
75256  -58.274  -16.675  42.924 0.0000000000
75292  -56.399  -16.789  39.017 0.0000000000
76324  -56.237  -16.383  38.751 0.0000000000
