#!ascii label  , from subject  vox2ras=TkReg coords=orig
337
86676  -23.883  -6.175  -15.031 0.5555555820
87775  -24.149  -5.342  -15.356 0.6666666865
88864  -24.031  -4.621  -15.908 0.7777777910
89976  -24.893  -3.865  -16.555 0.7777777910
91045  -24.075  -2.962  -16.126 0.8888888955
91076  -26.807  -2.685  -17.691 0.8888888955
86654  -23.944  -5.809  -14.911 0.5555555820
88837  -23.670  -4.445  -15.036 0.6666666865
89957  -23.496  -3.690  -15.285 0.8888888955
92137  -24.508  -2.300  -16.259 0.8888888955
92151  -26.294  -1.780  -17.202 1.0000000000
91077  -27.464  -2.569  -18.207 0.8888888955
93284  -27.148  -0.973  -18.034 1.0000000000
88836  -23.758  -4.383  -14.753 0.7777777910
91031  -23.390  -2.793  -14.920 1.0000000000
92117  -23.304  -2.000  -14.551 1.0000000000
92135  -23.545  -1.774  -15.218 1.0000000000
93262  -24.058  -0.594  -16.106 1.0000000000
93263  -24.794  -0.680  -16.396 1.0000000000
93250  -23.502  -0.616  -15.469 1.0000000000
94346  -24.209  0.042  -16.455 1.0000000000
93266  -27.039  -0.270  -17.841 1.0000000000
94347  -24.854  0.393  -16.699 1.0000000000
94349  -26.537  0.428  -17.585 1.0000000000
95428  -25.164  1.420  -16.930 1.0000000000
95430  -26.678  1.285  -17.836 0.7777777910
93203  -22.919  -1.073  -14.220 0.8888888955
93232  -22.985  -0.882  -14.726 1.0000000000
94332  -23.628  0.397  -15.912 1.0000000000
94317  -22.889  0.317  -15.229 1.0000000000
95414  -23.633  1.413  -16.153 1.0000000000
95415  -24.364  1.464  -16.508 1.0000000000
96487  -26.066  2.036  -17.773 1.0000000000
96488  -26.569  1.978  -18.083 0.8888888955
96499  -26.338  2.546  -17.871 1.0000000000
96500  -27.046  2.419  -18.257 0.7777777910
96501  -28.070  2.500  -18.482 0.7777777910
94288  -22.292  0.470  -14.521 0.5555555820
96459  -21.554  2.253  -14.905 0.7777777910
95377  -21.947  1.062  -14.865 0.8888888955
95400  -22.951  1.312  -15.532 1.0000000000
96460  -22.362  2.226  -15.326 0.8888888955
96461  -23.197  2.229  -15.830 1.0000000000
96473  -24.539  2.429  -16.753 1.0000000000
96498  -25.905  2.692  -17.606 0.8888888955
97527  -24.769  3.494  -16.992 1.0000000000
97539  -25.727  3.532  -17.498 0.8888888955
97556  -27.300  3.682  -18.292 0.7777777910
97558  -29.328  3.404  -18.332 0.6666666865
98594  -28.902  4.395  -18.530 0.6666666865
96444  -21.557  1.949  -14.601 0.7777777910
97495  -20.630  3.167  -14.172 0.6666666865
98553  -21.239  4.131  -15.068 0.7777777910
97512  -21.812  3.206  -15.237 0.8888888955
97514  -23.503  2.828  -15.996 1.0000000000
98554  -22.177  4.282  -15.484 1.0000000000
97525  -23.315  3.979  -16.133 1.0000000000
98568  -24.269  4.540  -16.670 1.0000000000
98579  -25.036  4.617  -17.188 0.8888888955
98580  -25.828  4.815  -17.612 0.7777777910
97541  -26.831  4.385  -18.170 0.7777777910
98595  -29.615  4.259  -18.222 0.5555555820
99638  -28.540  5.373  -18.482 0.7777777910
99639  -29.302  5.182  -18.397 0.6666666865
99593  -19.842  4.882  -14.154 0.6666666865
99594  -20.829  5.007  -14.543 0.7777777910
99595  -21.809  5.164  -14.946 1.0000000000
99610  -22.550  5.314  -15.574 1.0000000000
99611  -23.204  5.421  -16.071 1.0000000000
98567  -23.511  4.569  -16.376 0.8888888955
99624  -24.534  5.598  -16.914 0.8888888955
99636  -26.919  5.731  -18.170 0.8888888955
98581  -26.511  4.966  -18.050 0.7777777910
100705  -24.131  6.508  -16.585 0.8888888955
99626  -26.094  5.954  -17.787 0.7777777910
100737  -29.548  5.642  -18.116 0.6666666865
100683  -19.602  5.530  -13.978 0.6666666865
99592  -19.269  5.101  -13.784 0.5555555820
100684  -20.297  5.756  -14.272 0.7777777910
100685  -21.288  6.153  -14.604 0.8888888955
101758  -21.825  6.953  -14.910 1.0000000000
100686  -22.150  6.214  -15.229 1.0000000000
100704  -23.490  6.360  -16.164 1.0000000000
99612  -23.841  5.507  -16.497 0.8888888955
100733  -26.691  6.651  -18.068 0.7777777910
101808  -27.162  7.133  -18.236 0.7777777910
100722  -29.405  6.469  -17.868 0.6666666865
100724  -30.678  6.343  -17.227 0.5555555820
100723  -29.939  6.081  -17.767 0.5555555820
100665  -19.860  6.339  -13.845 0.7777777910
101713  -19.981  7.387  -13.258 0.6666666865
100666  -20.586  6.553  -14.284 0.8888888955
101736  -21.135  7.344  -14.419 1.0000000000
101780  -23.706  7.396  -16.153 0.8888888955
101781  -24.395  7.482  -16.660 0.8888888955
100719  -24.723  6.633  -17.144 0.8888888955
101796  -27.409  7.775  -18.033 0.7777777910
102789  -28.680  8.358  -17.445 0.7777777910
101797  -28.262  7.652  -17.990 0.7777777910
101799  -30.401  7.279  -17.180 0.5555555820
102787  -26.924  8.513  -17.576 0.7777777910
102790  -29.572  8.167  -17.017 0.5555555820
101694  -19.968  7.965  -12.632 0.5555555820
102712  -20.952  8.209  -13.679 0.7777777910
102732  -21.749  8.276  -14.350 1.0000000000
102733  -22.423  8.237  -14.828 0.8888888955
102754  -23.505  8.323  -15.765 0.8888888955
102753  -22.994  8.272  -15.281 0.8888888955
102769  -24.018  8.334  -16.258 0.8888888955
102785  -25.441  8.396  -16.935 0.8888888955
102788  -27.768  8.499  -17.599 0.6666666865
102791  -30.308  8.301  -16.693 0.5555555820
104598  -22.584  10.239  -13.599 0.6666666865
104622  -22.472  9.794  -14.127 0.7777777910
103673  -22.841  9.486  -14.611 0.8888888955
103700  -23.356  9.212  -15.204 0.8888888955
103701  -23.775  9.570  -15.627 0.7777777910
103719  -23.667  9.006  -15.944 0.8888888955
103734  -25.101  9.211  -16.468 0.7777777910
103736  -26.452  9.349  -17.235 0.6666666865
104694  -25.962  10.179  -16.778 0.6666666865
104696  -27.611  10.154  -17.222 0.6666666865
103737  -27.271  9.354  -17.357 0.6666666865
103738  -28.137  9.316  -17.264 0.5555555820
104674  -27.921  10.857  -16.913 0.6666666865
104675  -28.764  10.761  -16.694 0.5555555820
103721  -29.575  9.834  -16.698 0.5555555820
103740  -29.833  8.788  -16.677 0.4444444478
104676  -29.640  10.440  -16.496 0.5555555820
104623  -23.237  10.201  -14.599 0.7777777910
104650  -24.132  10.253  -15.443 0.7777777910
105710  -24.872  10.813  -15.892 0.6666666865
104671  -24.788  10.069  -16.151 0.6666666865
105731  -25.509  10.481  -16.465 0.6666666865
104672  -26.404  10.749  -16.627 0.6666666865
105713  -27.368  11.510  -16.510 0.6666666865
105714  -28.220  11.574  -16.517 0.6666666865
105716  -29.918  10.958  -16.149 0.5555555820
105695  -30.323  11.509  -15.854 0.5555555820
105715  -29.305  11.544  -16.284 0.6666666865
105691  -24.719  10.897  -15.248 0.5555555820
105711  -25.639  11.037  -16.267 0.6666666865
105712  -26.547  11.549  -16.296 0.6666666865
106750  -29.305  12.558  -16.144 0.6666666865
106732  -30.036  12.582  -15.828 0.5555555820
106733  -30.791  12.438  -15.513 0.6666666865
105693  -25.973  11.887  -15.755 0.6666666865
105692  -25.355  11.362  -15.628 0.6666666865
106749  -28.439  12.518  -16.261 0.6666666865
91044  -23.675  -2.851  -15.559 1.0000000000
92149  -24.458  -1.480  -16.162 1.0000000000
93264  -25.652  -0.688  -16.844 1.0000000000
101735  -20.440  7.042  -13.978 0.7777777910
101737  -21.960  7.630  -14.777 1.0000000000
101794  -25.757  7.638  -17.468 0.8888888955
103739  -29.158  9.262  -16.814 0.6666666865
104649  -23.584  9.891  -15.250 0.7777777910
103722  -30.357  9.437  -16.522 0.4444444478
107769  -31.007  12.961  -15.282 0.5555555820
85585  -23.946  -7.197  -15.256 0.5555555820
85603  -24.640  -6.982  -15.700 0.5555555820
86692  -24.334  -6.197  -15.396 0.6666666865
87787  -24.432  -5.403  -15.779 0.5555555820
87788  -24.834  -5.460  -16.210 0.5555555820
88906  -26.991  -3.970  -17.843 0.7777777910
90008  -27.215  -3.430  -18.013 0.8888888955
88866  -25.156  -4.686  -16.582 0.6666666865
89988  -25.625  -3.885  -16.774 0.6666666865
89989  -26.207  -3.938  -17.158 0.8888888955
94369  -27.817  0.360  -18.392 0.8888888955
95431  -27.299  1.026  -18.179 0.6666666865
95446  -28.796  1.471  -18.646 0.7777777910
95447  -29.703  1.486  -18.567 0.6666666865
96503  -29.860  2.448  -18.349 0.6666666865
98596  -30.222  4.132  -17.784 0.5555555820
99628  -30.679  5.359  -17.179 0.5555555820
101782  -30.746  7.826  -16.713 0.5555555820
103723  -31.053  8.956  -16.269 0.4444444478
103702  -30.809  10.029  -16.189 0.4444444478
106747  -27.016  11.971  -16.203 0.6666666865
106730  -27.714  12.929  -15.953 0.6666666865
107766  -28.300  13.503  -15.814 0.6666666865
107767  -29.369  13.408  -15.758 0.6666666865
107775  -28.779  13.040  -16.101 0.6666666865
107768  -30.466  13.442  -15.379 0.6666666865
86707  -24.728  -6.062  -15.744 0.6666666865
87762  -24.015  -5.243  -15.152 0.6666666865
88865  -24.514  -4.668  -16.282 0.7777777910
88848  -23.805  -4.521  -15.432 0.7777777910
89974  -23.777  -3.754  -15.837 0.8888888955
89975  -24.250  -3.814  -16.266 0.8888888955
92136  -24.109  -2.108  -15.775 1.0000000000
91046  -24.691  -3.004  -16.445 0.8888888955
91058  -26.080  -3.001  -17.064 0.8888888955
87744  -24.127  -5.264  -14.793 0.6666666865
87761  -24.029  -5.095  -14.975 0.6666666865
91057  -25.341  -3.144  -16.657 0.8888888955
92150  -25.296  -1.996  -16.540 1.0000000000
92168  -27.021  -1.713  -17.837 1.0000000000
92169  -27.616  -1.652  -18.324 1.0000000000
93265  -26.513  -0.647  -17.497 1.0000000000
89937  -23.390  -3.639  -14.751 0.8888888955
91008  -23.170  -2.778  -14.373 0.8888888955
92089  -23.042  -1.844  -14.204 0.8888888955
92148  -23.948  -1.296  -15.745 1.0000000000
94348  -25.736  0.378  -17.230 1.0000000000
94333  -24.135  0.748  -16.356 1.0000000000
95429  -25.895  1.329  -17.483 1.0000000000
95445  -27.799  1.413  -18.450 0.7777777910
93231  -22.687  -0.348  -14.474 1.0000000000
94316  -22.428  0.327  -14.850 0.8888888955
95399  -22.058  1.225  -15.106 1.0000000000
96472  -23.803  2.300  -16.338 1.0000000000
96486  -25.400  2.418  -17.321 1.0000000000
97554  -26.102  2.981  -17.670 0.8888888955
96502  -29.050  2.480  -18.532 0.6666666865
96443  -21.182  2.554  -14.566 0.6666666865
97511  -21.101  3.123  -14.771 0.8888888955
95398  -21.613  1.481  -14.926 0.8888888955
97526  -23.799  3.437  -16.419 1.0000000000
97540  -26.450  4.091  -17.861 0.8888888955
97557  -28.452  3.509  -18.463 0.7777777910
97560  -30.668  3.139  -17.823 0.5555555820
98552  -20.483  4.051  -14.493 0.6666666865
97513  -22.988  3.348  -15.623 1.0000000000
98566  -22.996  4.498  -15.860 1.0000000000
99637  -27.698  5.535  -18.398 0.7777777910
99627  -30.253  5.034  -17.685 0.5555555820
100703  -22.902  6.265  -15.666 1.0000000000
100734  -27.416  6.404  -18.240 0.7777777910
100735  -28.192  6.245  -18.263 0.7777777910
98536  -19.354  4.471  -13.435 0.4444444478
101779  -23.251  6.989  -15.715 0.8888888955
100721  -26.091  6.946  -17.774 0.7777777910
101798  -29.222  7.112  -17.767 0.6666666865
101800  -30.958  6.794  -16.987 0.5555555820
102711  -20.332  8.441  -12.913 0.6666666865
101759  -22.556  7.304  -15.340 1.0000000000
103632  -19.667  8.905  -11.926 0.5555555820
103671  -21.708  9.013  -13.812 0.7777777910
103650  -20.946  9.303  -13.140 0.7777777910
103672  -22.326  9.038  -14.348 0.8888888955
104597  -21.965  9.644  -13.515 0.7777777910
103633  -20.566  9.349  -12.263 0.7777777910
104621  -22.148  9.411  -13.932 0.7777777910
103720  -24.284  9.287  -16.116 0.7777777910
104693  -25.361  9.992  -16.534 0.6666666865
104695  -26.790  10.145  -17.107 0.6666666865
104673  -27.106  10.828  -16.795 0.6666666865
104697  -28.448  10.111  -17.052 0.5555555820
105694  -29.738  12.045  -15.979 0.6666666865
106748  -27.548  12.210  -16.255 0.6666666865
107774  -28.444  13.040  -16.099 0.6666666865
93285  -27.637  -0.603  -18.290 0.7777777910
107756  -30.776  13.911  -14.952 0.4444444478
84516  -24.910  -8.005  -15.732 0.4444444478
85604  -25.252  -7.231  -16.307 0.4444444478
85628  -27.109  -6.994  -17.210 0.4444444478
87789  -25.447  -5.489  -16.581 0.4444444478
86729  -26.452  -6.237  -17.057 0.4444444478
86730  -27.059  -6.185  -17.452 0.4444444478
87804  -26.162  -5.454  -17.011 0.4444444478
87805  -26.851  -5.445  -17.457 0.4444444478
88882  -25.861  -4.671  -16.948 0.5555555820
88884  -27.183  -4.890  -17.701 0.4444444478
92171  -28.985  -1.470  -18.623 0.6666666865
93286  -28.440  -0.556  -18.514 0.6666666865
93288  -30.019  -0.562  -18.405 0.5555555820
94371  -29.508  0.459  -18.634 0.5555555820
94370  -28.606  0.443  -18.595 0.5555555820
96504  -30.538  2.409  -18.126 0.5555555820
106729  -26.772  12.516  -15.696 0.5555555820
108745  -28.857  14.364  -15.517 0.5555555820
109643  -30.047  15.088  -15.073 0.5555555820
85606  -27.068  -7.862  -16.849 0.4444444478
92172  -29.675  -1.477  -18.378 0.6666666865
107765  -27.225  13.639  -15.392 0.5555555820
108746  -29.764  14.326  -15.350 0.5555555820
101783  -31.274  7.332  -16.506 0.4444444478
108747  -30.450  14.398  -15.055 0.5555555820
107764  -26.354  13.373  -15.203 0.5555555820
108744  -27.930  14.422  -15.375 0.5555555820
109641  -28.450  15.166  -15.244 0.5555555820
109642  -29.377  15.244  -15.218 0.5555555820
107755  -26.730  13.960  -14.726 0.5555555820
84515  -24.361  -7.868  -15.438 0.4444444478
88883  -26.680  -4.532  -17.477 0.5555555820
92170  -28.286  -1.536  -18.545 0.6666666865
95448  -30.409  1.562  -18.337 0.4444444478
86708  -25.094  -6.271  -16.162 0.4444444478
85607  -27.497  -8.197  -16.990 0.4444444478
84518  -26.373  -8.524  -16.615 0.4444444478
86709  -25.740  -6.339  -16.643 0.4444444478
85605  -26.216  -7.291  -16.793 0.4444444478
93287  -29.230  -0.526  -18.579 0.5555555820
84519  -27.131  -8.679  -16.834 0.4444444478
109626  -28.888  15.818  -14.950 0.4444444478
110644  -29.867  15.605  -15.223 0.4444444478
107745  -26.624  14.101  -14.218 0.4444444478
110626  -29.755  16.324  -15.218 0.4444444478
110645  -30.263  15.713  -15.165 0.4444444478
86675  -23.920  -5.585  -15.037 0.5555555820
90007  -26.664  -3.594  -17.587 0.7777777910
94350  -27.189  0.386  -17.993 1.0000000000
95444  -27.049  1.628  -18.202 0.7777777910
97555  -26.480  3.202  -17.884 0.8888888955
96458  -21.251  2.625  -14.808 0.8888888955
98592  -27.181  4.815  -18.348 0.7777777910
98593  -28.008  4.558  -18.504 0.6666666865
97559  -30.034  3.296  -18.063 0.5555555820
99625  -25.222  5.740  -17.426 0.8888888955
99640  -29.845  5.070  -18.070 0.5555555820
100736  -29.087  6.206  -18.131 0.6666666865
99574  -19.398  4.681  -13.678 0.4444444478
100720  -25.441  6.767  -17.513 0.8888888955
101795  -26.561  7.621  -17.893 0.7777777910
101809  -27.844  7.054  -18.305 0.7777777910
101714  -20.635  7.513  -13.873 0.7777777910
101760  -23.247  7.656  -15.618 0.8888888955
101793  -25.034  7.565  -17.125 0.8888888955
102770  -24.721  8.373  -16.589 0.8888888955
101810  -28.602  6.860  -18.144 0.6666666865
102786  -26.140  8.462  -17.336 0.7777777910
103612  -19.476  8.817  -11.392 0.4444444478
103631  -19.229  8.644  -11.534 0.4444444478
102696  -19.724  8.443  -12.345 0.5555555820
103699  -22.873  8.829  -14.779 0.8888888955
103735  -25.725  9.282  -16.936 0.6666666865
102771  -30.899  8.387  -16.458 0.5555555820
104698  -29.117  10.103  -16.814 0.5555555820
104677  -30.396  10.489  -16.223 0.4444444478
105730  -25.179  10.552  -16.303 0.6666666865
106731  -28.196  13.021  -16.080 0.6666666865
98582  -30.573  4.499  -17.400 0.4444444478
101811  -28.960  6.734  -18.018 0.6666666865
103649  -20.185  9.023  -12.560 0.5555555820
85627  -26.689  -6.683  -17.137 0.4444444478
