#!ascii label  , from subject S5_08 vox2ras=TkReg
2164
19942  -42.940  -63.532  -29.711 0.1000000015
19941  -41.838  -63.095  -29.966 0.1000000015
21315  -40.934  -62.549  -30.216 0.1000000015
19955  -42.744  -63.468  -30.861 0.1000000015
19954  -41.634  -63.001  -31.084 0.1000000015
18640  -43.235  -64.410  -32.382 0.1000000015
19987  -41.354  -63.758  -32.871 0.1000000015
18657  -42.744  -64.346  -32.961 0.1000000015
18678  -43.718  -64.213  -33.872 0.1000000015
20011  -41.856  -64.237  -33.808 0.1000000015
18676  -41.449  -64.318  -34.317 0.1000000015
20033  -43.276  -63.822  -34.811 0.1000000015
18699  -41.728  -64.524  -34.967 0.1000000015
18719  -41.881  -64.068  -35.473 0.1000000015
22699  -42.324  -61.503  -35.216 0.1000000015
18698  -40.705  -64.474  -34.925 0.1000000015
20053  -41.199  -63.467  -35.577 0.1000000015
18718  -40.986  -64.236  -35.426 0.1000000015
21319  -45.853  -63.025  -30.383 0.1000000015
19956  -43.908  -63.888  -30.607 0.1000000015
19957  -45.086  -64.143  -30.525 0.1000000015
21337  -45.598  -63.172  -31.255 0.1000000015
18624  -45.468  -64.152  -31.331 0.1000000015
19971  -43.489  -64.183  -31.575 0.1000000015
18643  -45.601  -64.094  -31.926 0.1000000015
18658  -43.483  -64.523  -33.052 0.1000000015
20013  -44.832  -63.621  -33.420 0.1000000015
20012  -44.337  -63.919  -33.777 0.1000000015
20055  -43.073  -63.446  -35.231 0.1000000015
34460  -44.677  -52.289  -29.474 0.1000000015
31873  -43.091  -54.510  -30.608 0.1000000015
30528  -43.397  -55.198  -31.482 0.1000000015
29133  -43.132  -56.017  -31.883 0.1000000015
27813  -43.237  -57.923  -34.366 0.1000000015
25286  -43.263  -59.479  -34.596 0.1000000015
22700  -43.044  -61.089  -35.406 0.1000000015
24038  -43.430  -60.947  -35.297 0.1000000015
21401  -41.945  -62.589  -35.680 0.1000000015
20054  -42.195  -63.372  -35.709 0.1000000015
21272  -45.419  -62.912  -28.899 0.1000000015
22608  -42.627  -61.672  -29.742 0.2000000030
22592  -43.237  -62.005  -29.269 0.2000000030
21296  -46.000  -63.222  -29.669 0.1000000015
22622  -41.678  -61.197  -30.452 0.1000000015
22624  -43.464  -62.177  -30.629 0.1000000015
21295  -45.385  -62.708  -29.791 0.1000000015
22623  -42.825  -61.854  -30.907 0.1000000015
21317  -44.133  -62.403  -30.741 0.1000000015
35712  -46.303  -50.432  -24.700 0.1000000015
37066  -46.845  -49.804  -25.684 0.1000000015
22640  -43.117  -61.792  -32.039 0.1000000015
21345  -44.267  -62.447  -32.330 0.1000000015
21346  -45.068  -63.007  -32.353 0.1000000015
38434  -46.759  -49.319  -26.623 0.1000000015
37081  -47.363  -49.961  -26.380 0.1000000015
37082  -47.878  -50.175  -26.969 0.1000000015
37099  -48.360  -50.369  -27.749 0.1000000015
37112  -48.536  -50.775  -28.421 0.1000000015
37127  -48.063  -50.600  -29.135 0.1000000015
22658  -43.606  -61.922  -32.912 0.1000000015
21363  -44.271  -62.379  -33.240 0.1000000015
20034  -43.827  -63.443  -34.399 0.1000000015
38451  -47.773  -49.666  -27.535 0.1000000015
37110  -47.363  -49.905  -28.701 0.1000000015
37126  -47.139  -50.474  -29.256 0.1000000015
34462  -46.131  -52.062  -29.726 0.1000000015
34483  -46.747  -52.500  -30.251 0.1000000015
31875  -44.727  -54.331  -30.735 0.1000000015
31893  -44.441  -54.956  -31.101 0.1000000015
22678  -43.688  -61.296  -34.046 0.1000000015
22720  -43.830  -61.812  -35.010 0.1000000015
37125  -46.127  -50.171  -29.395 0.1000000015
34461  -45.446  -52.047  -29.561 0.1000000015
33184  -45.248  -53.176  -30.379 0.1000000015
31892  -44.239  -54.828  -31.165 0.1000000015
27797  -43.677  -57.866  -33.632 0.1000000015
26519  -43.681  -58.566  -34.220 0.1000000015
33183  -44.276  -53.681  -30.370 0.1000000015
31891  -43.806  -54.758  -31.265 0.1000000015
30529  -44.080  -55.201  -31.344 0.1000000015
27814  -43.632  -57.888  -34.097 0.1000000015
25287  -43.520  -59.553  -34.322 0.1000000015
21402  -42.753  -62.652  -35.596 0.1000000015
23931  -41.107  -60.776  -29.482 0.1000000015
22607  -41.802  -61.368  -29.215 0.2000000030
21247  -43.323  -62.242  -28.209 0.1000000015
21232  -43.242  -62.322  -26.982 0.2000000030
21233  -44.695  -62.988  -26.821 0.2000000030
23944  -41.004  -60.457  -30.306 0.1000000015
23956  -40.908  -59.749  -30.984 0.1000000015
37028  -45.980  -49.973  -23.841 0.1000000015
37047  -46.356  -49.755  -24.915 0.1000000015
22639  -42.049  -61.159  -31.966 0.1000000015
23970  -42.011  -60.102  -32.364 0.1000000015
35750  -47.074  -50.590  -25.896 0.1000000015
35766  -48.462  -51.277  -27.702 0.1000000015
22657  -42.898  -60.984  -33.150 0.1000000015
35774  -48.593  -51.397  -28.313 0.1000000015
35791  -48.549  -51.317  -29.035 0.1000000015
34484  -47.811  -52.649  -30.199 0.1000000015
31860  -46.424  -53.536  -29.976 0.1000000015
27749  -43.573  -56.866  -31.727 0.1000000015
26498  -43.613  -58.465  -33.379 0.1000000015
22677  -43.395  -60.585  -33.872 0.1000000015
26499  -43.770  -58.508  -33.705 0.1000000015
24039  -43.787  -61.212  -35.193 0.1000000015
26411  -40.318  -58.076  -28.477 0.1000000015
25195  -39.859  -59.218  -28.212 0.1000000015
27712  -40.797  -57.666  -29.007 0.1000000015
26420  -40.152  -58.884  -29.050 0.1000000015
23911  -40.632  -60.426  -28.573 0.1000000015
23893  -41.144  -60.974  -27.884 0.2000000030
22577  -41.693  -61.434  -27.373 0.2000000030
23912  -41.273  -61.022  -28.670 0.2000000030
22568  -42.217  -61.838  -26.946 0.2000000030
25227  -40.676  -59.207  -30.260 0.1000000015
27725  -41.052  -57.775  -29.799 0.1000000015
26435  -41.044  -58.328  -30.317 0.1000000015
26436  -41.535  -58.372  -30.960 0.1000000015
34408  -46.164  -51.987  -25.171 0.1000000015
34422  -46.821  -51.634  -25.971 0.1000000015
33109  -47.125  -52.560  -26.213 0.1000000015
25242  -41.195  -59.197  -31.122 0.1000000015
27747  -42.077  -57.973  -31.271 0.1000000015
38392  -45.960  -49.138  -24.037 0.1000000015
37027  -45.213  -50.167  -23.228 0.1000000015
35736  -46.528  -50.829  -25.166 0.1000000015
34434  -48.131  -52.046  -27.253 0.1000000015
34435  -48.488  -52.178  -27.920 0.1000000015
33137  -49.023  -53.279  -28.825 0.1000000015
33136  -47.671  -54.238  -29.236 0.1000000015
31858  -44.553  -54.604  -29.644 0.1000000015
29116  -43.592  -56.332  -30.656 0.1000000015
26479  -42.450  -58.629  -32.402 0.1000000015
38391  -45.608  -48.849  -23.217 0.1000000015
34464  -48.464  -52.498  -29.546 0.1000000015
30498  -44.477  -55.078  -30.551 0.1000000015
29117  -44.138  -56.005  -30.791 0.1000000015
26480  -43.269  -58.355  -32.849 0.1000000015
39708  -45.465  -47.937  -22.817 0.1000000015
41077  -45.274  -47.690  -22.601 0.1000000015
41092  -44.999  -47.557  -23.037 0.1000000015
41076  -44.975  -47.568  -22.412 0.1000000015
30461  -43.657  -55.898  -27.295 0.1000000015
29066  -41.429  -56.859  -27.995 0.1000000015
29070  -45.667  -56.558  -27.066 0.1000000015
30460  -42.584  -56.182  -27.862 0.1000000015
26400  -39.941  -58.324  -27.593 0.1000000015
25185  -40.160  -59.859  -28.057 0.1000000015
23872  -41.158  -60.928  -27.087 0.2000000030
30462  -44.646  -55.826  -27.477 0.1000000015
29084  -41.736  -56.765  -28.711 0.1000000015
27702  -41.174  -57.209  -28.557 0.1000000015
30463  -45.802  -55.991  -27.364 0.1000000015
30479  -43.942  -55.523  -27.818 0.1000000015
35673  -44.317  -50.345  -22.308 0.1000000015
35690  -45.122  -51.163  -23.306 0.1000000015
34359  -45.286  -51.551  -23.590 0.1000000015
35711  -46.093  -50.961  -24.352 0.1000000015
34407  -45.929  -51.769  -24.589 0.1000000015
29072  -47.768  -56.720  -27.844 0.1000000015
30464  -46.944  -55.770  -27.480 0.1000000015
29085  -42.319  -56.311  -28.848 0.1000000015
29102  -42.076  -56.614  -29.391 0.1000000015
35691  -45.608  -50.995  -23.681 0.1000000015
33110  -47.738  -53.126  -26.748 0.1000000015
33111  -48.501  -53.504  -27.173 0.1000000015
33120  -48.967  -53.266  -27.924 0.1000000015
31839  -45.294  -54.459  -28.584 0.1000000015
31857  -43.851  -54.891  -28.965 0.1000000015
27726  -41.898  -57.581  -30.589 0.1000000015
38369  -44.467  -49.147  -21.950 0.1000000015
34423  -47.569  -51.872  -26.637 0.1000000015
33119  -48.394  -52.823  -27.409 0.1000000015
31824  -49.433  -54.093  -27.821 0.1000000015
30501  -49.043  -55.078  -29.228 0.1000000015
31841  -47.563  -54.750  -28.777 0.1000000015
30497  -43.900  -55.421  -29.892 0.1000000015
30496  -43.273  -55.767  -29.827 0.1000000015
38390  -45.148  -49.381  -22.837 0.1000000015
38370  -44.878  -48.789  -22.286 0.1000000015
38371  -45.383  -48.245  -22.646 0.1000000015
41053  -44.900  -47.576  -22.028 0.1000000015
41075  -44.073  -47.457  -22.547 0.1000000015
29065  -40.916  -56.921  -27.605 0.1000000015
29071  -46.771  -56.939  -27.353 0.1000000015
30442  -42.518  -55.736  -26.615 0.1000000015
25184  -39.875  -59.517  -27.256 0.1000000015
27686  -48.521  -57.204  -27.439 0.1000000015
27665  -48.586  -57.549  -26.621 0.1000000015
29050  -40.659  -56.734  -26.938 0.1000000015
23892  -40.479  -60.404  -27.432 0.1000000015
29057  -49.185  -56.344  -27.245 0.1000000015
23871  -40.664  -60.729  -26.471 0.2000000030
35674  -44.576  -51.012  -22.640 0.1000000015
34381  -45.535  -51.984  -23.933 0.1000000015
34382  -45.790  -52.397  -24.588 0.1000000015
30445  -49.304  -55.713  -26.896 0.1000000015
29086  -48.250  -56.103  -28.220 0.1000000015
23891  -40.095  -60.164  -26.713 0.1000000015
22566  -40.808  -61.219  -25.934 0.2000000030
33099  -46.654  -52.737  -25.580 0.1000000015
31805  -48.319  -54.025  -26.634 0.1000000015
31806  -48.929  -54.269  -27.174 0.1000000015
31807  -49.344  -54.854  -27.500 0.1000000015
29088  -49.151  -55.612  -28.383 0.1000000015
38343  -44.223  -48.967  -21.617 0.1000000015
39686  -44.664  -48.072  -21.811 0.1000000015
41052  -44.113  -47.408  -21.644 0.1000000015
27648  -49.258  -57.559  -25.926 0.1000000015
27663  -47.212  -57.344  -26.678 0.1000000015
29039  -49.424  -56.675  -26.286 0.1000000015
27684  -47.195  -57.399  -26.930 0.1000000015
29054  -45.509  -56.450  -26.352 0.1000000015
30441  -41.452  -56.106  -26.870 0.1000000015
29052  -44.064  -55.782  -26.315 0.1000000015
27681  -40.040  -57.688  -27.195 0.1000000015
31785  -48.773  -54.740  -26.187 0.1000000015
30424  -49.375  -55.743  -25.653 0.1000000015
30440  -40.782  -56.276  -26.477 0.1000000015
35649  -44.009  -50.664  -21.904 0.1000000015
35650  -44.181  -51.567  -21.772 0.1000000015
34349  -44.433  -52.154  -22.522 0.1000000015
34358  -44.863  -51.933  -23.405 0.1000000015
33084  -45.404  -53.069  -24.265 0.1000000015
31783  -46.737  -53.724  -25.242 0.1000000015
31784  -47.687  -54.282  -25.791 0.1000000015
29049  -40.121  -57.075  -26.511 0.1000000015
25172  -39.861  -59.662  -26.386 0.1000000015
36979  -43.730  -50.125  -21.185 0.1000000015
33085  -46.114  -53.010  -24.876 0.1000000015
33100  -47.179  -53.316  -25.908 0.1000000015
31786  -49.186  -55.089  -26.679 0.1000000015
23854  -40.385  -60.787  -25.797 0.1000000015
38330  -43.637  -49.255  -20.634 0.1000000015
39674  -43.426  -48.439  -20.116 0.1000000015
39685  -43.781  -48.222  -21.127 0.1000000015
41037  -43.285  -47.374  -20.461 0.1000000015
41036  -42.933  -46.736  -20.048 0.1000000015
42287  -43.066  -46.715  -20.483 0.1000000015
42286  -42.753  -46.184  -20.400 0.1000000015
29020  -49.407  -57.064  -25.020 0.1000000015
27664  -47.682  -57.414  -26.369 0.1000000015
30407  -49.320  -56.362  -24.456 0.1000000015
29056  -47.245  -57.112  -26.260 0.1000000015
30406  -48.773  -55.644  -24.561 0.1000000015
29053  -44.589  -55.934  -26.081 0.1000000015
30443  -43.485  -55.619  -26.302 0.1000000015
30423  -48.408  -55.131  -25.330 0.1000000015
30444  -43.993  -55.578  -25.898 0.1000000015
33083  -45.124  -52.565  -23.675 0.1000000015
31765  -47.163  -54.545  -24.664 0.1000000015
30422  -47.780  -54.818  -25.092 0.1000000015
30405  -47.928  -55.105  -24.550 0.1000000015
30419  -42.576  -55.412  -25.511 0.1000000015
26388  -39.731  -58.802  -26.316 0.1000000015
36980  -44.166  -50.965  -21.212 0.1000000015
33066  -44.877  -52.732  -23.031 0.1000000015
33067  -45.275  -53.269  -23.503 0.1000000015
31764  -46.116  -53.889  -24.309 0.1000000015
29032  -39.774  -57.169  -26.033 0.1000000015
41024  -43.033  -47.943  -19.781 0.1000000015
41023  -42.871  -47.350  -19.276 0.1000000015
42277  -42.728  -46.172  -19.454 0.1000000015
30386  -47.920  -55.409  -23.594 0.1000000015
30387  -49.003  -56.113  -23.777 0.1000000015
27647  -48.748  -57.859  -25.584 0.1000000015
30385  -47.113  -55.249  -22.785 0.1000000015
29038  -47.189  -56.924  -25.553 0.1000000015
33058  -45.225  -53.450  -22.599 0.1000000015
31746  -45.749  -53.917  -23.399 0.1000000015
31747  -46.687  -54.701  -23.475 0.1000000015
29037  -46.103  -56.538  -25.525 0.1000000015
36962  -43.751  -50.083  -20.129 0.1000000015
36963  -44.183  -50.739  -20.466 0.1000000015
33057  -44.703  -52.859  -22.326 0.1000000015
31763  -45.557  -53.613  -23.909 0.1000000015
30421  -44.174  -55.691  -25.175 0.1000000015
38311  -43.731  -49.438  -19.590 0.1000000015
30418  -41.528  -55.652  -25.678 0.1000000015
27644  -39.673  -57.907  -25.568 0.1000000015
39662  -43.242  -48.350  -19.184 0.1000000015
39661  -43.026  -47.863  -18.642 0.1000000015
42264  -42.602  -46.502  -18.451 0.1000000015
43397  -41.952  -45.076  -17.901 0.1000000015
43417  -42.354  -45.306  -18.694 0.1000000015
27629  -49.403  -57.980  -24.820 0.1000000015
27646  -48.022  -57.608  -25.092 0.1000000015
35604  -44.570  -51.072  -20.162 0.1000000015
33048  -44.855  -53.194  -21.866 0.1000000015
31738  -45.870  -54.252  -22.520 0.1000000015
38288  -43.806  -48.961  -18.795 0.1000000015
36936  -43.869  -50.032  -19.664 0.1000000015
36937  -44.433  -50.358  -19.391 0.1000000015
35629  -44.462  -51.722  -20.754 0.1000000015
34328  -44.535  -52.500  -21.610 0.1000000015
29036  -45.171  -56.191  -25.463 0.1000000015
39645  -43.441  -48.020  -18.270 0.1000000015
39644  -43.099  -47.805  -18.379 0.1000000015
42244  -43.234  -47.067  -17.530 0.1000000015
42243  -42.833  -46.764  -17.640 0.1000000015
42219  -42.802  -46.247  -17.195 0.1000000015
43373  -42.855  -45.707  -16.733 0.1000000015
43398  -42.390  -45.676  -17.548 0.1000000015
44496  -42.133  -44.936  -17.436 0.1000000015
30367  -48.380  -56.057  -23.042 0.1000000015
28999  -49.333  -56.512  -23.707 0.1000000015
29000  -49.590  -56.912  -23.786 0.1000000015
31739  -46.498  -54.862  -22.314 0.1000000015
39646  -44.231  -48.566  -18.252 0.1000000015
38312  -44.009  -49.644  -19.019 0.1000000015
39621  -43.655  -47.843  -17.905 0.1000000015
42220  -43.452  -46.663  -17.080 0.1000000015
44471  -42.335  -44.551  -16.765 0.1000000015
45590  -42.651  -43.896  -16.320 0.1000000015
30366  -47.691  -55.615  -22.504 0.1000000015
28975  -49.195  -56.487  -23.027 0.1000000015
31725  -46.061  -54.386  -21.772 0.1000000015
34304  -44.771  -52.563  -20.927 0.1000000015
33049  -45.454  -53.679  -21.592 0.1000000015
40995  -44.310  -47.675  -17.529 0.1000000015
40976  -44.237  -47.149  -17.106 0.1000000015
43374  -43.744  -45.720  -16.414 0.1000000015
44472  -43.199  -44.911  -16.220 0.1000000015
44445  -42.922  -44.215  -16.131 0.1000000015
45591  -43.136  -43.393  -16.035 0.1000000015
30365  -46.994  -55.300  -21.994 0.1000000015
34305  -45.384  -52.922  -20.837 0.1000000015
33050  -46.117  -54.023  -21.220 0.1000000015
38289  -44.490  -49.439  -18.617 0.1000000015
36914  -44.877  -49.958  -18.638 0.1000000015
35605  -45.132  -51.489  -19.983 0.1000000015
44473  -44.111  -44.870  -16.007 0.1000000015
44446  -43.611  -44.167  -15.831 0.1000000015
45592  -44.044  -43.323  -15.712 0.1000000015
34274  -45.696  -52.351  -20.210 0.1000000015
36915  -45.501  -50.175  -18.664 0.1000000015
39623  -44.717  -48.103  -17.810 0.1000000015
42221  -44.415  -46.377  -16.637 0.1000000015
44447  -44.479  -44.076  -15.747 0.1000000015
45593  -44.983  -43.333  -15.709 0.1000000015
39647  -45.075  -48.756  -18.114 0.1000000015
40996  -45.052  -47.531  -17.300 0.1000000015
40977  -45.172  -46.846  -16.798 0.1000000015
42222  -45.255  -46.072  -16.591 0.1000000015
43375  -44.690  -45.516  -16.323 0.1000000015
45618  -45.528  -43.831  -16.050 0.1000000015
45594  -45.717  -43.130  -15.880 0.1000000015
44475  -46.012  -44.489  -16.425 0.1000000015
42223  -45.857  -45.852  -16.674 0.1000000015
43376  -45.543  -45.322  -16.439 0.1000000015
43377  -46.257  -45.334  -16.633 0.1000000015
19970  -42.338  -63.769  -32.147 0.1000000015
18641  -44.068  -64.549  -32.222 0.1000000015
19988  -42.052  -64.099  -33.245 0.1000000015
18679  -44.720  -64.162  -33.339 0.1000000015
19958  -45.786  -63.678  -30.587 0.1000000015
21318  -45.222  -62.708  -30.596 0.1000000015
21347  -45.569  -63.416  -31.892 0.1000000015
18660  -45.228  -64.192  -32.748 0.1000000015
21384  -44.579  -63.033  -33.765 0.1000000015
33159  -44.306  -53.036  -29.631 0.1000000015
29151  -42.996  -56.339  -32.848 0.1000000015
29173  -43.341  -57.100  -33.194 0.1000000015
27796  -43.285  -57.492  -33.852 0.1000000015
21271  -44.147  -62.424  -29.116 0.1000000015
22609  -43.567  -62.101  -30.031 0.1000000015
21270  -43.292  -62.146  -28.822 0.2000000030
21335  -43.792  -62.324  -31.606 0.1000000015
35735  -46.181  -51.412  -24.821 0.1000000015
35751  -47.502  -50.855  -26.473 0.1000000015
35803  -47.421  -52.092  -30.003 0.1000000015
35789  -46.760  -51.477  -29.608 0.1000000015
33185  -46.207  -53.057  -30.816 0.1000000015
31877  -46.383  -53.306  -30.612 0.1000000015
30516  -44.451  -55.201  -31.070 0.1000000015
29152  -43.355  -56.656  -32.298 0.1000000015
29134  -43.880  -55.957  -31.431 0.1000000015
23988  -43.455  -60.138  -34.303 0.1000000015
27773  -43.494  -57.527  -32.687 0.1000000015
25268  -43.803  -59.267  -33.995 0.1000000015
23930  -40.439  -60.063  -29.680 0.1000000015
22590  -41.797  -61.446  -28.253 0.2000000030
22578  -42.448  -61.873  -27.732 0.2000000030
26421  -40.485  -58.466  -29.378 0.1000000015
25255  -41.787  -59.275  -32.040 0.1000000015
23971  -42.595  -59.989  -33.168 0.1000000015
35765  -48.168  -51.063  -27.015 0.1000000015
34444  -48.718  -52.296  -28.631 0.1000000015
33187  -48.116  -53.368  -30.050 0.1000000015
31859  -45.605  -54.057  -29.860 0.1000000015
27772  -43.200  -57.871  -32.407 0.1000000015
23987  -43.226  -59.981  -33.792 0.1000000015
27713  -41.529  -57.178  -29.451 0.1000000015
27727  -43.113  -56.885  -30.848 0.1000000015
33138  -49.467  -54.007  -28.881 0.1000000015
33161  -47.991  -53.980  -29.692 0.1000000015
31840  -46.559  -54.101  -28.800 0.1000000015
27748  -42.849  -57.619  -31.723 0.1000000015
39723  -45.449  -48.137  -23.545 0.1000000015
29069  -44.672  -56.278  -26.901 0.1000000015
30459  -41.777  -56.498  -27.649 0.1000000015
22567  -41.479  -61.515  -26.393 0.2000000030
30478  -43.552  -55.405  -28.480 0.1000000015
30465  -47.704  -55.621  -28.153 0.1000000015
31822  -46.089  -54.878  -27.752 0.1000000015
30477  -42.922  -55.686  -29.153 0.1000000015
31825  -49.545  -54.459  -28.247 0.1000000015
30466  -49.425  -55.406  -28.009 0.1000000015
42308  -43.197  -46.764  -20.939 0.1000000015
31748  -47.467  -54.901  -24.049 0.1000000015
44495  -42.092  -44.363  -17.697 0.1000000015
34329  -44.956  -53.007  -21.343 0.1000000015
21079  -37.354  -62.623  -14.365 0.5000000000
13187  -40.173  -68.675  -18.346 0.5000000000
13177  -40.259  -68.935  -17.823 0.5000000000
19744  -37.882  -63.965  -15.563 0.5000000000
14537  -40.056  -68.125  -18.917 0.5000000000
22417  -36.532  -61.485  -13.312 0.5000000000
15858  -39.432  -67.240  -18.809 0.5000000000
22427  -37.009  -61.583  -14.094 0.5000000000
23715  -36.959  -60.530  -13.761 0.5000000000
22432  -37.583  -61.671  -14.947 0.5000000000
23728  -37.644  -60.542  -14.460 0.4000000060
23738  -38.006  -60.856  -15.190 0.4000000060
18463  -40.789  -65.128  -19.576 0.5000000000
18464  -41.789  -64.797  -19.538 0.5000000000
18441  -41.910  -64.227  -18.955 0.5000000000
18442  -43.073  -64.330  -18.629 0.5000000000
21120  -44.565  -62.384  -17.648 0.5000000000
21119  -44.161  -62.353  -17.280 0.5000000000
22477  -42.747  -61.505  -18.283 0.4000000060
22476  -41.582  -61.199  -18.380 0.4000000060
11877  -42.036  -69.398  -14.919 0.1000000015
11904  -40.333  -69.148  -17.457 0.5000000000
21070  -36.903  -62.517  -13.288 0.5000000000
19724  -37.587  -63.389  -13.487 0.5000000000
19736  -37.804  -63.797  -14.538 0.5000000000
18408  -38.644  -65.115  -15.781 0.4000000060
13186  -39.756  -68.377  -18.139 0.5000000000
22416  -36.131  -61.389  -12.625 0.5000000000
21069  -36.443  -62.102  -12.703 0.5000000000
23704  -35.918  -60.547  -12.480 0.5000000000
24966  -35.460  -59.669  -11.432 0.5000000000
24980  -35.762  -59.895  -12.205 0.5000000000
23714  -36.428  -60.523  -13.096 0.5000000000
26146  -36.005  -58.534  -11.638 0.4000000060
24981  -36.474  -59.481  -12.714 0.3000000119
24996  -36.900  -59.757  -13.393 0.5000000000
24997  -37.803  -59.448  -13.728 0.4000000060
24982  -37.262  -59.102  -13.157 0.3000000119
21088  -38.348  -62.353  -16.302 0.6999999881
19753  -38.220  -63.175  -17.163 0.5000000000
26160  -36.480  -58.687  -12.261 0.3000000119
26161  -37.326  -58.295  -12.647 0.3000000119
25017  -38.325  -59.706  -14.310 0.4000000060
23739  -38.819  -60.607  -15.373 0.5000000000
22444  -38.948  -61.859  -16.311 0.6000000238
19763  -38.634  -63.688  -17.834 0.6000000238
17159  -38.689  -65.803  -18.407 0.6000000238
15874  -39.631  -66.947  -19.284 0.5000000000
15875  -40.234  -66.806  -20.043 0.3000000119
24999  -39.605  -59.115  -14.073 0.4000000060
22435  -40.575  -60.885  -15.825 0.5000000000
21114  -39.087  -62.989  -17.882 0.6000000238
21135  -40.275  -63.333  -18.330 0.6000000238
18440  -40.766  -64.344  -19.094 0.5000000000
26180  -38.755  -58.422  -13.418 0.4000000060
26181  -39.767  -58.402  -13.708 0.4000000060
23740  -39.944  -60.195  -15.292 0.5000000000
21099  -41.517  -62.198  -17.118 0.5000000000
19765  -41.402  -63.309  -18.165 0.5000000000
19780  -42.118  -63.738  -18.417 0.5000000000
27418  -39.576  -57.133  -13.290 0.4000000060
26182  -40.249  -57.854  -13.772 0.4000000060
26200  -40.615  -58.229  -14.244 0.5000000000
23742  -42.130  -60.014  -15.238 0.5000000000
22437  -42.714  -60.475  -15.786 0.4000000060
21117  -42.339  -62.609  -17.411 0.5000000000
21118  -43.375  -62.488  -17.170 0.5000000000
27438  -40.362  -57.433  -13.907 0.4000000060
26201  -41.418  -58.226  -14.743 0.5000000000
23743  -43.066  -59.946  -15.742 0.4000000060
22449  -43.748  -61.259  -16.902 0.4000000060
21102  -44.039  -61.696  -16.939 0.5000000000
26214  -41.323  -58.335  -15.428 0.5000000000
25039  -42.197  -59.293  -16.219 0.4000000060
23761  -42.173  -60.256  -17.284 0.4000000060
23780  -42.367  -60.846  -17.712 0.4000000060
25037  -40.570  -59.209  -16.634 0.3000000119
25055  -40.855  -59.710  -17.027 0.4000000060
23778  -40.903  -60.606  -18.163 0.3000000119
23777  -39.871  -60.621  -18.528 0.3000000119
22474  -39.913  -61.188  -19.171 0.3000000119
13135  -41.823  -68.326  -14.000 0.1000000015
13147  -41.990  -69.107  -14.322 0.1000000015
14468  -42.499  -67.574  -13.811 0.1000000015
13136  -42.106  -68.313  -14.320 0.1000000015
14496  -42.205  -68.257  -14.789 0.4000000060
13157  -41.430  -68.821  -15.521 0.4000000060
13167  -40.947  -69.178  -16.122 0.4000000060
13156  -40.524  -68.519  -16.001 0.4000000060
13166  -40.130  -68.730  -16.706 0.5000000000
11896  -40.196  -69.053  -17.136 0.5000000000
19709  -37.547  -63.281  -12.474 0.5000000000
18384  -38.104  -64.258  -14.956 0.4000000060
14506  -39.750  -67.920  -16.298 0.5000000000
13165  -39.283  -68.122  -16.992 0.5000000000
22405  -35.690  -61.315  -11.989 0.5000000000
21053  -36.235  -62.109  -11.916 0.5000000000
21054  -36.907  -62.672  -12.209 0.5000000000
22366  -35.549  -61.481  -10.670 0.5000000000
22383  -35.576  -61.181  -11.493 0.5000000000
15822  -38.721  -66.374  -16.552 0.6000000238
24945  -35.137  -59.325  -10.587 0.4000000060
27394  -35.710  -58.077  -11.024 0.2000000030
27372  -36.232  -56.973  -10.785 0.2000000030
27395  -36.429  -57.424  -11.291 0.3000000119
27396  -37.332  -57.329  -12.028 0.3000000119
27416  -38.200  -57.319  -12.656 0.4000000060
28783  -37.905  -56.432  -12.357 0.3000000119
28757  -37.095  -56.442  -11.472 0.3000000119
30176  -37.821  -55.536  -12.612 0.4000000060
30177  -38.359  -56.206  -12.808 0.4000000060
28808  -39.129  -56.586  -13.296 0.4000000060
28831  -40.330  -56.943  -13.932 0.4000000060
27453  -40.045  -57.159  -14.644 0.4000000060
30201  -37.875  -55.283  -13.403 0.3000000119
30233  -38.137  -56.016  -14.490 0.3000000119
28845  -38.475  -56.716  -15.167 0.3000000119
27472  -40.959  -57.760  -15.140 0.4000000060
28860  -38.086  -56.991  -15.817 0.3000000119
26228  -38.824  -58.388  -16.666 0.3000000119
25054  -39.839  -59.483  -17.198 0.4000000060
25076  -39.388  -59.883  -18.027 0.3000000119
28859  -37.732  -56.648  -16.408 0.2000000030
28873  -37.648  -56.691  -17.537 0.2000000030
26244  -38.359  -58.724  -17.650 0.3000000119
23776  -38.941  -60.157  -18.809 0.3000000119
30264  -38.139  -55.029  -18.198 0.1000000015
27512  -37.809  -56.789  -18.713 0.2000000030
25074  -37.995  -59.126  -18.738 0.4000000060
32997  -42.837  -53.661  -18.242 0.1000000015
14486  -42.858  -67.338  -13.940 0.1000000015
14485  -42.353  -67.681  -14.269 0.1000000015
14484  -42.086  -67.496  -14.701 0.5000000000
14495  -41.666  -68.083  -15.110 0.4000000060
14494  -40.526  -67.750  -15.525 0.4000000060
19725  -38.172  -64.031  -13.542 0.4000000060
18369  -38.837  -64.330  -13.559 0.4000000060
17100  -40.007  -65.579  -14.529 0.4000000060
15809  -40.084  -66.547  -15.213 0.5000000000
21038  -36.317  -62.286  -11.024 0.5000000000
15823  -39.407  -67.040  -15.911 0.4000000060
23659  -34.945  -60.576  -9.369 0.4000000060
22358  -35.240  -61.244  -9.771 0.4000000060
22384  -35.861  -61.768  -11.342 0.5000000000
23658  -34.754  -59.862  -9.630 0.4000000060
23672  -35.072  -60.345  -10.395 0.5000000000
23671  -34.898  -59.659  -10.150 0.4000000060
26117  -34.650  -58.288  -9.398 0.3000000119
26125  -34.883  -58.415  -9.964 0.3000000119
27371  -35.660  -57.347  -10.443 0.3000000119
28733  -35.641  -56.499  -9.895 0.2000000030
28735  -36.702  -56.106  -10.852 0.2000000030
30103  -36.187  -55.398  -9.534 0.1000000015
30126  -37.064  -55.501  -11.037 0.3000000119
32870  -37.250  -53.579  -10.624 0.1000000015
31546  -37.330  -54.653  -11.556 0.3000000119
31570  -37.587  -54.231  -12.714 0.3000000119
32885  -37.340  -53.432  -11.682 0.2000000030
31591  -37.611  -54.304  -13.803 0.2000000030
30232  -37.594  -55.513  -15.192 0.2000000030
34189  -37.670  -52.351  -14.026 0.2000000030
32949  -37.377  -53.479  -15.416 0.2000000030
34208  -37.558  -52.623  -15.008 0.2000000030
32969  -37.685  -53.412  -16.613 0.1000000015
31656  -37.629  -54.837  -17.173 0.2000000030
30263  -37.746  -55.670  -17.686 0.2000000030
34222  -39.389  -52.114  -16.811 0.1000000015
34233  -38.835  -52.628  -17.135 0.1000000015
32993  -39.054  -54.105  -18.408 0.1000000015
31664  -39.338  -54.636  -18.982 0.1000000015
34235  -40.616  -52.315  -17.472 0.1000000015
32980  -41.208  -52.921  -17.923 0.1000000015
32994  -39.687  -53.797  -18.523 0.1000000015
32981  -42.253  -53.071  -17.689 0.1000000015
32996  -41.820  -53.565  -18.387 0.1000000015
32983  -44.173  -53.191  -17.682 0.1000000015
32985  -45.841  -53.113  -18.058 0.1000000015
15798  -43.115  -67.093  -14.006 0.3000000119
15797  -42.696  -67.003  -14.427 0.3000000119
18357  -41.823  -64.859  -12.230 0.3000000119
17081  -42.211  -65.816  -13.657 0.3000000119
15796  -41.882  -66.701  -14.588 0.3000000119
15810  -41.158  -67.187  -14.890 0.4000000060
18356  -40.497  -64.557  -12.487 0.3000000119
18371  -41.061  -64.841  -13.095 0.3000000119
15795  -40.909  -66.384  -14.678 0.5000000000
19696  -38.393  -63.625  -10.792 0.4000000060
19711  -39.111  -64.150  -12.231 0.5000000000
18370  -39.815  -64.643  -13.435 0.4000000060
18386  -39.713  -65.015  -13.989 0.4000000060
21022  -35.522  -61.904  -9.335 0.4000000060
21030  -36.063  -62.400  -10.101 0.4000000060
21039  -36.856  -62.742  -11.303 0.5000000000
19702  -37.545  -63.252  -11.508 0.5000000000
23628  -34.790  -60.458  -7.097 0.4000000060
22325  -34.783  -60.702  -8.292 0.4000000060
24926  -34.550  -59.377  -8.201 0.4000000060
23651  -34.702  -60.179  -8.740 0.4000000060
24889  -34.910  -59.177  -6.842 0.4000000060
26081  -35.178  -58.456  -6.552 0.3000000119
26111  -34.521  -58.547  -8.517 0.3000000119
27341  -35.006  -57.239  -8.217 0.3000000119
27355  -34.642  -57.806  -8.700 0.3000000119
28682  -35.518  -56.542  -7.567 0.3000000119
28704  -35.408  -56.473  -8.560 0.2000000030
32823  -36.927  -53.918  -8.734 0.1000000015
32845  -36.942  -54.084  -9.259 0.1000000015
34124  -37.540  -52.508  -10.788 0.1000000015
34145  -37.520  -52.364  -12.430 0.2000000030
35435  -37.636  -51.859  -11.275 0.1000000015
35448  -37.902  -51.206  -11.505 0.1000000015
34170  -37.592  -52.476  -13.096 0.2000000030
35470  -37.865  -51.306  -12.304 0.2000000030
35518  -38.040  -51.396  -14.130 0.2000000030
35529  -38.407  -51.399  -15.194 0.1000000015
36859  -38.872  -50.973  -15.372 0.1000000015
35543  -39.227  -51.514  -16.214 0.1000000015
36879  -40.437  -50.965  -16.228 0.1000000015
35561  -40.616  -51.855  -17.057 0.1000000015
34236  -41.661  -52.285  -17.188 0.1000000015
34225  -42.384  -51.979  -16.782 0.1000000015
34226  -43.063  -52.052  -16.917 0.1000000015
34239  -44.607  -52.429  -17.474 0.1000000015
35566  -45.987  -51.657  -17.509 0.1000000015
34241  -46.425  -52.432  -17.847 0.1000000015
34243  -48.457  -52.036  -17.988 0.1000000015
34244  -49.444  -51.979  -18.022 0.1000000015
34245  -50.257  -51.966  -18.094 0.1000000015
35584  -51.653  -51.243  -18.053 0.1000000015
18348  -41.871  -65.157  -11.223 0.3000000119
18349  -42.324  -65.440  -11.891 0.2000000030
18342  -41.106  -64.880  -10.475 0.3000000119
18341  -39.819  -64.223  -10.901 0.4000000060
18326  -39.078  -64.158  -10.153 0.3000000119
21017  -35.966  -62.481  -8.099 0.3000000119
21023  -36.042  -62.457  -8.915 0.3000000119
19690  -36.707  -62.931  -9.242 0.4000000060
19695  -37.401  -63.273  -10.514 0.4000000060
23611  -35.151  -60.456  -6.351 0.3000000119
21016  -35.493  -61.939  -8.341 0.3000000119
19691  -37.385  -63.392  -9.525 0.4000000060
19692  -38.219  -63.712  -9.792 0.4000000060
18308  -38.886  -64.437  -8.861 0.3000000119
26062  -35.616  -58.669  -5.597 0.3000000119
24890  -35.061  -59.383  -6.187 0.3000000119
27284  -36.290  -57.760  -5.573 0.3000000119
27283  -35.611  -58.102  -5.975 0.3000000119
27299  -36.103  -57.037  -6.279 0.3000000119
27317  -35.105  -57.632  -7.252 0.3000000119
28683  -36.037  -55.946  -7.516 0.3000000119
30066  -36.593  -55.270  -7.585 0.2000000030
32811  -37.033  -53.902  -7.901 0.1000000015
32825  -38.195  -52.925  -8.061 0.1000000015
34092  -39.268  -52.169  -8.356 0.1000000015
34090  -37.669  -52.713  -9.224 0.1000000015
35418  -39.391  -51.240  -9.541 0.1000000015
34125  -38.057  -52.172  -10.035 0.1000000015
36763  -38.605  -50.954  -10.554 0.1000000015
36809  -38.412  -50.641  -12.177 0.1000000015
36830  -38.724  -50.471  -13.544 0.2000000030
36831  -39.403  -49.804  -13.449 0.2000000030
36849  -39.776  -50.068  -14.487 0.2000000030
36861  -40.665  -50.379  -15.455 0.1000000015
36850  -40.577  -49.850  -14.861 0.1000000015
36880  -41.385  -50.829  -16.234 0.1000000015
36863  -42.466  -50.019  -15.958 0.1000000015
36881  -42.300  -50.704  -16.287 0.1000000015
35548  -43.852  -51.199  -16.690 0.1000000015
36882  -43.324  -50.363  -16.340 0.1000000015
35549  -44.581  -51.083  -17.003 0.1000000015
36895  -45.709  -51.152  -17.310 0.1000000015
35567  -46.902  -51.529  -17.534 0.1000000015
35569  -48.910  -51.218  -17.592 0.1000000015
35570  -49.952  -51.189  -17.724 0.1000000015
35583  -50.748  -51.549  -17.950 0.1000000015
35571  -50.746  -50.911  -17.706 0.1000000015
36920  -52.469  -50.436  -18.387 0.1000000015
36944  -53.096  -50.214  -18.876 0.1000000015
17042  -42.081  -66.099  -10.035 0.2000000030
17054  -42.170  -65.933  -11.295 0.2000000030
18329  -41.841  -65.787  -9.738 0.2000000030
18310  -41.187  -65.619  -8.960 0.2000000030
18328  -41.287  -65.476  -9.500 0.3000000119
22302  -35.707  -61.635  -6.315 0.3000000119
20993  -35.647  -62.154  -7.410 0.3000000119
19684  -37.182  -63.520  -8.542 0.3000000119
19685  -37.911  -63.827  -9.014 0.3000000119
24868  -35.561  -59.745  -5.296 0.3000000119
23589  -35.628  -60.802  -5.441 0.3000000119
19667  -37.362  -63.859  -7.628 0.3000000119
18307  -37.848  -64.093  -8.352 0.3000000119
27272  -36.990  -57.919  -4.804 0.2000000030
26063  -36.237  -58.470  -5.168 0.2000000030
27285  -37.361  -57.308  -5.344 0.3000000119
28647  -36.847  -56.793  -5.997 0.3000000119
28665  -37.358  -56.141  -6.489 0.3000000119
28664  -36.366  -56.280  -6.902 0.3000000119
30048  -37.049  -55.663  -7.015 0.2000000030
31462  -36.876  -54.508  -7.701 0.1000000015
31450  -38.309  -54.721  -6.839 0.2000000030
32813  -38.711  -53.275  -7.510 0.1000000015
34080  -39.467  -52.811  -7.823 0.1000000015
35420  -41.285  -51.361  -9.324 0.1000000015
35421  -42.223  -51.318  -9.841 0.1000000015
35449  -43.639  -50.907  -10.939 0.1000000015
35419  -40.309  -51.231  -9.316 0.1000000015
36767  -41.901  -50.545  -10.367 0.1000000015
36768  -42.636  -50.518  -10.604 0.1000000015
38163  -44.354  -49.437  -11.159 0.1000000015
38165  -46.306  -49.491  -11.273 0.1000000015
38167  -48.252  -49.588  -11.657 0.1000000015
36765  -40.175  -50.287  -10.555 0.1000000015
38140  -41.298  -49.876  -10.694 0.1000000015
39496  -43.871  -48.552  -11.322 0.1000000015
39497  -44.773  -48.459  -11.138 0.1000000015
39499  -46.818  -48.522  -11.305 0.1000000015
40864  -48.213  -47.764  -11.664 0.1000000015
38158  -39.869  -49.814  -11.386 0.1000000015
39493  -41.009  -48.629  -11.820 0.1000000015
38180  -39.727  -49.568  -11.904 0.1000000015
38206  -40.363  -48.992  -13.307 0.2000000030
38229  -40.708  -49.212  -14.327 0.1000000015
38230  -41.520  -48.968  -14.962 0.1000000015
38244  -41.946  -49.611  -15.406 0.1000000015
36864  -42.980  -49.773  -16.031 0.1000000015
36883  -44.413  -50.537  -16.545 0.1000000015
36884  -45.469  -50.617  -16.873 0.1000000015
36896  -46.325  -50.931  -17.260 0.1000000015
36898  -48.353  -50.338  -17.100 0.1000000015
36897  -47.289  -50.694  -17.161 0.1000000015
36899  -49.325  -50.388  -17.404 0.1000000015
36900  -50.214  -50.265  -17.514 0.1000000015
36901  -51.074  -50.240  -17.632 0.1000000015
16983  -38.779  -65.850  -7.087 0.2000000030
18309  -40.417  -65.278  -8.658 0.2000000030
18327  -40.175  -64.693  -9.719 0.3000000119
18277  -38.400  -64.916  -6.415 0.2000000030
18290  -39.262  -65.003  -7.584 0.2000000030
22303  -36.287  -62.331  -6.311 0.3000000119
20969  -36.641  -62.822  -6.824 0.3000000119
19649  -37.069  -63.415  -7.013 0.3000000119
23574  -35.989  -61.050  -4.865 0.3000000119
22281  -36.023  -61.411  -5.298 0.3000000119
20956  -36.716  -62.731  -6.006 0.3000000119
20970  -37.051  -63.211  -6.442 0.3000000119
26041  -37.496  -58.494  -4.185 0.2000000030
24850  -36.400  -59.617  -4.361 0.3000000119
18289  -38.169  -64.402  -7.642 0.2000000030
27273  -37.898  -57.690  -4.684 0.2000000030
28648  -37.816  -56.653  -5.824 0.3000000119
28649  -38.718  -56.791  -5.882 0.3000000119
28666  -38.320  -56.180  -6.327 0.3000000119
30049  -37.781  -55.386  -6.838 0.2000000030
30051  -39.697  -55.719  -6.694 0.2000000030
31452  -40.071  -54.947  -6.888 0.2000000030
32805  -39.890  -54.149  -6.914 0.2000000030
32826  -41.093  -52.881  -8.109 0.1000000015
40858  -42.681  -47.815  -11.857 0.1000000015
40860  -44.255  -47.827  -11.409 0.1000000015
40861  -45.109  -47.463  -11.587 0.1000000015
40862  -46.279  -47.568  -11.482 0.1000000015
39520  -41.522  -48.101  -12.384 0.1000000015
40885  -42.399  -47.682  -12.372 0.1000000015
42139  -43.891  -47.211  -12.539 0.1000000015
42142  -46.162  -46.503  -12.698 0.1000000015
39519  -40.890  -48.499  -12.810 0.1000000015
40916  -42.445  -47.547  -13.126 0.1000000015
40918  -43.903  -47.228  -13.559 0.1000000015
42170  -44.550  -46.794  -13.320 0.1000000015
42172  -46.525  -46.138  -13.594 0.1000000015
39546  -41.679  -48.126  -13.407 0.1000000015
40942  -43.481  -47.754  -14.095 0.1000000015
40944  -45.243  -47.251  -14.625 0.1000000015
40958  -45.816  -47.586  -15.150 0.1000000015
39571  -42.425  -48.420  -14.465 0.1000000015
39588  -43.115  -48.849  -15.206 0.1000000015
39589  -43.991  -48.670  -15.269 0.1000000015
39591  -46.298  -48.317  -15.630 0.1000000015
38247  -44.562  -49.188  -15.810 0.1000000015
38257  -44.166  -49.845  -16.266 0.1000000015
38258  -45.025  -49.817  -16.342 0.1000000015
36885  -46.610  -50.204  -16.779 0.1000000015
15662  -38.286  -66.593  -4.514 0.3000000119
18269  -37.955  -64.968  -5.269 0.3000000119
19643  -38.078  -64.466  -5.873 0.3000000119
19651  -38.110  -64.265  -6.238 0.3000000119
18276  -38.294  -64.526  -6.874 0.3000000119
22277  -36.136  -61.343  -4.937 0.3000000119
20952  -36.759  -62.749  -5.046 0.3000000119
20953  -37.216  -63.355  -5.251 0.3000000119
19650  -37.658  -63.832  -6.624 0.3000000119
26021  -38.083  -58.704  -3.610 0.2000000030
23560  -36.744  -61.059  -3.833 0.3000000119
22273  -36.746  -61.662  -3.950 0.3000000119
26042  -38.440  -58.192  -4.131 0.2000000030
27275  -39.641  -57.605  -4.909 0.2000000030
27274  -38.840  -57.551  -4.728 0.2000000030
27287  -39.202  -57.234  -5.505 0.2000000030
27300  -39.568  -57.226  -6.048 0.3000000119
28668  -40.225  -56.536  -6.737 0.2000000030
40959  -46.587  -47.329  -15.256 0.1000000015
39604  -46.708  -48.752  -16.109 0.1000000015
38249  -46.294  -48.973  -16.201 0.1000000015
38259  -45.985  -49.658  -16.456 0.1000000015
14317  -38.898  -67.072  -3.996 0.1000000015
15648  -39.267  -66.416  -3.295 0.2000000030
15647  -38.442  -66.276  -3.694 0.3000000119
16963  -38.017  -65.709  -4.322 0.3000000119
16952  -38.188  -65.478  -3.371 0.3000000119
18266  -37.876  -64.841  -4.143 0.3000000119
19638  -36.843  -62.912  -4.395 0.3000000119
19639  -37.265  -63.460  -4.536 0.3000000119
24809  -37.910  -60.253  -2.707 0.3000000119
22274  -37.214  -61.702  -3.309 0.3000000119
19634  -36.889  -63.005  -3.920 0.3000000119
26014  -39.504  -59.049  -2.928 0.2000000030
26043  -39.420  -58.125  -4.216 0.2000000030
26044  -40.531  -58.268  -4.782 0.1000000015
27288  -40.007  -57.577  -5.624 0.2000000030
26065  -41.598  -58.625  -5.576 0.1000000015
26082  -40.834  -57.702  -6.419 0.2000000030
27301  -40.258  -57.336  -6.399 0.2000000030
27302  -40.909  -57.536  -6.693 0.2000000030
27318  -40.685  -57.139  -6.879 0.3000000119
16936  -38.245  -65.051  -2.845 0.3000000119
18263  -37.908  -64.668  -3.256 0.3000000119
18262  -37.765  -64.038  -2.992 0.3000000119
19635  -37.426  -63.342  -3.422 0.3000000119
23545  -38.631  -60.792  -2.085 0.3000000119
22266  -37.654  -61.813  -2.609 0.3000000119
20944  -37.609  -62.540  -2.729 0.3000000119
24811  -39.890  -59.506  -2.494 0.2000000030
26015  -39.953  -59.093  -2.920 0.2000000030
26025  -41.559  -59.208  -4.061 0.1000000015
26066  -42.050  -58.829  -5.821 0.1000000015
26084  -42.039  -58.703  -6.265 0.1000000015
26095  -41.451  -58.083  -7.085 0.1000000015
19631  -39.351  -63.661  -1.767 0.3000000119
19613  -39.869  -63.510  -1.505 0.2000000030
19630  -38.765  -63.539  -2.035 0.3000000119
20945  -38.198  -62.873  -2.140 0.3000000119
23546  -39.591  -60.280  -1.991 0.2000000030
23522  -39.554  -61.119  -1.522 0.3000000119
22267  -38.218  -61.935  -2.007 0.3000000119
24812  -40.747  -59.566  -2.464 0.2000000030
23547  -40.497  -60.092  -1.963 0.2000000030
24835  -43.708  -60.120  -3.925 0.1000000015
24834  -42.660  -59.730  -3.634 0.1000000015
23562  -43.976  -60.318  -4.290 0.1000000015
24853  -42.612  -59.710  -4.574 0.1000000015
24871  -42.401  -59.284  -5.611 0.1000000015
24854  -43.179  -60.089  -5.055 0.1000000015
24872  -43.104  -59.795  -5.900 0.1000000015
24891  -42.691  -59.246  -6.663 0.1000000015
20932  -40.383  -62.573  -1.022 0.2000000030
22251  -40.355  -61.602  -1.067 0.2000000030
22250  -39.580  -61.940  -1.301 0.2000000030
23524  -41.280  -60.492  -1.459 0.2000000030
24814  -42.541  -59.711  -2.732 0.1000000015
24813  -41.621  -59.684  -2.497 0.2000000030
23576  -43.908  -60.409  -4.671 0.1000000015
23590  -43.842  -60.432  -5.660 0.1000000015
24892  -43.451  -59.877  -6.513 0.1000000015
23577  -44.603  -60.640  -4.904 0.1000000015
23591  -44.876  -61.127  -5.882 0.1000000015
23612  -44.161  -60.455  -6.789 0.1000000015
23592  -45.949  -61.206  -5.561 0.1000000015
22283  -45.162  -61.330  -6.169 0.1000000015
19752  -37.980  -63.759  -16.678 0.4000000060
21087  -37.745  -62.834  -15.649 0.5000000000
18407  -38.243  -64.660  -16.052 0.4000000060
22433  -38.307  -61.598  -15.726 0.5000000000
21096  -38.113  -62.925  -16.630 0.6000000238
17128  -38.537  -65.417  -16.253 0.5000000000
17099  -39.067  -65.234  -14.877 0.4000000060
19762  -38.118  -64.233  -17.300 0.5000000000
14520  -39.221  -67.912  -17.798 0.5000000000
18423  -37.980  -64.746  -16.890 0.6000000238
17174  -39.177  -66.480  -18.931 0.5000000000
17176  -40.704  -65.862  -20.224 0.5000000000
15839  -38.657  -66.742  -17.561 0.5000000000
11912  -40.744  -69.474  -18.750 0.5000000000
15857  -39.022  -66.931  -18.453 0.5000000000
23729  -38.458  -60.171  -14.819 0.4000000060
18462  -40.189  -65.430  -19.533 0.4000000060
19767  -43.326  -63.108  -17.732 0.5000000000
22450  -44.130  -61.701  -17.316 0.4000000060
22479  -44.259  -62.015  -18.184 0.4000000060
22460  -42.935  -61.032  -17.583 0.4000000060
22475  -40.579  -61.229  -18.775 0.3000000119
23779  -41.672  -60.586  -17.819 0.4000000060
13148  -42.347  -68.821  -14.752 0.2000000030
19737  -38.340  -64.241  -14.030 0.5000000000
17127  -38.197  -64.978  -16.479 0.4000000060
25018  -39.069  -59.576  -14.419 0.3000000119
22434  -39.381  -61.111  -15.874 0.4000000060
21097  -38.980  -62.579  -17.141 0.6000000238
26162  -38.238  -57.958  -13.078 0.4000000060
24998  -38.923  -59.160  -13.849 0.4000000060
23730  -39.213  -59.946  -14.944 0.5000000000
22445  -39.897  -61.664  -16.497 0.6000000238
19764  -39.279  -63.257  -18.118 0.6000000238
18438  -38.828  -64.722  -18.478 0.6000000238
18424  -38.285  -64.792  -17.710 0.6000000238
17144  -38.155  -65.629  -17.171 0.6000000238
17160  -39.103  -65.264  -18.925 0.5000000000
17175  -39.605  -65.892  -19.371 0.5000000000
26199  -40.189  -58.858  -14.142 0.4000000060
25019  -39.947  -59.471  -14.555 0.4000000060
23741  -41.122  -60.027  -15.336 0.5000000000
21098  -40.421  -62.254  -17.161 0.6000000238
22446  -41.311  -61.546  -16.452 0.5000000000
19778  -39.772  -63.713  -18.507 0.5000000000
19779  -40.950  -63.684  -18.523 0.5000000000
18439  -39.698  -64.785  -19.091 0.5000000000
27436  -39.416  -57.922  -13.412 0.4000000060
27417  -39.114  -57.447  -13.138 0.4000000060
25020  -40.792  -59.044  -14.420 0.5000000000
22436  -41.803  -60.665  -15.739 0.5000000000
22447  -42.556  -61.199  -16.264 0.4000000060
19766  -42.252  -63.179  -17.982 0.5000000000
28810  -40.187  -57.068  -13.667 0.4000000060
30219  -39.144  -56.381  -13.808 0.3000000119
27454  -40.531  -57.525  -14.562 0.5000000000
25031  -41.832  -58.910  -15.044 0.5000000000
22448  -43.269  -60.922  -16.449 0.4000000060
21101  -43.412  -61.777  -16.689 0.5000000000
27473  -41.550  -58.044  -15.207 0.5000000000
25040  -42.762  -59.430  -15.939 0.4000000060
23749  -43.211  -60.470  -16.561 0.4000000060
25057  -42.635  -59.887  -16.643 0.4000000060
26229  -39.853  -58.745  -16.451 0.4000000060
26213  -40.368  -58.211  -15.587 0.4000000060
26231  -41.732  -58.854  -15.816 0.4000000060
23760  -41.286  -60.190  -17.470 0.4000000060
19710  -38.431  -63.882  -12.610 0.5000000000
18385  -38.833  -64.664  -14.448 0.4000000060
14505  -39.051  -67.300  -16.775 0.5000000000
22367  -35.913  -62.054  -10.820 0.5000000000
15808  -39.235  -66.091  -15.783 0.5000000000
26126  -35.209  -58.410  -10.455 0.3000000119
28734  -36.179  -56.418  -10.471 0.2000000030
30148  -37.468  -55.696  -11.818 0.3000000119
30218  -38.339  -56.000  -13.868 0.3000000119
28830  -39.702  -56.766  -14.421 0.3000000119
28829  -38.817  -56.347  -14.322 0.3000000119
27471  -39.636  -57.367  -15.086 0.3000000119
30217  -37.725  -55.277  -14.200 0.2000000030
28844  -37.695  -56.093  -15.765 0.3000000119
27484  -38.420  -57.445  -16.048 0.3000000119
27483  -37.897  -57.180  -16.479 0.3000000119
30243  -37.500  -55.377  -16.402 0.2000000030
27496  -38.167  -58.024  -17.003 0.3000000119
26245  -39.140  -58.961  -17.121 0.4000000060
25053  -39.008  -59.329  -17.654 0.4000000060
28888  -37.782  -56.466  -18.240 0.2000000030
26243  -37.854  -58.004  -17.695 0.3000000119
26260  -37.818  -58.400  -18.548 0.2000000030
31657  -38.041  -54.592  -17.768 0.2000000030
30280  -38.417  -55.425  -18.824 0.2000000030
31667  -42.409  -54.241  -18.778 0.1000000015
32982  -43.248  -53.140  -17.661 0.1000000015
19703  -38.330  -63.618  -11.705 0.4000000060
18355  -39.291  -64.298  -12.757 0.5000000000
17117  -39.498  -65.987  -15.159 0.5000000000
23652  -34.956  -60.622  -8.915 0.4000000060
27356  -35.131  -57.217  -9.332 0.3000000119
28719  -35.533  -56.397  -9.264 0.2000000030
31523  -36.988  -54.593  -10.219 0.2000000030
31501  -36.984  -54.236  -9.559 0.1000000015
30085  -35.776  -55.835  -8.931 0.1000000015
32895  -37.453  -53.071  -12.526 0.2000000030
34133  -37.432  -52.515  -11.779 0.2000000030
32910  -37.531  -53.312  -13.418 0.2000000030
31605  -37.380  -54.409  -14.776 0.2000000030
32929  -37.454  -53.405  -14.392 0.2000000030
31618  -37.362  -54.432  -15.851 0.2000000030
34220  -37.709  -52.746  -15.820 0.1000000015
31640  -37.520  -54.433  -16.667 0.2000000030
35542  -38.570  -51.687  -15.837 0.1000000015
34221  -38.422  -52.348  -16.403 0.1000000015
32970  -38.301  -52.888  -17.054 0.1000000015
32977  -37.832  -54.137  -17.224 0.2000000030
34234  -39.596  -52.546  -17.439 0.1000000015
35544  -40.108  -51.564  -16.661 0.1000000015
32979  -40.060  -52.982  -18.082 0.1000000015
32978  -38.702  -53.510  -17.729 0.1000000015
31665  -40.370  -54.243  -19.090 0.1000000015
35562  -41.036  -51.927  -17.192 0.1000000015
32995  -40.753  -53.542  -18.572 0.1000000015
34237  -42.722  -52.509  -17.229 0.1000000015
32984  -45.038  -53.189  -17.822 0.1000000015
34242  -47.447  -52.191  -17.906 0.1000000015
17068  -42.923  -66.090  -12.870 0.3000000119
17082  -42.759  -66.459  -13.572 0.3000000119
18358  -42.511  -65.511  -12.540 0.3000000119
18347  -40.896  -64.650  -11.505 0.3000000119
18373  -42.672  -65.740  -13.123 0.3000000119
17080  -41.217  -65.446  -13.658 0.3000000119
18346  -39.771  -64.340  -11.916 0.3000000119
17079  -40.352  -65.105  -13.696 0.3000000119
18340  -39.092  -63.897  -10.752 0.4000000060
19704  -39.070  -63.981  -11.734 0.4000000060
22352  -35.128  -61.099  -8.771 0.4000000060
21031  -36.709  -62.762  -10.603 0.4000000060
22326  -35.009  -61.172  -7.509 0.4000000060
26093  -34.687  -58.653  -7.711 0.3000000119
28663  -35.640  -56.948  -6.800 0.3000000119
30086  -36.266  -55.211  -8.584 0.2000000030
32824  -37.526  -53.187  -8.505 0.1000000015
34107  -37.793  -52.880  -9.958 0.1000000015
35436  -38.246  -51.425  -10.498 0.1000000015
35496  -38.087  -51.246  -13.067 0.2000000030
36783  -38.499  -50.740  -11.007 0.1000000015
36848  -38.828  -50.758  -14.778 0.1000000015
35530  -38.897  -51.232  -15.692 0.1000000015
36860  -39.523  -50.792  -15.622 0.1000000015
35545  -41.153  -51.547  -16.768 0.1000000015
35546  -42.013  -51.401  -16.565 0.1000000015
35563  -43.541  -51.764  -16.943 0.1000000015
34238  -43.653  -52.410  -17.292 0.1000000015
35564  -44.205  -51.715  -17.188 0.1000000015
35568  -47.910  -51.352  -17.479 0.1000000015
18343  -41.797  -65.586  -10.325 0.2000000030
17055  -42.556  -65.890  -12.226 0.2000000030
19683  -36.522  -62.874  -8.327 0.3000000119
19694  -36.849  -62.998  -10.010 0.4000000060
30067  -37.196  -55.214  -7.165 0.1000000015
35405  -38.939  -51.638  -8.896 0.1000000015
32812  -37.779  -53.546  -7.644 0.1000000015
35406  -39.822  -51.656  -8.777 0.1000000015
35417  -38.571  -51.716  -9.499 0.1000000015
35437  -38.873  -51.307  -9.968 0.1000000015
36746  -40.706  -50.723  -9.788 0.1000000015
36785  -39.961  -49.959  -11.109 0.1000000015
36810  -39.133  -49.930  -12.538 0.1000000015
38243  -41.151  -49.699  -15.154 0.1000000015
38231  -42.192  -49.014  -15.206 0.1000000015
16995  -41.195  -65.930  -8.741 0.2000000030
20968  -36.100  -62.358  -6.854 0.3000000119
20994  -36.299  -62.653  -7.520 0.3000000119
19666  -36.791  -63.240  -7.636 0.3000000119
26040  -36.646  -58.655  -4.629 0.3000000119
24849  -35.873  -60.375  -4.783 0.3000000119
24851  -36.971  -59.020  -4.114 0.3000000119
31463  -37.446  -54.549  -7.246 0.1000000015
31451  -39.293  -54.837  -6.734 0.2000000030
32804  -39.000  -53.965  -6.871 0.1000000015
34081  -40.057  -53.090  -7.704 0.1000000015
35407  -40.673  -51.788  -8.846 0.1000000015
34109  -41.903  -51.695  -9.234 0.1000000015
35438  -42.495  -50.985  -10.379 0.1000000015
35439  -43.270  -51.360  -10.418 0.1000000015
36788  -44.794  -50.414  -11.229 0.1000000015
36787  -43.969  -50.333  -10.992 0.1000000015
36766  -41.060  -50.348  -10.300 0.1000000015
38141  -42.110  -49.833  -10.722 0.1000000015
38162  -43.393  -49.455  -11.067 0.1000000015
38164  -45.300  -49.438  -11.195 0.1000000015
39498  -45.792  -48.412  -10.995 0.1000000015
38166  -47.308  -49.562  -11.463 0.1000000015
39500  -47.774  -48.619  -11.538 0.1000000015
38159  -40.493  -49.581  -11.276 0.1000000015
38161  -42.460  -49.179  -11.145 0.1000000015
38160  -41.542  -49.217  -11.213 0.1000000015
39495  -42.965  -48.484  -11.448 0.1000000015
40863  -47.276  -47.653  -11.608 0.1000000015
40865  -49.077  -47.838  -11.694 0.1000000015
38181  -40.269  -49.003  -12.287 0.1000000015
39494  -41.984  -48.274  -11.652 0.1000000015
39570  -41.325  -48.684  -14.217 0.1000000015
38245  -42.692  -49.425  -15.526 0.1000000015
16974  -38.183  -65.877  -6.005 0.2000000030
18291  -40.096  -65.423  -8.103 0.2000000030
22282  -36.314  -62.070  -5.604 0.3000000119
23575  -36.337  -60.642  -4.347 0.3000000119
22278  -36.400  -61.594  -4.656 0.3000000119
20957  -37.218  -63.263  -5.821 0.3000000119
24829  -37.474  -59.445  -3.446 0.3000000119
24828  -36.725  -60.237  -3.728 0.3000000119
28667  -39.354  -56.579  -6.346 0.3000000119
30050  -38.788  -55.589  -6.612 0.2000000030
32815  -40.732  -53.703  -7.545 0.2000000030
34094  -41.515  -52.256  -8.699 0.1000000015
40887  -44.140  -47.364  -12.031 0.1000000015
42117  -45.881  -46.980  -12.036 0.1000000015
42119  -47.746  -46.888  -11.990 0.1000000015
42169  -43.819  -47.029  -12.972 0.1000000015
42141  -45.155  -46.821  -12.535 0.1000000015
42171  -45.512  -46.516  -13.376 0.1000000015
40941  -42.767  -47.774  -13.747 0.1000000015
40943  -44.437  -47.303  -14.130 0.1000000015
39573  -44.205  -48.027  -14.652 0.1000000015
39590  -45.046  -48.210  -15.239 0.1000000015
38248  -45.531  -48.997  -16.004 0.1000000015
16968  -38.040  -65.983  -5.103 0.3000000119
15676  -38.202  -66.782  -5.425 0.3000000119
18268  -37.643  -64.262  -4.692 0.3000000119
19642  -37.682  -63.937  -5.538 0.3000000119
20948  -36.761  -62.329  -4.079 0.3000000119
24830  -38.264  -59.033  -3.207 0.3000000119
26022  -38.913  -58.664  -3.368 0.2000000030
23561  -37.263  -60.606  -3.212 0.3000000119
30052  -40.421  -55.753  -7.031 0.2000000030
31465  -40.708  -54.880  -7.172 0.2000000030
14334  -39.429  -67.935  -4.391 0.1000000015
16937  -38.977  -65.456  -2.651 0.2000000030
16953  -38.659  -65.958  -3.178 0.3000000119
18265  -37.768  -64.048  -3.882 0.3000000119
24810  -38.725  -59.559  -2.682 0.3000000119
23544  -37.760  -61.149  -2.587 0.3000000119
26023  -40.104  -58.733  -3.466 0.2000000030
26064  -40.750  -57.945  -5.939 0.1000000015
26083  -41.326  -58.095  -6.600 0.2000000030
18247  -38.359  -64.347  -2.564 0.3000000119
24832  -40.945  -59.232  -3.105 0.2000000030
26024  -41.085  -58.914  -3.893 0.2000000030
26045  -41.478  -58.919  -4.581 0.1000000015
24870  -41.992  -59.224  -4.936 0.1000000015
24852  -41.984  -59.419  -4.230 0.1000000015
24833  -41.745  -59.472  -3.471 0.1000000015
19612  -39.210  -63.253  -1.632 0.3000000119
23521  -38.960  -61.567  -1.646 0.3000000119
23523  -40.373  -60.760  -1.432 0.2000000030
22232  -40.970  -61.754  -0.778 0.2000000030
22252  -41.077  -61.197  -0.973 0.2000000030
24815  -43.490  -59.716  -2.858 0.1000000015
15891  -40.847  -66.724  -20.841 0.3000000119
14587  -40.620  -67.507  -21.329 0.3000000119
10804  -39.730  -70.521  -25.140 0.2000000030
8430  -39.018  -72.821  -25.982 0.2000000030
13238  -40.349  -68.369  -22.011 0.4000000060
13260  -40.196  -68.621  -22.629 0.3000000119
15892  -40.959  -66.158  -21.253 0.4000000060
11980  -40.273  -69.873  -22.799 0.3000000119
17177  -41.709  -65.361  -20.166 0.4000000060
15912  -41.082  -66.008  -21.883 0.4000000060
12000  -40.072  -69.462  -23.554 0.3000000119
17200  -41.553  -65.665  -21.131 0.4000000060
15937  -40.771  -66.813  -23.587 0.4000000060
17178  -42.796  -65.055  -20.038 0.4000000060
18465  -42.931  -64.662  -19.363 0.4000000060
15930  -41.411  -65.984  -22.546 0.4000000060
14622  -40.450  -67.605  -23.741 0.3000000119
13294  -40.360  -68.821  -25.553 0.3000000119
17201  -42.686  -65.298  -20.791 0.4000000060
17217  -41.939  -65.769  -22.083 0.4000000060
15938  -41.753  -66.244  -23.366 0.3000000119
13275  -40.398  -68.179  -24.515 0.4000000060
18443  -44.237  -64.312  -18.360 0.4000000060
17231  -42.926  -65.846  -22.598 0.4000000060
15949  -42.332  -66.711  -24.365 0.3000000119
19782  -44.311  -63.746  -17.852 0.4000000060
17202  -43.785  -65.414  -20.481 0.4000000060
17219  -43.642  -65.523  -21.172 0.4000000060
15931  -43.321  -66.223  -23.194 0.4000000060
19783  -45.087  -63.534  -17.826 0.4000000060
17232  -44.211  -65.774  -21.966 0.4000000060
15940  -43.922  -66.632  -23.627 0.3000000119
19769  -44.911  -62.893  -17.676 0.4000000060
17180  -45.077  -65.204  -19.499 0.4000000060
17220  -44.659  -65.716  -21.055 0.4000000060
15932  -44.201  -66.263  -22.899 0.4000000060
18445  -45.444  -63.758  -18.276 0.4000000060
17182  -46.140  -64.665  -19.783 0.4000000060
17204  -45.836  -65.361  -20.169 0.4000000060
17233  -45.360  -65.894  -21.702 0.4000000060
15941  -45.029  -66.711  -23.504 0.3000000119
19784  -45.439  -63.238  -18.111 0.4000000060
18485  -46.209  -64.687  -20.198 0.4000000060
17222  -46.182  -65.262  -21.001 0.4000000060
15933  -45.488  -66.281  -22.577 0.3000000119
15942  -45.982  -66.401  -23.486 0.2000000030
21139  -44.640  -62.394  -18.253 0.3000000119
19798  -45.385  -63.281  -18.789 0.4000000060
21158  -45.068  -62.804  -18.671 0.4000000060
19808  -45.286  -63.720  -19.680 0.4000000060
18490  -45.862  -64.664  -21.130 0.4000000060
18499  -46.201  -64.976  -21.963 0.4000000060
15934  -46.195  -66.161  -22.837 0.2000000030
17241  -46.256  -65.841  -23.393 0.2000000030
17258  -45.946  -66.131  -25.337 0.3000000119
21137  -43.302  -62.124  -18.640 0.3000000119
21157  -44.441  -62.694  -18.910 0.3000000119
19796  -43.924  -63.160  -19.561 0.3000000119
18498  -45.145  -64.618  -22.208 0.3000000119
18509  -45.941  -65.281  -23.252 0.2000000030
17247  -46.234  -65.898  -24.490 0.2000000030
17276  -45.465  -65.867  -26.261 0.2000000030
22493  -41.810  -61.824  -18.900 0.3000000119
19795  -42.886  -63.032  -19.782 0.3000000119
18483  -44.680  -64.110  -20.528 0.4000000060
18508  -45.349  -64.752  -23.218 0.1000000015
21154  -41.334  -62.124  -19.594 0.3000000119
19805  -42.066  -63.294  -20.530 0.3000000119
19814  -43.253  -63.916  -21.413 0.2000000030
18497  -43.830  -64.292  -22.376 0.2000000030
18517  -46.127  -65.215  -24.537 0.1000000015
17277  -46.155  -65.206  -26.558 0.2000000030
19812  -41.386  -63.441  -21.518 0.2000000030
19818  -41.665  -63.650  -22.438 0.2000000030
18496  -43.098  -64.104  -22.973 0.1000000015
18515  -44.520  -64.453  -24.184 0.1000000015
18532  -45.804  -64.607  -25.302 0.1000000015
18533  -46.213  -64.778  -25.687 0.1000000015
22491  -40.348  -61.612  -19.610 0.2000000030
21167  -41.553  -62.695  -20.059 0.3000000119
19804  -41.045  -63.011  -20.815 0.3000000119
23793  -38.572  -60.333  -19.611 0.2000000030
22490  -39.640  -61.363  -19.802 0.1000000015
21166  -40.372  -62.279  -20.386 0.3000000119
19811  -40.586  -63.086  -21.564 0.2000000030
19826  -41.877  -63.604  -23.416 0.1000000015
18514  -43.732  -64.283  -24.088 0.1000000015
19857  -45.203  -64.070  -25.696 0.1000000015
19858  -45.818  -64.322  -26.086 0.1000000015
23800  -38.932  -60.994  -20.087 0.2000000030
21165  -39.764  -62.129  -20.618 0.2000000030
21174  -39.992  -62.686  -21.360 0.2000000030
19817  -40.775  -63.312  -22.411 0.1000000015
19835  -41.994  -63.398  -24.516 0.1000000015
19837  -43.871  -63.907  -24.846 0.1000000015
19876  -44.943  -63.515  -26.263 0.1000000015
19931  -46.931  -64.092  -27.981 0.1000000015
22505  -38.950  -61.738  -21.378 0.1000000015
21178  -40.031  -62.803  -22.300 0.2000000030
21185  -39.491  -62.261  -23.095 0.1000000015
21195  -40.548  -62.903  -24.313 0.1000000015
21217  -41.772  -62.468  -25.518 0.1000000015
19855  -43.278  -63.391  -25.481 0.1000000015
21219  -43.629  -62.948  -26.199 0.1000000015
19904  -45.820  -63.474  -27.402 0.1000000015
18597  -45.411  -64.402  -28.593 0.1000000015
21194  -39.743  -62.283  -24.080 0.1000000015
22554  -41.071  -61.751  -25.654 0.1000000015
21248  -44.432  -62.622  -27.961 0.1000000015
21273  -46.195  -63.423  -28.833 0.1000000015
21231  -42.316  -62.085  -26.326 0.1000000015
28685  -41.466  -56.642  -7.588 0.2000000030
25092  -38.260  -59.656  -19.148 0.2000000030
25100  -37.968  -59.805  -19.935 0.1000000015
22497  -38.488  -61.204  -20.855 0.1000000015
23809  -38.064  -60.293  -21.295 0.1000000015
22524  -38.874  -61.660  -22.882 0.1000000015
23818  -38.410  -60.336  -22.266 0.1000000015
22534  -39.005  -61.479  -23.868 0.1000000015
21215  -40.111  -62.197  -24.841 0.1000000015
21249  -45.622  -63.286  -27.919 0.1000000015
21218  -42.790  -62.672  -25.937 0.1000000015
22553  -40.329  -61.482  -25.393 0.1000000015
15928  -40.054  -67.075  -22.060 0.3000000119
15911  -40.564  -66.683  -21.613 0.4000000060
12016  -39.886  -69.572  -24.564 0.3000000119
14621  -40.229  -68.064  -23.237 0.3000000119
14608  -40.212  -67.504  -22.758 0.3000000119
17218  -42.807  -65.554  -21.634 0.4000000060
15947  -40.808  -67.180  -24.099 0.3000000119
17179  -43.956  -65.163  -19.741 0.4000000060
17239  -42.317  -65.898  -22.999 0.4000000060
15939  -42.900  -66.411  -23.693 0.3000000119
18467  -45.165  -64.650  -18.893 0.4000000060
18484  -45.572  -64.317  -20.308 0.4000000060
17234  -46.125  -65.669  -22.109 0.2000000030
15952  -45.482  -66.842  -24.526 0.2000000030
18482  -43.880  -63.966  -20.731 0.3000000119
18489  -44.861  -64.412  -21.311 0.2000000030
17248  -46.317  -65.513  -25.302 0.2000000030
21155  -42.417  -62.359  -19.278 0.3000000119
19806  -43.249  -63.571  -20.491 0.3000000119
18507  -44.313  -64.448  -23.276 0.2000000030
18516  -45.419  -64.670  -24.476 0.1000000015
18488  -43.945  -64.221  -21.363 0.4000000060
19819  -42.749  -63.903  -22.452 0.2000000030
18506  -43.370  -64.206  -23.477 0.1000000015
17296  -46.337  -64.874  -26.875 0.1000000015
19836  -43.011  -63.755  -24.484 0.1000000015
19838  -44.614  -64.182  -25.035 0.1000000015
19803  -40.471  -62.827  -21.012 0.3000000119
19825  -41.023  -63.375  -23.351 0.1000000015
19856  -44.283  -63.547  -25.772 0.1000000015
19906  -46.776  -64.144  -27.478 0.1000000015
23799  -38.224  -60.479  -20.389 0.1000000015
22512  -38.814  -61.559  -22.144 0.1000000015
21186  -40.264  -62.837  -23.272 0.1000000015
21196  -41.205  -63.029  -24.830 0.1000000015
19854  -42.499  -63.215  -25.269 0.1000000015
21250  -46.387  -63.547  -28.299 0.1000000015
21216  -40.802  -62.351  -25.162 0.1000000015
19929  -45.902  -64.284  -29.018 0.1000000015
23836  -39.125  -60.921  -24.570 0.1000000015
22511  -38.525  -61.033  -22.614 0.1000000015
10666  -41.435  -70.924  -17.674 0.3000000119
9474  -41.379  -71.212  -18.335 0.2000000030
9473  -40.791  -71.939  -18.420 0.3000000119
10701  -41.588  -70.656  -20.005 0.2000000030
11897  -40.797  -69.668  -16.833 0.4000000060
10665  -41.209  -70.458  -17.515 0.2000000030
11905  -40.677  -69.521  -17.876 0.4000000060
10676  -41.172  -70.098  -18.362 0.3000000119
9486  -41.240  -71.504  -19.414 0.2000000030
10688  -41.410  -70.492  -19.044 0.2000000030
9491  -40.702  -72.283  -20.284 0.1000000015
9492  -41.250  -71.439  -20.531 0.2000000030
11924  -41.105  -69.644  -19.562 0.3000000119
8343  -40.183  -73.066  -19.893 0.1000000015
10721  -41.388  -70.755  -20.822 0.2000000030
8353  -40.308  -73.266  -21.044 0.1000000015
141730  -40.302  -72.638  -22.865 0.1000000015
9501  -40.603  -72.021  -21.482 0.1000000015
10742  -40.372  -71.200  -22.575 0.1000000015
141735  -39.644  -72.805  -23.084 0.1000000015
8365  -39.950  -72.993  -22.076 0.1000000015
141731  -39.067  -73.180  -23.660 0.1000000015
13204  -40.524  -68.732  -19.232 0.3000000119
11959  -41.202  -70.019  -21.159 0.2000000030
11981  -40.661  -70.006  -21.940 0.2000000030
9502  -41.167  -71.290  -21.115 0.2000000030
141734  -39.645  -72.973  -24.031 0.1000000015
141737  -38.480  -72.823  -23.885 0.1000000015
14553  -40.298  -67.778  -19.589 0.2000000030
13220  -40.846  -68.664  -20.144 0.3000000119
141741  -40.094  -72.073  -23.678 0.1000000015
7248  -38.063  -73.410  -24.507 0.1000000015
7266  -38.596  -73.612  -24.928 0.1000000015
14567  -40.661  -67.715  -20.577 0.3000000119
13261  -40.481  -69.290  -22.216 0.3000000119
10786  -40.069  -70.701  -23.926 0.2000000030
7279  -38.332  -73.440  -26.135 0.1000000015
7267  -39.139  -73.356  -25.296 0.1000000015
9571  -39.649  -72.036  -24.983 0.1000000015
7290  -37.012  -73.193  -27.064 0.1000000015
9592  -39.102  -72.103  -26.156 0.1000000015
9607  -37.083  -72.547  -27.254 0.1000000015
9591  -38.148  -71.962  -26.702 0.1000000015
12026  -40.077  -69.468  -25.829 0.1000000015
10828  -39.601  -70.697  -26.227 0.1000000015
10824  -35.362  -71.084  -27.021 0.1000000015
10826  -37.520  -70.902  -26.778 0.1000000015
10827  -38.662  -70.923  -26.696 0.1000000015
12048  -40.097  -69.394  -26.808 0.1000000015
14631  -41.848  -67.368  -24.959 0.3000000119
12047  -39.197  -69.736  -27.011 0.1000000015
10687  -41.134  -69.924  -18.939 0.2000000030
13239  -40.714  -68.738  -21.456 0.3000000119
8429  -38.599  -72.824  -26.356 0.1000000015
11941  -41.521  -70.005  -20.042 0.2000000030
11940  -41.158  -69.552  -20.477 0.3000000119
9605  -35.571  -72.082  -27.337 0.1000000015
10825  -36.419  -70.912  -26.810 0.1000000015
9604  -34.551  -72.028  -27.308 0.1000000015
14647  -40.948  -68.210  -25.355 0.2000000030
13334  -40.222  -68.440  -27.391 0.1000000015
14679  -39.761  -67.692  -27.279 0.1000000015
14680  -40.587  -67.823  -27.458 0.2000000030
15988  -38.944  -66.664  -26.921 0.1000000015
13316  -41.356  -68.718  -26.869 0.2000000030
13336  -41.797  -68.322  -27.268 0.2000000030
15989  -40.134  -66.832  -27.137 0.2000000030
13337  -42.443  -68.113  -27.086 0.1000000015
15990  -41.014  -67.118  -27.188 0.2000000030
15992  -42.172  -67.262  -27.138 0.1000000015
14648  -41.466  -68.033  -25.501 0.2000000030
13317  -42.227  -68.293  -26.794 0.1000000015
15973  -41.421  -66.572  -27.050 0.1000000015
14632  -42.893  -67.328  -25.027 0.2000000030
14649  -42.376  -67.859  -25.626 0.2000000030
13319  -43.588  -67.795  -26.333 0.1000000015
15975  -42.788  -67.052  -26.872 0.1000000015
14650  -43.350  -67.815  -25.608 0.1000000015
14667  -43.353  -67.559  -26.610 0.1000000015
15950  -43.434  -66.875  -24.365 0.2000000030
14633  -43.917  -67.461  -24.929 0.2000000030
14634  -44.756  -67.317  -24.912 0.2000000030
15976  -43.807  -66.790  -26.570 0.1000000015
14651  -44.264  -67.485  -25.624 0.1000000015
15951  -44.484  -67.083  -24.268 0.2000000030
15960  -44.617  -67.055  -25.933 0.1000000015
17274  -43.544  -66.053  -26.849 0.1000000015
12027  -40.604  -69.007  -26.635 0.1000000015
12049  -40.744  -68.944  -27.127 0.1000000015
9460  -41.043  -71.361  -17.421 0.1000000015
15774  -42.643  -66.342  -12.610 0.1000000015
15686  -38.414  -66.946  -6.511 0.1000000015
15724  -41.573  -66.320  -9.636 0.1000000015
15751  -41.829  -66.350  -10.060 0.1000000015
16994  -40.505  -65.710  -8.351 0.1000000015
15695  -39.200  -66.796  -7.547 0.1000000015
15707  -40.489  -66.983  -8.869 0.1000000015
15696  -40.242  -66.719  -8.443 0.1000000015
15697  -40.848  -66.303  -8.641 0.1000000015
15708  -41.047  -66.563  -9.043 0.1000000015
11888  -41.330  -69.783  -15.606 0.2000000030
15785  -42.876  -66.819  -13.450 0.1000000015
16996  -41.488  -66.155  -9.042 0.1000000015
16985  -40.633  -66.088  -8.396 0.1000000015
16984  -39.918  -65.883  -7.879 0.1000000015
15750  -41.352  -66.484  -10.121 0.1000000015
10654  -41.064  -70.665  -16.553 0.1000000015
19614  -40.841  -63.459  -1.318 0.1000000015
18231  -40.368  -64.012  -1.663 0.1000000015
18249  -40.741  -64.734  -1.865 0.1000000015
16938  -40.200  -65.404  -2.291 0.1000000015
15649  -40.378  -66.625  -3.283 0.1000000015
18248  -39.582  -64.326  -1.921 0.1000000015
19616  -42.642  -63.622  -1.296 0.1000000015
18233  -42.216  -64.195  -1.648 0.1000000015
18251  -42.718  -64.777  -2.139 0.1000000015
15642  -42.473  -65.958  -3.012 0.1000000015
19615  -41.783  -63.567  -1.283 0.1000000015
18232  -41.283  -64.118  -1.646 0.1000000015
16939  -41.298  -65.433  -2.373 0.1000000015
15641  -41.884  -66.070  -2.863 0.1000000015
14320  -42.083  -67.194  -3.913 0.1000000015
20916  -42.035  -62.413  -0.748 0.1000000015
18253  -44.651  -64.777  -2.278 0.1000000015
20935  -42.900  -63.196  -1.074 0.1000000015
19617  -43.497  -63.507  -1.229 0.1000000015
18234  -43.136  -64.236  -1.608 0.1000000015
18252  -43.660  -64.769  -2.190 0.1000000015
20934  -42.319  -63.066  -0.976 0.1000000015
16940  -42.328  -65.459  -2.576 0.1000000015
16955  -43.638  -65.849  -3.286 0.1000000015
22233  -41.624  -61.756  -0.760 0.1000000015
22253  -41.939  -61.169  -1.085 0.1000000015
19603  -44.873  -63.066  -0.863 0.1000000015
19618  -44.515  -63.615  -1.272 0.1000000015
18235  -44.091  -64.232  -1.648 0.1000000015
20918  -44.218  -62.450  -0.745 0.1000000015
20917  -43.136  -62.660  -0.826 0.1000000015
22254  -42.874  -61.137  -1.044 0.1000000015
23525  -42.236  -60.489  -1.394 0.1000000015
28684  -40.805  -56.598  -7.223 0.1000000015
30068  -41.073  -55.748  -7.419 0.1000000015
32817  -42.204  -54.207  -8.027 0.1000000015
22255  -43.856  -61.044  -0.933 0.1000000015
23526  -43.152  -60.401  -1.389 0.1000000015
24791  -42.437  -59.886  -1.886 0.1000000015
27319  -41.272  -57.546  -7.190 0.1000000015
32806  -40.357  -54.403  -7.106 0.1000000015
32816  -41.823  -54.064  -7.882 0.1000000015
28686  -42.157  -56.577  -7.936 0.1000000015
32847  -44.067  -53.302  -9.293 0.1000000015
34096  -43.151  -53.140  -8.639 0.1000000015
19602  -44.047  -63.051  -0.956 0.1000000015
19619  -45.491  -63.650  -1.271 0.1000000015
18236  -45.099  -64.252  -1.722 0.1000000015
32827  -41.725  -53.210  -8.148 0.1000000015
14318  -39.865  -67.308  -3.728 0.1000000015
15639  -39.901  -66.067  -2.765 0.1000000015
20915  -41.179  -62.248  -0.754 0.1000000015
31466  -41.456  -54.785  -7.463 0.1000000015
18250  -41.762  -64.759  -2.082 0.1000000015
15640  -40.851  -66.103  -2.736 0.1000000015
14319  -40.993  -67.359  -3.703 0.1000000015
15650  -41.480  -66.611  -3.377 0.1000000015
22234  -42.528  -61.812  -0.730 0.1000000015
22235  -43.524  -61.798  -0.702 0.1000000015
31467  -42.265  -54.731  -7.847 0.1000000015
34095  -42.537  -52.748  -8.636 0.1000000015
26270  -37.714  -58.070  -19.469 0.1000000015
27523  -37.695  -57.729  -18.943 0.1000000015
10641  -38.956  -71.063  -15.719 0.1000000015
9436  -38.549  -71.877  -15.846 0.1000000015
8306  -39.579  -72.303  -16.567 0.1000000015
11885  -38.510  -70.441  -15.401 0.1000000015
10640  -37.775  -71.198  -15.519 0.1000000015
9435  -37.557  -72.000  -15.897 0.1000000015
9437  -39.548  -71.656  -16.028 0.1000000015
11873  -37.595  -70.145  -14.985 0.1000000015
11874  -38.854  -69.624  -15.118 0.1000000015
11886  -39.532  -70.291  -15.412 0.1000000015
10629  -36.116  -71.406  -15.066 0.1000000015
13143  -37.153  -69.329  -14.548 0.1000000015
13132  -36.576  -68.762  -14.073 0.1000000015
13144  -38.124  -68.980  -14.588 0.1000000015
10499  -37.297  -70.496  -4.424 0.1000000015
11744  -37.235  -70.144  -4.901 0.1000000015
14365  -35.130  -67.804  -5.993 0.1000000015
14364  -34.316  -67.465  -6.299 0.1000000015
13028  -33.931  -67.972  -7.145 0.1000000015
14388  -32.654  -67.952  -8.385 0.1000000015
9448  -40.336  -71.506  -16.409 0.1000000015
15694  -32.479  -66.921  -7.492 0.1000000015
13067  -32.605  -69.141  -8.779 0.1000000015
11872  -36.186  -70.290  -14.634 0.1000000015
11871  -34.965  -70.230  -14.269 0.1000000015
8321  -40.254  -72.296  -17.540 0.1000000015
14434  -32.083  -68.156  -10.346 0.1000000015
14441  -31.483  -68.888  -11.295 0.1000000015
11850  -32.105  -69.397  -12.491 0.1000000015
10627  -34.134  -70.360  -14.378 0.1000000015
11861  -34.800  -69.498  -13.663 0.1000000015
13131  -35.589  -68.528  -13.456 0.1000000015
13133  -37.473  -68.574  -14.323 0.1000000015
9485  -40.628  -72.370  -19.318 0.1000000015
15717  -31.888  -66.951  -9.485 0.1000000015
13129  -31.885  -68.978  -13.257 0.1000000015
11860  -33.807  -69.522  -13.210 0.1000000015
13130  -34.697  -68.741  -13.173 0.1000000015
11743  -36.873  -69.784  -5.484 0.1000000015
13007  -36.295  -69.021  -5.909 0.1000000015
13030  -35.566  -68.787  -6.556 0.1000000015
11875  -40.155  -69.547  -14.974 0.1000000015
11887  -40.626  -70.221  -15.366 0.1000000015
10642  -39.962  -70.895  -15.724 0.1000000015
13029  -34.652  -68.334  -6.818 0.1000000015
13048  -33.319  -68.673  -7.811 0.1000000015
13049  -34.051  -69.033  -7.518 0.1000000015
8307  -40.366  -71.941  -16.911 0.1000000015
13109  -31.510  -69.418  -11.108 0.1000000015
11841  -32.058  -69.690  -11.577 0.1000000015
11851  -32.871  -69.403  -12.226 0.1000000015
11842  -32.399  -69.659  -11.178 0.1000000015
13120  -33.550  -68.877  -12.007 0.1000000015
11852  -33.644  -69.093  -12.448 0.1000000015
14463  -36.541  -67.567  -13.375 0.1000000015
10541  -37.203  -71.227  -6.253 0.1000000015
10518  -36.919  -70.414  -6.176 0.1000000015
9348  -37.083  -71.624  -7.079 0.1000000015
9369  -37.276  -72.461  -7.360 0.1000000015
11766  -36.344  -69.759  -6.616 0.1000000015
11787  -35.509  -69.774  -7.343 0.1000000015
13145  -39.373  -68.841  -14.602 0.1000000015
11876  -41.313  -69.531  -14.869 0.1000000015
14482  -38.633  -68.159  -14.349 0.1000000015
10643  -40.705  -70.763  -15.905 0.1000000015
13050  -34.854  -69.125  -7.281 0.1000000015
11784  -32.925  -69.384  -8.401 0.1000000015
13085  -32.521  -69.728  -9.566 0.1000000015
11835  -32.150  -69.813  -10.738 0.1000000015
13103  -31.917  -69.423  -10.470 0.1000000015
13104  -32.705  -69.588  -10.455 0.1000000015
13121  -34.365  -68.339  -12.308 0.1000000015
14462  -35.760  -67.636  -12.989 0.1000000015
13112  -33.833  -68.476  -11.593 0.1000000015
13146  -40.830  -68.641  -14.400 0.1000000015
10540  -36.532  -70.817  -7.024 0.1000000015
9368  -36.208  -71.859  -7.927 0.1000000015
8200  -36.722  -73.046  -8.115 0.1000000015
7045  -37.444  -73.711  -7.795 0.1000000015
14465  -39.101  -67.461  -13.877 0.1000000015
14483  -39.672  -68.105  -14.252 0.1000000015
10564  -35.663  -70.828  -7.582 0.1000000015
14481  -37.961  -68.306  -14.325 0.1000000015
11786  -34.380  -69.960  -7.738 0.1000000015
10563  -34.815  -70.690  -7.903 0.1000000015
15779  -36.729  -66.775  -12.877 0.1000000015
14464  -37.732  -67.739  -13.902 0.1000000015
11785  -33.419  -70.019  -8.339 0.1000000015
14451  -34.817  -67.494  -11.802 0.1000000015
11803  -32.837  -70.125  -8.887 0.1000000015
13086  -33.208  -69.894  -9.795 0.1000000015
14435  -33.444  -68.870  -10.650 0.1000000015
15781  -38.491  -66.774  -13.359 0.1000000015
14452  -35.461  -67.252  -12.257 0.1000000015
15780  -37.409  -66.799  -13.225 0.1000000015
13105  -33.587  -68.983  -10.061 0.1000000015
10562  -34.116  -70.736  -8.415 0.1000000015
10595  -33.080  -70.498  -8.977 0.1000000015
15782  -39.774  -66.757  -13.329 0.1000000015
15770  -38.032  -66.155  -12.796 0.1000000015
9367  -35.100  -71.374  -8.246 0.1000000015
15767  -35.908  -66.552  -11.605 0.1000000015
15768  -36.487  -66.410  -12.191 0.1000000015
17063  -37.628  -65.825  -12.225 0.1000000015
14436  -34.154  -68.189  -10.366 0.1000000015
14445  -35.293  -67.025  -11.229 0.1000000015
9366  -34.570  -71.095  -8.335 0.1000000015
11820  -33.732  -70.311  -9.333 0.1000000015
14410  -34.963  -67.948  -9.488 0.1000000015
10596  -33.481  -70.685  -9.057 0.1000000015
15771  -39.143  -66.177  -12.746 0.1000000015
15772  -40.443  -66.272  -12.575 0.1000000015
17037  -37.458  -65.696  -10.908 0.1000000015
17064  -38.582  -65.755  -12.179 0.1000000015
8214  -35.657  -72.736  -8.848 0.1000000015
15719  -36.315  -66.872  -9.538 0.1000000015
15746  -36.760  -66.245  -10.254 0.1000000015
15745  -35.774  -66.785  -10.334 0.1000000015
15758  -35.961  -66.388  -10.939 0.1000000015
10581  -33.884  -71.074  -8.895 0.1000000015
17065  -39.751  -65.827  -12.044 0.1000000015
17050  -38.040  -65.633  -11.558 0.1000000015
9387  -35.880  -72.686  -8.565 0.1000000015
13088  -35.033  -68.535  -9.217 0.1000000015
9385  -34.504  -71.417  -8.680 0.1000000015
17052  -40.346  -65.785  -11.302 0.1000000015
9386  -35.258  -72.167  -8.761 0.1000000015
8201  -37.491  -73.259  -7.423 0.1000000015
7036  -40.028  -73.502  -6.785 0.1000000015
5984  -38.559  -74.390  -7.549 0.1000000015
6003  -37.866  -74.289  -8.192 0.1000000015
5983  -38.043  -74.500  -7.510 0.1000000015
13006  -35.668  -68.377  -5.308 0.1000000015
14408  -32.425  -68.364  -9.395 0.1000000015
13110  -31.571  -68.876  -10.851 0.1000000015
13118  -31.582  -69.164  -11.673 0.1000000015
11859  -32.892  -69.740  -13.382 0.1000000015
10626  -33.336  -70.190  -13.981 0.1000000015
10637  -34.318  -70.539  -14.990 0.1000000015
11788  -36.082  -70.236  -7.251 0.1000000015
14444  -34.370  -67.770  -11.257 0.1000000015
17049  -37.121  -65.769  -11.770 0.1000000015
14411  -35.836  -67.398  -9.236 0.1000000015
8491  -29.250  -72.755  -31.465 0.1000000015
8490  -28.510  -72.799  -30.863 0.1000000015
7369  -32.339  -74.032  -33.595 0.1000000015
7356  -32.049  -73.441  -33.092 0.1000000015
8506  -32.443  -72.679  -32.905 0.1000000015
8505  -31.537  -72.668  -32.714 0.1000000015
7353  -29.689  -73.632  -31.997 0.1000000015
7370  -33.312  -73.672  -33.692 0.1000000015
8538  -34.245  -72.990  -34.300 0.1000000015
9684  -33.725  -72.264  -34.653 0.1000000015
9632  -29.044  -71.422  -30.858 0.1000000015
9631  -28.428  -71.733  -30.428 0.1000000015
8479  -27.973  -72.569  -30.093 0.1000000015
10879  -30.052  -70.903  -31.439 0.1000000015
8504  -30.701  -72.725  -32.518 0.1000000015
8503  -29.912  -72.722  -32.148 0.1000000015
8507  -33.366  -72.716  -33.002 0.1000000015
7354  -30.454  -73.596  -32.684 0.1000000015
7358  -33.700  -73.285  -33.312 0.1000000015
8521  -34.814  -72.839  -33.664 0.1000000015
8539  -34.992  -72.625  -34.099 0.1000000015
9685  -34.680  -72.033  -34.524 0.1000000015
9564  -31.297  -71.204  -25.447 0.1000000015
9562  -29.798  -71.093  -25.691 0.1000000015
10855  -29.054  -70.419  -30.097 0.1000000015
10854  -28.462  -70.899  -29.767 0.1000000015
10849  -28.407  -70.789  -28.608 0.1000000015
10840  -28.602  -70.475  -27.523 0.1000000015
9582  -28.739  -71.018  -26.816 0.1000000015
10818  -29.506  -70.414  -26.402 0.1000000015
10866  -29.510  -70.678  -30.845 0.1000000015
9602  -28.256  -71.442  -27.577 0.1000000015
10867  -30.182  -70.393  -31.153 0.1000000015
9623  -28.179  -71.722  -29.449 0.1000000015
9643  -31.112  -71.194  -32.104 0.1000000015
9642  -30.446  -71.382  -31.857 0.1000000015
7371  -34.145  -73.329  -33.650 0.1000000015
9585  -32.155  -71.178  -25.947 0.1000000015
10802  -30.375  -70.702  -25.717 0.1000000015
9565  -32.382  -71.295  -25.298 0.1000000015
12076  -29.119  -69.740  -28.556 0.1000000015
13330  -29.983  -68.616  -27.863 0.1000000015
10841  -29.135  -69.989  -27.107 0.1000000015
10850  -28.914  -70.343  -29.330 0.1000000015
12083  -29.504  -69.801  -29.712 0.1000000015
9652  -31.833  -71.695  -32.514 0.1000000015
9653  -32.796  -71.882  -32.698 0.1000000015
9654  -33.666  -71.920  -32.754 0.1000000015
8509  -34.916  -72.249  -32.931 0.1000000015
12110  -31.118  -69.915  -31.254 0.1000000015
9563  -30.477  -71.240  -25.462 0.1000000015
10819  -30.225  -70.261  -26.033 0.1000000015
10881  -31.715  -70.614  -31.961 0.1000000015
9542  -30.008  -71.685  -25.248 0.1000000015
12084  -30.343  -69.296  -29.759 0.1000000015
12095  -31.240  -69.138  -30.404 0.1000000015
8391  -31.270  -72.348  -23.378 0.1000000015
14735  -33.010  -67.739  -30.103 0.1000000015
16020  -34.161  -66.418  -29.489 0.1000000015
12039  -30.284  -69.529  -26.629 0.1000000015
13350  -29.782  -68.864  -28.416 0.1000000015
13368  -30.421  -68.796  -29.118 0.1000000015
13370  -32.054  -68.053  -29.653 0.1000000015
14696  -32.204  -67.533  -28.851 0.1000000015
13386  -32.394  -68.375  -30.366 0.1000000015
14715  -33.189  -67.259  -29.478 0.1000000015
13352  -31.132  -68.052  -28.568 0.1000000015
13331  -30.451  -68.589  -27.334 0.1000000015
14675  -30.751  -68.044  -27.786 0.1000000015
15984  -32.502  -66.872  -27.762 0.1000000015
13369  -31.383  -68.357  -29.414 0.1000000015
14736  -33.652  -67.413  -30.246 0.1000000015
14697  -32.696  -67.338  -28.960 0.1000000015
6002  -37.676  -74.191  -7.870 0.1000000015
7035  -39.257  -74.178  -7.273 0.1000000015
7046  -38.276  -74.360  -8.081 0.1000000015
7247  -37.898  -73.614  -24.864 0.1000000015
7278  -37.465  -73.523  -26.284 0.1000000015
7289  -36.462  -73.235  -26.818 0.1000000015
7333  -27.844  -73.083  -30.017 0.1000000015
7357  -32.944  -73.428  -33.241 0.1000000015
7368  -31.523  -73.974  -33.301 0.1000000015
7387  -34.475  -73.219  -33.977 0.1000000015
8215  -36.075  -73.135  -8.927 0.1000000015
8292  -39.048  -72.172  -16.065 0.1000000015
8411  -38.896  -73.256  -25.737 0.1000000015
8412  -39.298  -72.917  -25.555 0.2000000030
8428  -37.662  -72.897  -26.948 0.1000000015
8445  -36.331  -72.797  -27.193 0.1000000015
8446  -36.948  -72.834  -27.275 0.1000000015
8470  -28.004  -72.496  -29.253 0.1000000015
8508  -34.380  -72.698  -33.089 0.1000000015
9398  -34.577  -71.650  -9.008 0.1000000015
9438  -40.161  -71.217  -15.985 0.1000000015
9447  -39.823  -71.859  -16.289 0.1000000015
9461  -41.465  -71.095  -17.853 0.3000000119
9543  -30.580  -71.778  -24.821 0.1000000015
9584  -31.654  -70.879  -25.926 0.1000000015
9588  -35.579  -71.610  -27.265 0.1000000015
9589  -36.092  -71.670  -27.186 0.1000000015
9590  -37.114  -71.913  -27.148 0.1000000015
9606  -36.530  -72.343  -27.283 0.1000000015
9640  -28.878  -72.059  -31.104 0.1000000015
9641  -29.614  -71.712  -31.532 0.1000000015
9650  -30.247  -72.042  -32.200 0.1000000015
9651  -30.945  -71.913  -32.395 0.1000000015
9655  -34.504  -71.833  -32.765 0.1000000015
10561  -33.594  -70.657  -8.678 0.1000000015
10579  -32.848  -70.416  -8.952 0.1000000015
10580  -33.279  -70.576  -8.874 0.1000000015
10620  -33.408  -70.023  -13.652 0.1000000015
10621  -33.735  -70.177  -13.816 0.1000000015
10677  -41.441  -70.731  -18.097 0.3000000119
10720  -41.081  -70.908  -21.574 0.2000000030
10801  -29.940  -70.537  -25.850 0.1000000015
10803  -30.798  -70.882  -25.645 0.1000000015
10817  -28.973  -70.461  -26.933 0.1000000015
10842  -35.008  -71.593  -27.321 0.1000000015
10843  -35.330  -71.596  -27.302 0.1000000015
10865  -28.828  -70.980  -30.431 0.1000000015
10880  -30.739  -70.630  -31.545 0.1000000015
10891  -32.372  -71.144  -32.393 0.1000000015
10892  -33.039  -71.167  -32.440 0.1000000015
11725  -37.204  -70.136  -4.623 0.1000000015
11765  -35.890  -69.342  -6.774 0.1000000015
11804  -33.066  -70.368  -8.834 0.1000000015
11819  -33.042  -70.306  -9.283 0.1000000015
11833  -31.721  -69.705  -11.191 0.1000000015
11834  -31.896  -69.823  -10.968 0.1000000015
11840  -31.760  -69.481  -11.627 0.1000000015
11849  -31.767  -69.285  -11.996 0.1000000015
11862  -35.597  -69.501  -14.024 0.1000000015
11870  -34.245  -70.101  -13.847 0.1000000015
11925  -41.468  -70.197  -19.683 0.2000000030
11960  -41.428  -70.188  -20.486 0.2000000030
12038  -29.586  -69.744  -26.851 0.1000000015
12060  -28.877  -69.821  -27.714 0.1000000015
12061  -29.563  -69.207  -27.449 0.1000000015
12062  -30.061  -69.069  -27.102 0.1000000015
12065  -40.745  -68.796  -27.328 0.1000000015
12075  -28.630  -70.145  -28.097 0.1000000015
12085  -30.854  -68.889  -29.669 0.1000000015
12093  -29.537  -70.154  -30.330 0.1000000015
12094  -30.215  -69.879  -30.609 0.1000000015
12109  -30.550  -70.160  -31.155 0.1000000015
13031  -36.050  -69.188  -6.472 0.1000000015
13047  -32.857  -68.630  -8.232 0.1000000015
13068  -34.955  -68.908  -9.104 0.1000000015
13087  -34.331  -69.184  -9.458 0.1000000015
13102  -31.691  -69.672  -10.936 0.1000000015
13111  -33.192  -69.128  -11.317 0.1000000015
13119  -31.698  -68.982  -12.294 0.1000000015
13122  -35.157  -68.046  -12.869 0.1000000015
13158  -42.220  -68.712  -15.183 0.4000000060
13175  -39.252  -68.041  -17.461 0.5000000000
13176  -39.742  -68.518  -17.627 0.5000000000
13274  -40.181  -68.601  -23.883 0.3000000119
13283  -40.113  -68.789  -24.965 0.3000000119
13284  -40.558  -68.375  -25.204 0.4000000060
13295  -40.891  -68.642  -25.979 0.2000000030
13296  -41.870  -68.305  -26.240 0.2000000030
13297  -42.787  -68.141  -26.219 0.1000000015
13298  -43.563  -67.965  -26.133 0.1000000015
13299  -43.876  -67.745  -26.118 0.1000000015
13318  -43.022  -68.031  -26.658 0.1000000015
13320  -43.778  -67.627  -26.288 0.1000000015
13335  -40.954  -68.586  -27.401 0.2000000030
13351  -30.557  -68.324  -28.328 0.1000000015
13367  -29.784  -69.258  -29.121 0.1000000015
13385  -31.717  -68.641  -30.235 0.1000000015
14375  -33.391  -67.690  -7.327 0.1000000015
14389  -35.352  -68.212  -9.094 0.1000000015
14409  -34.250  -68.523  -9.846 0.1000000015
14437  -34.935  -67.357  -10.362 0.1000000015
14443  -33.714  -68.380  -11.029 0.1000000015
14453  -36.191  -67.103  -12.747 0.1000000015
14469  -42.974  -67.196  -13.797 0.1000000015
14519  -39.051  -67.573  -17.429 0.5000000000
14535  -38.989  -67.428  -17.957 0.5000000000
14536  -39.501  -67.892  -18.378 0.5000000000
14552  -39.790  -67.582  -18.994 0.5000000000
14586  -40.220  -67.848  -21.952 0.3000000119
14609  -40.368  -67.041  -23.193 0.4000000060
14630  -40.894  -67.654  -24.749 0.4000000060
14652  -44.857  -67.248  -25.235 0.1000000015
14666  -42.807  -67.804  -27.003 0.1000000015
14668  -44.010  -67.411  -26.233 0.1000000015
14678  -39.121  -67.825  -26.976 0.1000000015
14681  -41.402  -67.891  -27.504 0.2000000030
14682  -42.183  -67.760  -27.265 0.1000000015
14694  -30.946  -67.799  -28.134 0.1000000015
14695  -31.566  -67.684  -28.497 0.1000000015
14713  -31.959  -67.869  -29.198 0.1000000015
14714  -32.499  -67.722  -29.535 0.1000000015
14716  -33.790  -66.934  -29.761 0.1000000015
15709  -41.526  -66.241  -9.257 0.1000000015
15718  -35.535  -67.197  -9.749 0.1000000015
15759  -36.513  -65.997  -11.299 0.1000000015
15769  -37.198  -66.291  -12.604 0.1000000015
15873  -39.299  -66.886  -18.876 0.5000000000
15910  -40.360  -67.275  -21.712 0.3000000119
15929  -40.596  -66.528  -22.639 0.3000000119
15948  -41.329  -66.881  -24.251 0.3000000119
15961  -45.150  -66.881  -25.482 0.1000000015
15974  -42.040  -66.728  -27.043 0.1000000015
15977  -44.578  -66.624  -26.284 0.1000000015
15978  -44.953  -66.631  -25.979 0.1000000015
15991  -41.702  -67.281  -27.238 0.2000000030
16003  -31.975  -67.330  -28.448 0.1000000015
16004  -32.355  -67.116  -28.427 0.1000000015
16954  -42.882  -65.790  -3.055 0.1000000015
17016  -41.444  -65.770  -9.077 0.2000000030
17017  -41.724  -65.977  -9.297 0.1000000015
17062  -37.065  -66.006  -12.216 0.1000000015
17101  -41.511  -65.974  -14.297 0.5000000000
17102  -42.426  -66.433  -14.148 0.3000000119
17103  -42.879  -66.784  -14.075 0.3000000119
17116  -39.009  -65.536  -15.353 0.4000000060
17143  -38.133  -65.190  -16.692 0.4000000060
17181  -45.887  -64.901  -19.574 0.4000000060
17199  -40.973  -66.058  -20.889 0.3000000119
17203  -44.895  -65.538  -20.262 0.4000000060
17205  -46.441  -65.023  -20.110 0.4000000060
17221  -45.641  -65.673  -21.003 0.4000000060
17230  -42.031  -65.831  -22.735 0.4000000060
17235  -46.237  -65.245  -21.541 0.4000000060
17240  -42.637  -66.076  -23.180 0.3000000119
17259  -46.154  -65.386  -25.951 0.2000000030
17314  -34.427  -65.840  -29.029 0.1000000015
18230  -39.934  -63.954  -1.688 0.2000000030
18246  -38.017  -63.979  -2.691 0.3000000119
18354  -38.647  -64.159  -13.102 0.4000000060
18372  -42.061  -65.243  -13.047 0.3000000119
18395  -38.286  -64.528  -15.273 0.4000000060
18396  -38.671  -64.956  -15.317 0.4000000060
18444  -45.159  -64.114  -18.248 0.4000000060
18466  -44.108  -64.752  -19.039 0.4000000060
18468  -45.727  -64.224  -19.205 0.4000000060
18469  -46.328  -64.735  -19.952 0.4000000060
18491  -46.310  -64.985  -20.913 0.4000000060
18500  -46.297  -65.102  -21.324 0.4000000060
18518  -46.398  -65.257  -25.132 0.2000000030
18534  -46.425  -65.025  -25.780 0.1000000015
18554  -46.240  -64.666  -26.189 0.1000000015
18555  -46.335  -64.719  -26.558 0.1000000015
18585  -46.488  -64.502  -27.221 0.1000000015
18598  -45.993  -64.465  -28.476 0.1000000015
18599  -46.574  -64.368  -28.108 0.1000000015
18623  -44.571  -64.348  -31.369 0.1000000015
18625  -45.805  -63.962  -31.370 0.1000000015
18642  -44.995  -64.391  -32.089 0.1000000015
18659  -44.451  -64.491  -32.920 0.1000000015
18677  -42.504  -64.371  -33.940 0.1000000015
18680  -45.174  -64.048  -33.161 0.1000000015
18700  -42.767  -64.174  -34.869 0.1000000015
18701  -43.405  -64.002  -34.540 0.1000000015
18720  -42.463  -63.821  -35.405 0.1000000015
19629  -37.968  -63.534  -2.597 0.3000000119
19697  -38.973  -63.792  -11.161 0.4000000060
19768  -44.271  -63.036  -17.573 0.5000000000
19770  -45.115  -62.808  -17.783 0.3000000119
19777  -39.181  -64.197  -18.506 0.5000000000
19781  -43.237  -63.755  -18.152 0.5000000000
19797  -44.897  -63.148  -19.284 0.4000000060
19807  -44.381  -63.630  -20.020 0.4000000060
19813  -42.377  -63.694  -21.468 0.2000000030
19820  -43.413  -64.092  -21.913 0.4000000060
19827  -42.639  -63.859  -23.563 0.1000000015
19834  -41.298  -63.312  -24.119 0.1000000015
19877  -45.646  -63.633  -26.737 0.1000000015
19878  -46.327  -64.256  -26.740 0.1000000015
19879  -46.548  -64.311  -27.041 0.1000000015
19905  -46.530  -63.709  -27.684 0.1000000015
19930  -46.565  -63.967  -28.553 0.1000000015
19972  -45.740  -63.741  -31.573 0.1000000015
19989  -45.054  -63.354  -32.891 0.1000000015
19990  -45.423  -63.724  -32.482 0.1000000015
20014  -45.357  -63.962  -33.002 0.1000000015
20035  -44.438  -63.112  -33.974 0.1000000015
20056  -43.523  -63.202  -34.995 0.1000000015
20914  -40.691  -62.044  -0.811 0.1000000015
20930  -38.753  -62.753  -1.720 0.3000000119
20931  -39.436  -62.705  -1.402 0.2000000030
20933  -41.416  -62.910  -0.935 0.1000000015
20949  -37.170  -62.572  -3.486 0.3000000119
21029  -35.513  -61.838  -10.006 0.5000000000
21100  -42.444  -61.977  -16.782 0.5000000000
21103  -44.228  -61.758  -17.115 0.4000000060
21115  -39.891  -62.885  -17.998 0.6000000238
21116  -41.175  -62.797  -17.708 0.5000000000
21121  -45.252  -62.779  -17.921 0.3000000119
21136  -40.692  -63.181  -18.160 0.6000000238
21138  -44.026  -62.277  -18.511 0.3000000119
21140  -45.243  -62.760  -18.180 0.3000000119
21153  -40.796  -61.902  -19.719 0.3000000119
21156  -43.527  -62.589  -19.128 0.3000000119
21168  -42.207  -62.891  -19.884 0.3000000119
21173  -39.532  -62.275  -20.986 0.2000000030
21177  -39.343  -62.192  -22.030 0.2000000030
21234  -45.422  -63.323  -27.215 0.1000000015
21294  -44.552  -62.418  -30.033 0.1000000015
21316  -43.440  -62.241  -31.027 0.1000000015
21334  -43.250  -62.084  -31.386 0.1000000015
21336  -44.807  -62.667  -31.469 0.1000000015
21364  -44.674  -62.989  -33.327 0.1000000015
21383  -44.163  -62.429  -34.228 0.1000000015
21403  -43.566  -62.672  -35.107 0.1000000015
22249  -38.960  -62.170  -1.561 0.2000000030
22284  -45.531  -61.426  -6.195 0.1000000015
22351  -34.901  -60.656  -8.674 0.4000000060
22404  -35.545  -61.074  -11.799 0.5000000000
22461  -43.547  -61.258  -17.403 0.4000000060
22462  -44.246  -61.869  -17.809 0.4000000060
22478  -43.770  -61.764  -18.160 0.4000000060
22492  -41.070  -61.671  -19.165 0.2000000030
22498  -39.435  -61.744  -20.515 0.2000000030
22499  -39.953  -61.756  -20.083 0.1000000015
22504  -38.444  -61.090  -21.768 0.1000000015
22552  -39.568  -61.537  -24.761 0.1000000015
22591  -42.644  -61.772  -28.725 0.2000000030
22641  -43.668  -62.179  -32.242 0.1000000015
22656  -42.380  -60.565  -32.647 0.1000000015
22701  -43.955  -61.396  -34.786 0.1000000015
22718  -42.565  -62.129  -35.509 0.1000000015
22719  -43.245  -61.714  -35.456 0.1000000015
23548  -41.172  -59.948  -2.012 0.2000000030
23563  -44.377  -60.342  -4.253 0.1000000015
23610  -34.694  -59.858  -6.887 0.4000000060
23627  -34.635  -60.190  -7.731 0.4000000060
23690  -35.400  -60.683  -11.190 0.5000000000
23703  -35.539  -60.643  -11.841 0.5000000000
23750  -43.611  -60.899  -16.903 0.4000000060
23759  -40.327  -60.141  -17.697 0.3000000119
23762  -43.037  -60.527  -17.173 0.4000000060
23763  -43.476  -60.721  -16.973 0.4000000060
23794  -39.293  -60.789  -19.336 0.3000000119
23798  -37.805  -59.911  -20.704 0.1000000015
23828  -38.408  -60.400  -23.159 0.1000000015
23870  -40.165  -60.188  -26.013 0.1000000015
23943  -40.703  -59.925  -30.604 0.1000000015
23957  -41.269  -60.208  -31.299 0.1000000015
24013  -42.950  -60.402  -35.125 0.1000000015
24014  -43.631  -60.509  -34.814 0.1000000015
24790  -41.742  -60.038  -1.792 0.2000000030
24831  -40.329  -59.203  -2.880 0.2000000030
24869  -36.014  -58.997  -4.933 0.2000000030
24908  -34.686  -59.351  -7.418 0.4000000060
24932  -34.522  -59.239  -9.093 0.3000000119
24944  -34.809  -59.037  -9.925 0.3000000119
24967  -35.967  -59.215  -12.126 0.3000000119
25021  -41.319  -58.693  -14.626 0.5000000000
25029  -40.683  -59.591  -14.855 0.5000000000
25030  -41.414  -59.299  -14.869 0.5000000000
25032  -42.292  -59.244  -15.632 0.5000000000
25038  -41.378  -59.263  -16.419 0.3000000119
25056  -41.782  -59.762  -16.837 0.4000000060
25075  -38.544  -59.417  -18.333 0.4000000060
25196  -40.142  -59.694  -28.795 0.1000000015
25211  -40.007  -59.152  -28.820 0.1000000015
25212  -40.276  -59.258  -29.339 0.1000000015
25228  -41.078  -58.779  -30.675 0.1000000015
25241  -40.836  -59.542  -30.750 0.1000000015
25256  -42.495  -59.197  -32.821 0.1000000015
25267  -43.343  -59.046  -33.461 0.1000000015
26080  -34.902  -58.804  -7.158 0.3000000119
26094  -34.920  -58.339  -7.233 0.3000000119
26118  -35.008  -57.905  -9.974 0.3000000119
26145  -35.469  -58.791  -11.063 0.4000000060
26147  -36.741  -58.055  -11.961 0.3000000119
26179  -37.864  -58.616  -13.231 0.3000000119
26215  -41.778  -58.642  -15.318 0.5000000000
26216  -42.173  -59.009  -15.577 0.4000000060
26230  -40.906  -58.784  -16.018 0.5000000000
26232  -42.234  -58.775  -15.895 0.4000000060
26261  -38.103  -58.950  -18.297 0.4000000060
26401  -40.326  -57.859  -27.966 0.1000000015
26410  -40.059  -58.683  -28.600 0.1000000015
26456  -42.044  -58.412  -31.735 0.1000000015
26457  -42.785  -58.120  -32.270 0.1000000015
26481  -43.677  -58.134  -33.290 0.1000000015
26518  -42.991  -58.584  -34.570 0.1000000015
27271  -36.557  -58.207  -5.053 0.2000000030
27286  -38.316  -57.176  -5.317 0.3000000119
27298  -35.592  -57.618  -6.356 0.3000000119
27316  -34.820  -58.147  -7.535 0.3000000119
27340  -34.706  -57.982  -7.978 0.3000000119
27437  -39.874  -57.462  -13.510 0.4000000060
27455  -41.423  -57.888  -15.019 0.4000000060
27470  -38.832  -57.196  -15.382 0.3000000119
27485  -39.373  -58.108  -15.887 0.4000000060
27495  -37.808  -57.357  -17.056 0.2000000030
27511  -37.639  -57.329  -18.277 0.3000000119
27524  -37.927  -57.034  -19.492 0.1000000015
27661  -39.832  -57.732  -26.610 0.1000000015
27662  -40.234  -57.344  -26.949 0.1000000015
27666  -49.060  -57.117  -26.855 0.1000000015
27682  -40.436  -57.443  -27.569 0.1000000015
27683  -40.908  -57.182  -28.002 0.1000000015
27685  -47.736  -57.425  -27.236 0.1000000015
27687  -48.925  -56.752  -27.497 0.1000000015
27701  -40.647  -57.568  -28.259 0.1000000015
27714  -42.205  -56.800  -30.102 0.1000000015
27728  -43.816  -56.471  -31.123 0.1000000015
28650  -39.203  -57.000  -5.984 0.2000000030
28756  -36.553  -56.674  -10.965 0.3000000119
28784  -38.921  -56.683  -12.941 0.4000000060
28785  -39.405  -56.971  -13.168 0.4000000060
28809  -39.654  -56.791  -13.517 0.4000000060
28846  -39.287  -56.962  -14.814 0.3000000119
28889  -38.043  -56.307  -18.857 0.2000000030
29033  -40.286  -56.524  -25.974 0.1000000015
29035  -44.674  -55.932  -25.385 0.1000000015
29051  -41.246  -56.585  -27.424 0.1000000015
29055  -46.738  -57.030  -26.568 0.1000000015
29067  -42.009  -56.577  -28.177 0.1000000015
29068  -44.103  -55.991  -26.674 0.1000000015
29073  -48.609  -56.596  -27.959 0.1000000015
29074  -49.103  -56.167  -27.931 0.1000000015
29087  -48.747  -55.892  -28.329 0.1000000015
29103  -42.801  -56.182  -29.937 0.1000000015
29104  -43.572  -55.923  -30.311 0.1000000015
29118  -44.370  -55.656  -31.110 0.1000000015
29135  -44.288  -55.425  -31.242 0.1000000015
29172  -42.785  -56.965  -33.463 0.1000000015
30065  -35.801  -55.777  -8.072 0.2000000030
30102  -35.738  -55.954  -9.574 0.2000000030
30124  -35.893  -55.853  -10.071 0.2000000030
30125  -36.490  -55.524  -10.329 0.2000000030
30202  -38.606  -56.200  -13.286 0.4000000060
30203  -39.183  -56.504  -13.504 0.3000000119
30279  -37.978  -55.964  -18.403 0.2000000030
30348  -47.046  -55.159  -21.612 0.1000000015
30388  -49.378  -56.491  -23.954 0.1000000015
30417  -40.906  -56.023  -26.097 0.1000000015
30420  -43.430  -55.497  -25.326 0.1000000015
30480  -48.308  -55.430  -28.817 0.1000000015
30481  -48.919  -55.414  -28.846 0.1000000015
30482  -49.301  -55.166  -28.807 0.1000000015
30499  -48.384  -55.195  -29.160 0.1000000015
30500  -48.628  -55.159  -29.207 0.1000000015
30515  -44.384  -55.544  -30.765 0.1000000015
30530  -44.322  -55.119  -31.283 0.1000000015
31449  -37.818  -54.880  -6.942 0.2000000030
31464  -38.188  -53.929  -7.085 0.1000000015
31481  -36.669  -54.524  -8.233 0.1000000015
31500  -36.714  -54.628  -9.241 0.1000000015
31522  -36.596  -55.017  -9.849 0.1000000015
31663  -38.598  -54.537  -18.331 0.1000000015
31726  -46.754  -54.730  -21.377 0.1000000015
31820  -44.534  -55.351  -27.749 0.1000000015
31821  -45.024  -55.161  -27.712 0.1000000015
31823  -47.034  -54.888  -28.037 0.1000000015
31837  -43.803  -55.026  -28.543 0.1000000015
31838  -44.220  -54.964  -28.251 0.1000000015
31842  -49.474  -54.661  -28.765 0.1000000015
31861  -48.186  -54.841  -29.283 0.1000000015
31862  -48.669  -54.611  -29.368 0.1000000015
31863  -49.195  -54.622  -29.216 0.1000000015
31874  -43.987  -54.314  -30.903 0.1000000015
31876  -45.794  -53.460  -30.504 0.1000000015
32814  -39.648  -53.474  -7.375 0.1000000015
32828  -42.553  -53.843  -8.286 0.1000000015
32846  -37.236  -53.616  -9.508 0.1000000015
32986  -46.389  -53.062  -18.176 0.1000000015
33033  -45.901  -53.477  -20.923 0.1000000015
33121  -49.429  -53.806  -28.357 0.1000000015
33135  -47.287  -54.048  -28.940 0.1000000015
33160  -47.198  -53.725  -29.444 0.1000000015
33162  -48.745  -53.725  -29.486 0.1000000015
33163  -49.325  -54.266  -29.145 0.1000000015
33186  -47.083  -53.211  -30.222 0.1000000015
33188  -48.406  -53.375  -29.808 0.1000000015
34079  -38.777  -52.632  -8.063 0.1000000015
34091  -38.336  -52.224  -8.734 0.1000000015
34093  -40.343  -52.502  -8.191 0.1000000015
34108  -38.031  -52.260  -9.494 0.1000000015
34190  -37.884  -51.938  -14.795 0.1000000015
34209  -38.020  -52.081  -15.538 0.1000000015
34223  -40.074  -52.045  -17.112 0.1000000015
34224  -41.818  -51.844  -16.766 0.1000000015
34240  -45.492  -52.415  -17.644 0.1000000015
34380  -45.159  -52.191  -23.682 0.1000000015
34463  -48.027  -52.208  -29.933 0.1000000015
34481  -45.354  -52.599  -29.864 0.1000000015
34482  -45.872  -52.605  -30.290 0.1000000015
34485  -48.368  -53.126  -29.933 0.1000000015
35404  -38.580  -51.764  -8.999 0.1000000015
35447  -37.546  -51.814  -11.995 0.2000000030
35469  -37.682  -51.836  -12.734 0.2000000030
35495  -37.757  -51.838  -13.487 0.2000000030
35517  -37.785  -51.841  -13.898 0.2000000030
35547  -42.941  -51.397  -16.594 0.1000000015
35565  -45.124  -51.548  -17.363 0.1000000015
35630  -45.037  -52.247  -20.510 0.1000000015
35790  -47.878  -51.549  -29.675 0.1000000015
35804  -47.789  -52.148  -29.981 0.1000000015
36744  -39.473  -50.937  -9.867 0.1000000015
36745  -39.857  -50.778  -9.813 0.1000000015
36747  -41.461  -50.824  -9.893 0.1000000015
36764  -39.150  -50.825  -10.310 0.1000000015
36784  -39.335  -50.180  -11.341 0.1000000015
36786  -43.283  -50.408  -10.807 0.1000000015
36862  -41.678  -50.276  -15.698 0.1000000015
36878  -39.809  -51.143  -16.233 0.1000000015
37005  -44.227  -49.713  -22.012 0.1000000015
37006  -44.669  -49.890  -22.607 0.1000000015
37029  -46.214  -49.551  -24.340 0.1000000015
37046  -46.246  -50.142  -24.394 0.1000000015
37098  -47.745  -49.612  -28.165 0.1000000015
37100  -48.664  -50.891  -28.025 0.1000000015
37111  -48.127  -50.290  -28.524 0.1000000015
37128  -48.396  -50.695  -28.818 0.1000000015
38139  -40.750  -49.997  -10.672 0.1000000015
38142  -42.792  -49.851  -10.781 0.1000000015
38205  -39.724  -49.381  -12.867 0.1000000015
38228  -39.973  -49.481  -13.697 0.2000000030
38246  -43.547  -49.456  -15.804 0.1000000015
38344  -44.638  -48.550  -21.894 0.1000000015
38435  -47.413  -49.571  -27.066 0.1000000015
39545  -40.955  -48.693  -13.738 0.2000000030
39547  -42.316  -47.932  -13.684 0.1000000015
39569  -40.970  -48.838  -14.129 0.1000000015
39572  -43.460  -48.371  -14.714 0.1000000015
39574  -44.717  -47.678  -14.678 0.1000000015
39587  -42.588  -48.893  -15.175 0.1000000015
39622  -43.974  -47.980  -17.878 0.1000000015
39707  -45.183  -47.848  -22.359 0.1000000015
39722  -44.878  -47.967  -23.633 0.1000000015
40857  -42.228  -47.840  -11.967 0.1000000015
40859  -43.489  -47.785  -11.626 0.1000000015
40884  -41.978  -47.853  -12.171 0.1000000015
40886  -43.234  -47.382  -12.456 0.1000000015
40888  -44.697  -47.173  -12.211 0.1000000015
40915  -41.953  -47.754  -12.683 0.1000000015
40917  -43.249  -47.380  -13.337 0.1000000015
40975  -43.754  -47.108  -17.258 0.1000000015
40993  -43.116  -47.316  -17.769 0.1000000015
40994  -43.609  -47.478  -17.600 0.1000000015
41010  -42.922  -47.473  -18.255 0.1000000015
41011  -43.224  -47.610  -17.944 0.1000000015
41093  -45.305  -47.704  -22.833 0.1000000015
42140  -44.363  -47.023  -12.617 0.1000000015
44448  -45.041  -43.984  -15.818 0.1000000015
44474  -45.070  -44.598  -16.089 0.1000000015
45617  -42.859  -42.961  -16.262 0.1000000015
46803  -43.040  -42.681  -16.010 0.1000000015
141739  -39.441  -73.221  -24.983 0.1000000015
