#!ascii label  , from subject S5_08 vox2ras=TkReg
595
17177  -41.709  -65.361  -20.166 0.0000000000
27645  -39.919  -57.112  -25.399 0.0000000000
23742  -42.130  -60.014  -15.238 0.0000000000
19814  -43.253  -63.916  -21.413 0.0000000000
26279  -37.686  -58.447  -20.239 0.0000000000
15823  -39.407  -67.040  -15.911 0.0000000000
23715  -36.959  -60.530  -13.761 0.0000000000
21016  -35.493  -61.939  -8.341 0.0000000000
27471  -39.636  -57.367  -15.086 0.0000000000
25076  -39.388  -59.883  -18.027 0.0000000000
28888  -37.782  -56.466  -18.240 0.0000000000
19744  -37.882  -63.965  -15.563 0.0000000000
19709  -37.547  -63.281  -12.474 0.0000000000
26081  -35.178  -58.456  -6.552 0.0000000000
26125  -34.883  -58.415  -9.964 0.0000000000
15931  -43.321  -66.223  -23.194 0.0000000000
21194  -39.743  -62.283  -24.080 0.0000000000
19836  -43.011  -63.755  -24.484 0.0000000000
23871  -40.664  -60.729  -26.471 0.0000000000
19766  -42.252  -63.179  -17.982 0.0000000000
18445  -45.444  -63.758  -18.276 0.0000000000
21165  -39.764  -62.129  -20.618 0.0000000000
26308  -38.973  -58.507  -23.061 0.0000000000
19763  -38.634  -63.688  -17.834 0.0000000000
23730  -39.213  -59.946  -14.944 0.0000000000
27418  -39.576  -57.133  -13.290 0.0000000000
19691  -37.385  -63.392  -9.525 0.0000000000
22384  -35.861  -61.768  -11.342 0.0000000000
27396  -37.332  -57.329  -12.028 0.0000000000
32910  -37.531  -53.312  -13.418 0.0000000000
18509  -45.941  -65.281  -23.252 0.0000000000
27608  -48.061  -58.020  -23.267 0.0000000000
29036  -45.171  -56.191  -25.463 0.0000000000
29071  -46.771  -56.939  -27.353 0.0000000000
28844  -37.695  -56.093  -15.765 0.0000000000
27483  -37.897  -57.180  -16.479 0.0000000000
17218  -42.807  -65.554  -21.634 0.0000000000
25154  -39.074  -59.777  -25.089 0.0000000000
22553  -40.329  -61.482  -25.393 0.0000000000
25172  -39.861  -59.662  -26.386 0.0000000000
25184  -39.875  -59.517  -27.256 0.0000000000
29049  -40.121  -57.075  -26.511 0.0000000000
22447  -42.556  -61.199  -16.264 0.0000000000
23749  -43.211  -60.470  -16.561 0.0000000000
25092  -38.260  -59.656  -19.148 0.0000000000
22474  -39.913  -61.188  -19.171 0.0000000000
23799  -38.224  -60.479  -20.389 0.0000000000
23818  -38.410  -60.336  -22.266 0.0000000000
26293  -38.424  -58.469  -21.712 0.0000000000
17160  -39.103  -65.264  -18.925 0.0000000000
17144  -38.155  -65.629  -17.171 0.0000000000
21079  -37.354  -62.623  -14.365 0.0000000000
22433  -38.307  -61.598  -15.726 0.0000000000
23728  -37.644  -60.542  -14.460 0.0000000000
26181  -39.767  -58.402  -13.708 0.0000000000
24997  -37.803  -59.448  -13.728 0.0000000000
19690  -36.707  -62.931  -9.242 0.0000000000
21031  -36.709  -62.762  -10.603 0.0000000000
21022  -35.522  -61.904  -9.335 0.0000000000
28734  -36.179  -56.418  -10.471 0.0000000000
27394  -35.710  -58.077  -11.024 0.0000000000
28757  -37.095  -56.442  -11.472 0.0000000000
30176  -37.821  -55.536  -12.612 0.0000000000
19808  -45.286  -63.720  -19.680 0.0000000000
18485  -46.209  -64.687  -20.198 0.0000000000
18489  -44.861  -64.412  -21.311 0.0000000000
19857  -45.203  -64.070  -25.696 0.0000000000
27587  -49.764  -57.587  -23.139 0.0000000000
29019  -47.377  -57.158  -24.343 0.0000000000
27665  -48.586  -57.549  -26.621 0.0000000000
27473  -41.550  -58.044  -15.207 0.0000000000
25039  -42.197  -59.293  -16.219 0.0000000000
26229  -39.853  -58.745  -16.451 0.0000000000
26244  -38.359  -58.724  -17.650 0.0000000000
27523  -37.695  -57.729  -18.943 0.0000000000
18408  -38.644  -65.115  -15.781 0.0000000000
19724  -37.587  -63.389  -13.487 0.0000000000
21070  -36.903  -62.517  -13.288 0.0000000000
23628  -34.790  -60.458  -7.097 0.0000000000
23652  -34.956  -60.622  -8.915 0.0000000000
26111  -34.521  -58.547  -8.517 0.0000000000
28719  -35.533  -56.397  -9.264 0.0000000000
31501  -36.984  -54.236  -9.559 0.0000000000
19818  -41.665  -63.650  -22.438 0.0000000000
18496  -43.098  -64.104  -22.973 0.0000000000
21196  -41.205  -63.029  -24.830 0.0000000000
21217  -41.772  -62.468  -25.518 0.0000000000
22568  -42.217  -61.838  -26.946 0.0000000000
23893  -41.144  -60.974  -27.884 0.0000000000
26420  -40.152  -58.884  -29.050 0.0000000000
27702  -41.174  -57.209  -28.557 0.0000000000
18441  -41.910  -64.227  -18.955 0.0000000000
17179  -43.956  -65.163  -19.741 0.0000000000
21139  -44.640  -62.394  -18.253 0.0000000000
19795  -42.886  -63.032  -19.782 0.0000000000
23779  -41.672  -60.586  -17.819 0.0000000000
21154  -41.334  -62.124  -19.594 0.0000000000
19804  -41.045  -63.011  -20.815 0.0000000000
21178  -40.031  -62.803  -22.300 0.0000000000
22523  -38.626  -61.051  -23.398 0.0000000000
27605  -39.512  -57.941  -24.094 0.0000000000
18440  -40.766  -64.344  -19.094 0.0000000000
21135  -40.275  -63.333  -18.330 0.0000000000
22446  -41.311  -61.546  -16.452 0.0000000000
19752  -37.980  -63.759  -16.678 0.0000000000
22444  -38.948  -61.859  -16.311 0.0000000000
23741  -41.122  -60.027  -15.336 0.0000000000
26200  -40.615  -58.229  -14.244 0.0000000000
28831  -40.330  -56.943  -13.932 0.0000000000
30233  -38.137  -56.016  -14.490 0.0000000000
19696  -38.393  -63.625  -10.792 0.0000000000
21054  -36.907  -62.672  -12.209 0.0000000000
22416  -36.131  -61.389  -12.625 0.0000000000
23672  -35.072  -60.345  -10.395 0.0000000000
24980  -35.762  -59.895  -12.205 0.0000000000
24982  -37.262  -59.102  -13.157 0.0000000000
27416  -38.200  -57.319  -12.656 0.0000000000
30201  -37.875  -55.283  -13.403 0.0000000000
17220  -44.659  -65.716  -21.055 0.0000000000
15933  -45.488  -66.281  -22.577 0.0000000000
18515  -44.520  -64.453  -24.184 0.0000000000
18517  -46.127  -65.215  -24.537 0.0000000000
28946  -40.503  -56.752  -21.838 0.0000000000
28968  -40.762  -56.717  -22.829 0.0000000000
28992  -41.500  -56.075  -23.625 0.0000000000
30384  -43.658  -55.840  -23.786 0.0000000000
30402  -42.749  -55.542  -24.544 0.0000000000
30443  -43.485  -55.619  -26.302 0.0000000000
30461  -43.657  -55.898  -27.295 0.0000000000
30232  -37.594  -55.513  -15.192 0.0000000000
30243  -37.500  -55.377  -16.402 0.0000000000
15912  -41.082  -66.008  -21.883 0.0000000000
17200  -41.553  -65.665  -21.131 0.0000000000
26374  -39.238  -58.893  -25.140 0.0000000000
25155  -39.639  -59.634  -25.712 0.0000000000
27644  -39.673  -57.907  -25.568 0.0000000000
26388  -39.731  -58.802  -26.316 0.0000000000
29032  -39.774  -57.169  -26.033 0.0000000000
22437  -42.714  -60.475  -15.786 0.0000000000
22448  -43.269  -60.922  -16.449 0.0000000000
23743  -43.066  -59.946  -15.742 0.0000000000
25091  -37.704  -59.018  -19.463 0.0000000000
25100  -37.968  -59.805  -19.935 0.0000000000
25099  -37.669  -59.247  -20.405 0.0000000000
25108  -37.860  -59.447  -21.197 0.0000000000
26292  -37.773  -58.690  -20.952 0.0000000000
14506  -39.750  -67.920  -16.298 0.0000000000
14505  -39.051  -67.300  -16.775 0.0000000000
15839  -38.657  -66.742  -17.561 0.0000000000
15822  -38.721  -66.374  -16.552 0.0000000000
22427  -37.009  -61.583  -14.094 0.0000000000
22432  -37.583  -61.671  -14.947 0.0000000000
25017  -38.325  -59.706  -14.310 0.0000000000
20993  -35.647  -62.154  -7.410 0.0000000000
20968  -36.100  -62.358  -6.854 0.0000000000
19683  -36.522  -62.874  -8.327 0.0000000000
21017  -35.966  -62.481  -8.099 0.0000000000
21023  -36.042  -62.457  -8.915 0.0000000000
30126  -37.064  -55.501  -11.037 0.0000000000
28735  -36.702  -56.106  -10.852 0.0000000000
31546  -37.330  -54.653  -11.556 0.0000000000
32885  -37.340  -53.432  -11.682 0.0000000000
18482  -43.880  -63.966  -20.731 0.0000000000
18483  -44.680  -64.110  -20.528 0.0000000000
18488  -43.945  -64.221  -21.363 0.0000000000
27646  -48.022  -57.608  -25.092 0.0000000000
27664  -47.682  -57.414  -26.369 0.0000000000
27648  -49.258  -57.559  -25.926 0.0000000000
27472  -40.959  -57.760  -15.140 0.0000000000
26214  -41.323  -58.335  -15.428 0.0000000000
26213  -40.368  -58.211  -15.587 0.0000000000
28873  -37.648  -56.691  -17.537 0.0000000000
27496  -38.167  -58.024  -17.003 0.0000000000
26243  -37.854  -58.004  -17.695 0.0000000000
26260  -37.818  -58.400  -18.548 0.0000000000
27512  -37.809  -56.789  -18.713 0.0000000000
23611  -35.151  -60.456  -6.351 0.0000000000
24889  -34.910  -59.177  -6.842 0.0000000000
24926  -34.550  -59.377  -8.201 0.0000000000
26093  -34.687  -58.653  -7.711 0.0000000000
30103  -36.187  -55.398  -9.534 0.0000000000
15940  -43.922  -66.632  -23.627 0.0000000000
21186  -40.264  -62.837  -23.272 0.0000000000
19825  -41.023  -63.375  -23.351 0.0000000000
21195  -40.548  -62.903  -24.313 0.0000000000
22566  -40.808  -61.219  -25.934 0.0000000000
22554  -41.071  -61.751  -25.654 0.0000000000
22567  -41.479  -61.515  -26.393 0.0000000000
22577  -41.693  -61.434  -27.373 0.0000000000
26400  -39.941  -58.324  -27.593 0.0000000000
25195  -39.859  -59.218  -28.212 0.0000000000
26411  -40.318  -58.076  -28.477 0.0000000000
27712  -40.797  -57.666  -29.007 0.0000000000
29066  -41.429  -56.859  -27.995 0.0000000000
19780  -42.118  -63.738  -18.417 0.0000000000
18442  -43.073  -64.330  -18.629 0.0000000000
21157  -44.441  -62.694  -18.910 0.0000000000
21137  -43.302  -62.124  -18.640 0.0000000000
25055  -40.855  -59.710  -17.027 0.0000000000
23760  -41.286  -60.190  -17.470 0.0000000000
23778  -40.903  -60.606  -18.163 0.0000000000
22491  -40.348  -61.612  -19.610 0.0000000000
21166  -40.372  -62.279  -20.386 0.0000000000
21167  -41.553  -62.695  -20.059 0.0000000000
19803  -40.471  -62.827  -21.012 0.0000000000
19811  -40.586  -63.086  -21.564 0.0000000000
25116  -38.382  -59.643  -22.871 0.0000000000
22511  -38.525  -61.033  -22.614 0.0000000000
26327  -38.738  -59.061  -23.369 0.0000000000
25124  -38.609  -59.766  -23.684 0.0000000000
26328  -39.154  -58.498  -23.703 0.0000000000
18438  -38.828  -64.722  -18.478 0.0000000000
19778  -39.772  -63.713  -18.507 0.0000000000
19764  -39.279  -63.257  -18.118 0.0000000000
21098  -40.421  -62.254  -17.161 0.0000000000
21114  -39.087  -62.989  -17.882 0.0000000000
17127  -38.197  -64.978  -16.479 0.0000000000
18407  -38.243  -64.660  -16.052 0.0000000000
23739  -38.819  -60.607  -15.373 0.0000000000
21088  -38.348  -62.353  -16.302 0.0000000000
22434  -39.381  -61.111  -15.874 0.0000000000
22435  -40.575  -60.885  -15.825 0.0000000000
23740  -39.944  -60.195  -15.292 0.0000000000
25020  -40.792  -59.044  -14.420 0.0000000000
25019  -39.947  -59.471  -14.555 0.0000000000
27436  -39.416  -57.922  -13.412 0.0000000000
26182  -40.249  -57.854  -13.772 0.0000000000
28810  -40.187  -57.068  -13.667 0.0000000000
28829  -38.817  -56.347  -14.322 0.0000000000
30219  -39.144  -56.381  -13.808 0.0000000000
19695  -37.401  -63.273  -10.514 0.0000000000
21038  -36.317  -62.286  -11.024 0.0000000000
21039  -36.856  -62.742  -11.303 0.0000000000
21053  -36.235  -62.109  -11.916 0.0000000000
22405  -35.690  -61.315  -11.989 0.0000000000
23658  -34.754  -59.862  -9.630 0.0000000000
23659  -34.945  -60.576  -9.369 0.0000000000
23671  -34.898  -59.659  -10.150 0.0000000000
27395  -36.429  -57.424  -11.291 0.0000000000
26146  -36.005  -58.534  -11.638 0.0000000000
26160  -36.480  -58.687  -12.261 0.0000000000
24981  -36.474  -59.481  -12.714 0.0000000000
26161  -37.326  -58.295  -12.647 0.0000000000
31570  -37.587  -54.231  -12.714 0.0000000000
30177  -38.359  -56.206  -12.808 0.0000000000
31591  -37.611  -54.304  -13.803 0.0000000000
18467  -45.165  -64.650  -18.893 0.0000000000
17202  -43.785  -65.414  -20.481 0.0000000000
17180  -45.077  -65.204  -19.499 0.0000000000
18499  -46.201  -64.976  -21.963 0.0000000000
17222  -46.182  -65.262  -21.001 0.0000000000
17234  -46.125  -65.669  -22.109 0.0000000000
15934  -46.195  -66.161  -22.837 0.0000000000
17241  -46.256  -65.841  -23.393 0.0000000000
18506  -43.370  -64.206  -23.477 0.0000000000
18514  -43.732  -64.283  -24.088 0.0000000000
19858  -45.818  -64.322  -26.086 0.0000000000
18532  -45.804  -64.607  -25.302 0.0000000000
28945  -39.727  -56.860  -21.485 0.0000000000
28970  -42.510  -56.578  -22.484 0.0000000000
28991  -40.610  -56.605  -23.744 0.0000000000
28993  -42.306  -56.222  -23.256 0.0000000000
29018  -46.446  -56.638  -24.423 0.0000000000
29017  -45.417  -56.294  -24.504 0.0000000000
29016  -44.685  -55.959  -24.721 0.0000000000
30403  -43.523  -55.635  -24.453 0.0000000000
30421  -44.174  -55.691  -25.175 0.0000000000
30419  -42.576  -55.412  -25.511 0.0000000000
30444  -43.993  -55.578  -25.898 0.0000000000
29070  -45.667  -56.558  -27.066 0.0000000000
29069  -44.672  -56.278  -26.901 0.0000000000
28845  -38.475  -56.716  -15.167 0.0000000000
27484  -38.420  -57.445  -16.048 0.0000000000
28860  -38.086  -56.991  -15.817 0.0000000000
28859  -37.732  -56.648  -16.408 0.0000000000
30263  -37.746  -55.670  -17.686 0.0000000000
27317  -35.105  -57.632  -7.252 0.0000000000
28683  -36.037  -55.946  -7.516 0.0000000000
17231  -42.926  -65.846  -22.598 0.0000000000
23836  -39.125  -60.921  -24.570 0.0000000000
21215  -40.111  -62.197  -24.841 0.0000000000
23853  -39.616  -60.587  -25.313 0.0000000000
23854  -40.385  -60.787  -25.797 0.0000000000
23891  -40.095  -60.164  -26.713 0.0000000000
23892  -40.479  -60.404  -27.432 0.0000000000
27681  -40.040  -57.688  -27.195 0.0000000000
29050  -40.659  -56.734  -26.938 0.0000000000
21117  -42.339  -62.609  -17.411 0.0000000000
21101  -43.412  -61.777  -16.689 0.0000000000
22449  -43.748  -61.259  -16.902 0.0000000000
22460  -42.935  -61.032  -17.583 0.0000000000
23776  -38.941  -60.157  -18.809 0.0000000000
23777  -39.871  -60.621  -18.528 0.0000000000
23793  -38.572  -60.333  -19.611 0.0000000000
23800  -38.932  -60.994  -20.087 0.0000000000
22497  -38.488  -61.204  -20.855 0.0000000000
22505  -38.950  -61.738  -21.378 0.0000000000
23809  -38.064  -60.293  -21.295 0.0000000000
25109  -38.334  -59.524  -21.982 0.0000000000
26294  -38.985  -58.244  -22.478 0.0000000000
17159  -38.689  -65.803  -18.407 0.0000000000
18424  -38.285  -64.792  -17.710 0.0000000000
21087  -37.745  -62.834  -15.649 0.0000000000
23738  -38.006  -60.856  -15.190 0.0000000000
23729  -38.458  -60.171  -14.819 0.0000000000
24999  -39.605  -59.115  -14.073 0.0000000000
25018  -39.069  -59.576  -14.419 0.0000000000
24998  -38.923  -59.160  -13.849 0.0000000000
26180  -38.755  -58.422  -13.418 0.0000000000
19684  -37.182  -63.520  -8.542 0.0000000000
19694  -36.849  -62.998  -10.010 0.0000000000
21030  -36.063  -62.400  -10.101 0.0000000000
22367  -35.913  -62.054  -10.820 0.0000000000
27371  -35.660  -57.347  -10.443 0.0000000000
26126  -35.209  -58.410  -10.455 0.0000000000
27372  -36.232  -56.973  -10.785 0.0000000000
28783  -37.905  -56.432  -12.357 0.0000000000
30148  -37.468  -55.696  -11.818 0.0000000000
19798  -45.385  -63.281  -18.789 0.0000000000
17182  -46.140  -64.665  -19.783 0.0000000000
18484  -45.572  -64.317  -20.308 0.0000000000
18490  -45.862  -64.664  -21.130 0.0000000000
18498  -45.145  -64.618  -22.208 0.0000000000
19837  -43.871  -63.907  -24.846 0.0000000000
26331  -49.564  -58.022  -23.686 0.0000000000
27609  -48.666  -58.238  -23.674 0.0000000000
28998  -47.495  -57.506  -23.628 0.0000000000
27627  -47.981  -57.750  -24.143 0.0000000000
29037  -46.103  -56.538  -25.525 0.0000000000
29053  -44.589  -55.934  -26.081 0.0000000000
27663  -47.212  -57.344  -26.678 0.0000000000
27684  -47.195  -57.399  -26.930 0.0000000000
25031  -41.832  -58.910  -15.044 0.0000000000
25040  -42.762  -59.430  -15.939 0.0000000000
26231  -41.732  -58.854  -15.816 0.0000000000
25037  -40.570  -59.209  -16.634 0.0000000000
25054  -39.839  -59.483  -17.198 0.0000000000
26228  -38.824  -58.388  -16.666 0.0000000000
26245  -39.140  -58.961  -17.121 0.0000000000
25053  -39.008  -59.329  -17.654 0.0000000000
25074  -37.995  -59.126  -18.738 0.0000000000
26270  -37.714  -58.070  -19.469 0.0000000000
15808  -39.235  -66.091  -15.783 0.0000000000
18384  -38.104  -64.258  -14.956 0.0000000000
19737  -38.340  -64.241  -14.030 0.0000000000
19736  -37.804  -63.797  -14.538 0.0000000000
22417  -36.532  -61.485  -13.312 0.0000000000
22326  -35.009  -61.172  -7.509 0.0000000000
22352  -35.128  -61.099  -8.771 0.0000000000
22325  -34.783  -60.702  -8.292 0.0000000000
23651  -34.702  -60.179  -8.740 0.0000000000
26117  -34.650  -58.288  -9.398 0.0000000000
27341  -35.006  -57.239  -8.217 0.0000000000
27355  -34.642  -57.806  -8.700 0.0000000000
27356  -35.131  -57.217  -9.332 0.0000000000
28733  -35.641  -56.499  -9.895 0.0000000000
31523  -36.988  -54.593  -10.219 0.0000000000
32870  -37.250  -53.579  -10.624 0.0000000000
19819  -42.749  -63.903  -22.452 0.0000000000
19826  -41.877  -63.604  -23.416 0.0000000000
19835  -41.994  -63.398  -24.516 0.0000000000
19854  -42.499  -63.215  -25.269 0.0000000000
21232  -43.242  -62.322  -26.982 0.0000000000
25185  -40.160  -59.859  -28.057 0.0000000000
23911  -40.632  -60.426  -28.573 0.0000000000
23930  -40.439  -60.063  -29.680 0.0000000000
26421  -40.485  -58.466  -29.378 0.0000000000
27725  -41.052  -57.775  -29.799 0.0000000000
18464  -41.789  -64.797  -19.538 0.0000000000
17178  -42.796  -65.055  -20.038 0.0000000000
18465  -42.931  -64.662  -19.363 0.0000000000
18443  -44.237  -64.312  -18.360 0.0000000000
19783  -45.087  -63.534  -17.826 0.0000000000
19769  -44.911  -62.893  -17.676 0.0000000000
19784  -45.439  -63.238  -18.111 0.0000000000
21158  -45.068  -62.804  -18.671 0.0000000000
19796  -43.924  -63.160  -19.561 0.0000000000
19806  -43.249  -63.571  -20.491 0.0000000000
25057  -42.635  -59.887  -16.643 0.0000000000
23761  -42.173  -60.256  -17.284 0.0000000000
22475  -40.579  -61.229  -18.775 0.0000000000
22476  -41.582  -61.199  -18.380 0.0000000000
21155  -42.417  -62.359  -19.278 0.0000000000
19805  -42.066  -63.294  -20.530 0.0000000000
19812  -41.386  -63.441  -21.518 0.0000000000
19817  -40.775  -63.312  -22.411 0.0000000000
21185  -39.491  -62.261  -23.095 0.0000000000
22512  -38.814  -61.559  -22.144 0.0000000000
22524  -38.874  -61.660  -22.882 0.0000000000
22534  -39.005  -61.479  -23.868 0.0000000000
25136  -38.834  -59.829  -24.410 0.0000000000
26373  -38.989  -59.399  -24.715 0.0000000000
27625  -39.483  -58.139  -24.781 0.0000000000
18463  -40.789  -65.128  -19.576 0.0000000000
19779  -40.950  -63.684  -18.523 0.0000000000
18439  -39.698  -64.785  -19.091 0.0000000000
19765  -41.402  -63.309  -18.165 0.0000000000
21099  -41.517  -62.198  -17.118 0.0000000000
22436  -41.803  -60.665  -15.739 0.0000000000
17128  -38.537  -65.417  -16.253 0.0000000000
18423  -37.980  -64.746  -16.890 0.0000000000
19762  -38.118  -64.233  -17.300 0.0000000000
21096  -38.113  -62.925  -16.630 0.0000000000
19753  -38.220  -63.175  -17.163 0.0000000000
21097  -38.980  -62.579  -17.141 0.0000000000
22445  -39.897  -61.664  -16.497 0.0000000000
26201  -41.418  -58.226  -14.743 0.0000000000
27454  -40.531  -57.525  -14.562 0.0000000000
26199  -40.189  -58.858  -14.142 0.0000000000
27438  -40.362  -57.433  -13.907 0.0000000000
27453  -40.045  -57.159  -14.644 0.0000000000
28830  -39.702  -56.766  -14.421 0.0000000000
19702  -37.545  -63.252  -11.508 0.0000000000
21069  -36.443  -62.102  -12.703 0.0000000000
22358  -35.240  -61.244  -9.771 0.0000000000
22366  -35.549  -61.481  -10.670 0.0000000000
24945  -35.137  -59.325  -10.587 0.0000000000
24966  -35.460  -59.669  -11.432 0.0000000000
22383  -35.576  -61.181  -11.493 0.0000000000
23704  -35.918  -60.547  -12.480 0.0000000000
23714  -36.428  -60.523  -13.096 0.0000000000
24996  -36.900  -59.757  -13.393 0.0000000000
26162  -38.238  -57.958  -13.078 0.0000000000
27417  -39.114  -57.447  -13.138 0.0000000000
28808  -39.129  -56.586  -13.296 0.0000000000
30218  -38.339  -56.000  -13.868 0.0000000000
30217  -37.725  -55.277  -14.200 0.0000000000
17201  -42.686  -65.298  -20.791 0.0000000000
17219  -43.642  -65.523  -21.172 0.0000000000
17232  -44.211  -65.774  -21.966 0.0000000000
17204  -45.836  -65.361  -20.169 0.0000000000
17233  -45.360  -65.894  -21.702 0.0000000000
15932  -44.201  -66.263  -22.899 0.0000000000
15941  -45.029  -66.711  -23.504 0.0000000000
18497  -43.830  -64.292  -22.376 0.0000000000
18507  -44.313  -64.448  -23.276 0.0000000000
18508  -45.349  -64.752  -23.218 0.0000000000
19838  -44.614  -64.182  -25.035 0.0000000000
18516  -45.419  -64.670  -24.476 0.0000000000
31657  -38.041  -54.592  -17.768 0.0000000000
28905  -38.491  -56.156  -19.503 0.0000000000
27524  -37.927  -57.034  -19.492 0.0000000000
28924  -38.696  -56.526  -20.193 0.0000000000
27539  -38.649  -57.164  -20.830 0.0000000000
27557  -38.643  -57.760  -21.365 0.0000000000
27558  -39.437  -57.447  -21.926 0.0000000000
28947  -41.726  -56.604  -21.792 0.0000000000
27559  -40.180  -56.969  -22.367 0.0000000000
27582  -40.110  -57.170  -22.951 0.0000000000
27606  -39.960  -57.260  -23.890 0.0000000000
29014  -40.390  -56.748  -24.803 0.0000000000
28997  -46.668  -57.083  -23.297 0.0000000000
28996  -45.606  -56.586  -23.407 0.0000000000
28995  -44.409  -56.156  -23.513 0.0000000000
30383  -42.945  -55.794  -23.781 0.0000000000
30401  -41.876  -55.578  -24.487 0.0000000000
29034  -40.808  -56.141  -25.418 0.0000000000
30418  -41.528  -55.652  -25.678 0.0000000000
30440  -40.782  -56.276  -26.477 0.0000000000
30441  -41.452  -56.106  -26.870 0.0000000000
30442  -42.518  -55.736  -26.615 0.0000000000
30459  -41.777  -56.498  -27.649 0.0000000000
30460  -42.584  -56.182  -27.862 0.0000000000
15942  -45.982  -66.401  -23.486 0.0000000000
17143  -38.133  -65.190  -16.692 0.0000000000
17181  -45.887  -64.901  -19.574 0.0000000000
17203  -44.895  -65.538  -20.262 0.0000000000
17205  -46.441  -65.023  -20.110 0.0000000000
17221  -45.641  -65.673  -21.003 0.0000000000
17235  -46.237  -65.245  -21.541 0.0000000000
18395  -38.286  -64.528  -15.273 0.0000000000
18444  -45.159  -64.114  -18.248 0.0000000000
18466  -44.108  -64.752  -19.039 0.0000000000
18468  -45.727  -64.224  -19.205 0.0000000000
18469  -46.328  -64.735  -19.952 0.0000000000
18491  -46.310  -64.985  -20.913 0.0000000000
18500  -46.297  -65.102  -21.324 0.0000000000
19770  -45.115  -62.808  -17.783 0.0000000000
19777  -39.181  -64.197  -18.506 0.0000000000
19781  -43.237  -63.755  -18.152 0.0000000000
19797  -44.897  -63.148  -19.284 0.0000000000
19807  -44.381  -63.630  -20.020 0.0000000000
19813  -42.377  -63.694  -21.468 0.0000000000
19820  -43.413  -64.092  -21.913 0.0000000000
19827  -42.639  -63.859  -23.563 0.0000000000
19834  -41.298  -63.312  -24.119 0.0000000000
21029  -35.513  -61.838  -10.006 0.0000000000
21100  -42.444  -61.977  -16.782 0.0000000000
21115  -39.891  -62.885  -17.998 0.0000000000
21116  -41.175  -62.797  -17.708 0.0000000000
21121  -45.252  -62.779  -17.921 0.0000000000
21136  -40.692  -63.181  -18.160 0.0000000000
21138  -44.026  -62.277  -18.511 0.0000000000
21140  -45.243  -62.760  -18.180 0.0000000000
21153  -40.796  -61.902  -19.719 0.0000000000
21156  -43.527  -62.589  -19.128 0.0000000000
21168  -42.207  -62.891  -19.884 0.0000000000
21173  -39.532  -62.275  -20.986 0.0000000000
22351  -34.901  -60.656  -8.674 0.0000000000
22404  -35.545  -61.074  -11.799 0.0000000000
22492  -41.070  -61.671  -19.165 0.0000000000
22498  -39.435  -61.744  -20.515 0.0000000000
22504  -38.444  -61.090  -21.768 0.0000000000
22533  -38.693  -61.061  -23.784 0.0000000000
22552  -39.568  -61.537  -24.761 0.0000000000
23610  -34.694  -59.858  -6.887 0.0000000000
23627  -34.635  -60.190  -7.731 0.0000000000
23690  -35.400  -60.683  -11.190 0.0000000000
23703  -35.539  -60.643  -11.841 0.0000000000
23750  -43.611  -60.899  -16.903 0.0000000000
23759  -40.327  -60.141  -17.697 0.0000000000
23762  -43.037  -60.527  -17.173 0.0000000000
23763  -43.476  -60.721  -16.973 0.0000000000
23794  -39.293  -60.789  -19.336 0.0000000000
23798  -37.805  -59.911  -20.704 0.0000000000
23808  -37.795  -59.916  -21.078 0.0000000000
23828  -38.408  -60.400  -23.159 0.0000000000
23835  -38.683  -60.608  -23.993 0.0000000000
23852  -39.002  -60.348  -24.717 0.0000000000
23870  -40.165  -60.188  -26.013 0.0000000000
23931  -41.107  -60.776  -29.482 0.0000000000
24908  -34.686  -59.351  -7.418 0.0000000000
24932  -34.522  -59.239  -9.093 0.0000000000
24944  -34.809  -59.037  -9.925 0.0000000000
24967  -35.967  -59.215  -12.126 0.0000000000
25021  -41.319  -58.693  -14.626 0.0000000000
25029  -40.683  -59.591  -14.855 0.0000000000
25030  -41.414  -59.299  -14.869 0.0000000000
25032  -42.292  -59.244  -15.632 0.0000000000
25038  -41.378  -59.263  -16.419 0.0000000000
25056  -41.782  -59.762  -16.837 0.0000000000
25075  -38.544  -59.417  -18.333 0.0000000000
25196  -40.142  -59.694  -28.795 0.0000000000
25211  -40.007  -59.152  -28.820 0.0000000000
25212  -40.276  -59.258  -29.339 0.0000000000
26080  -34.902  -58.804  -7.158 0.0000000000
26094  -34.920  -58.339  -7.233 0.0000000000
26118  -35.008  -57.905  -9.974 0.0000000000
26145  -35.469  -58.791  -11.063 0.0000000000
26147  -36.741  -58.055  -11.961 0.0000000000
26179  -37.864  -58.616  -13.231 0.0000000000
26215  -41.778  -58.642  -15.318 0.0000000000
26216  -42.173  -59.009  -15.577 0.0000000000
26230  -40.906  -58.784  -16.018 0.0000000000
26232  -42.234  -58.775  -15.895 0.0000000000
26261  -38.103  -58.950  -18.297 0.0000000000
26271  -37.936  -57.707  -20.214 0.0000000000
26280  -38.047  -57.966  -20.956 0.0000000000
26307  -38.567  -58.883  -22.601 0.0000000000
26351  -38.991  -59.141  -24.191 0.0000000000
26352  -39.250  -58.509  -24.379 0.0000000000
26401  -40.326  -57.859  -27.966 0.0000000000
26410  -40.059  -58.683  -28.600 0.0000000000
27316  -34.820  -58.147  -7.535 0.0000000000
27340  -34.706  -57.982  -7.978 0.0000000000
27437  -39.874  -57.462  -13.510 0.0000000000
27455  -41.423  -57.888  -15.019 0.0000000000
27470  -38.832  -57.196  -15.382 0.0000000000
27485  -39.373  -58.108  -15.887 0.0000000000
27495  -37.808  -57.357  -17.056 0.0000000000
27511  -37.639  -57.329  -18.277 0.0000000000
27581  -39.479  -57.884  -23.137 0.0000000000
27626  -39.800  -57.487  -24.739 0.0000000000
27628  -48.752  -58.143  -24.310 0.0000000000
27661  -39.832  -57.732  -26.610 0.0000000000
27662  -40.234  -57.344  -26.949 0.0000000000
27682  -40.436  -57.443  -27.569 0.0000000000
27683  -40.908  -57.182  -28.002 0.0000000000
27685  -47.736  -57.425  -27.236 0.0000000000
27701  -40.647  -57.568  -28.259 0.0000000000
28756  -36.553  -56.674  -10.965 0.0000000000
28784  -38.921  -56.683  -12.941 0.0000000000
28785  -39.405  -56.971  -13.168 0.0000000000
28809  -39.654  -56.791  -13.517 0.0000000000
28846  -39.287  -56.962  -14.814 0.0000000000
28994  -43.223  -56.286  -23.197 0.0000000000
29015  -41.066  -56.029  -24.587 0.0000000000
29033  -40.286  -56.524  -25.974 0.0000000000
29035  -44.674  -55.932  -25.385 0.0000000000
29055  -46.738  -57.030  -26.568 0.0000000000
29067  -42.009  -56.577  -28.177 0.0000000000
29084  -41.736  -56.765  -28.711 0.0000000000
30102  -35.738  -55.954  -9.574 0.0000000000
30124  -35.893  -55.853  -10.071 0.0000000000
30125  -36.490  -55.524  -10.329 0.0000000000
30202  -38.606  -56.200  -13.286 0.0000000000
30203  -39.183  -56.504  -13.504 0.0000000000
30279  -37.978  -55.964  -18.403 0.0000000000
30381  -41.830  -55.688  -23.939 0.0000000000
30382  -42.175  -55.674  -23.855 0.0000000000
30404  -44.110  -55.777  -24.294 0.0000000000
30417  -40.906  -56.023  -26.097 0.0000000000
30420  -43.430  -55.497  -25.326 0.0000000000
31522  -36.596  -55.017  -9.849 0.0000000000
31605  -37.380  -54.409  -14.776 0.0000000000
