#!ascii label  , from subject S5_08 vox2ras=TkReg
909
76919  -28.187  -15.265  -16.385 0.4285714328
79176  -27.993  -13.400  -16.710 0.2857142985
78050  -28.726  -14.355  -16.778 0.4285714328
78051  -29.695  -14.477  -16.707 0.4285714328
78062  -30.267  -13.877  -17.185 0.4285714328
80204  -28.488  -12.416  -16.920 0.2857142985
79191  -29.611  -13.108  -17.559 0.4285714328
80216  -30.088  -12.482  -17.628 0.4285714328
81204  -28.965  -11.515  -17.265 0.4285714328
81205  -29.901  -11.576  -17.499 0.4285714328
82275  -29.553  -10.584  -17.494 0.4285714328
83397  -30.200  -9.562  -17.607 0.4285714328
84533  -28.568  -8.583  -17.413 0.5714285970
84536  -31.399  -8.538  -17.975 0.2857142985
85630  -29.124  -7.490  -17.460 0.7142857313
84535  -30.601  -8.468  -17.605 0.7142857313
85633  -31.960  -7.706  -18.182 0.7142857313
85652  -32.666  -7.730  -18.675 0.4285714328
85632  -31.195  -7.532  -17.649 0.7142857313
86755  -32.838  -6.601  -18.628 0.5714285970
86734  -30.809  -6.461  -17.613 0.5714285970
86736  -32.465  -6.040  -18.239 0.5714285970
87811  -32.246  -5.499  -17.873 0.5714285970
87831  -32.853  -5.545  -18.394 0.5714285970
87810  -31.358  -5.479  -17.700 0.5714285970
87832  -33.375  -5.730  -18.938 0.4285714328
88910  -32.719  -4.730  -17.865 0.5714285970
88912  -33.999  -4.224  -19.065 0.5714285970
88887  -30.872  -4.440  -17.585 0.7142857313
90013  -33.060  -3.803  -17.830 0.7142857313
90014  -33.864  -3.741  -18.470 0.7142857313
90027  -34.453  -3.667  -19.226 0.5714285970
88888  -31.852  -4.608  -17.646 0.5714285970
88885  -29.183  -4.047  -18.308 0.5714285970
89994  -32.276  -3.336  -17.498 0.8571428657
91081  -33.602  -3.180  -17.792 0.7142857313
91098  -34.799  -2.852  -19.394 0.5714285970
89993  -31.471  -3.548  -17.525 0.7142857313
89992  -30.417  -3.406  -17.745 0.5714285970
92156  -34.045  -1.930  -17.270 0.7142857313
91111  -34.862  -2.673  -20.075 0.5714285970
91061  -31.704  -2.579  -17.415 0.7142857313
91063  -33.570  -2.550  -17.458 0.7142857313
91062  -32.733  -2.736  -17.387 0.7142857313
92174  -35.156  -1.706  -18.647 0.5714285970
92154  -31.893  -1.732  -17.182 0.7142857313
93271  -34.443  -1.043  -16.685 0.7142857313
92157  -34.836  -1.672  -17.561 0.7142857313
93269  -32.020  -0.774  -16.862 0.7142857313
93270  -33.214  -0.913  -16.603 0.7142857313
94355  -34.772  -0.085  -16.682 0.7142857313
93267  -30.530  -0.675  -17.775 0.5714285970
94336  -34.996  0.659  -16.563 0.5714285970
95419  -35.525  1.254  -16.653 0.5714285970
94352  -31.190  0.413  -17.570 0.8571428657
94351  -30.768  -0.134  -17.721 0.8571428657
95418  -34.530  1.436  -16.266 0.7142857313
95416  -32.832  1.972  -16.521 0.7142857313
94353  -32.336  0.303  -16.906 0.8571428657
95433  -32.563  1.402  -16.644 0.7142857313
97544  -32.263  3.189  -16.309 0.8571428657
96475  -33.886  2.280  -15.960 0.5714285970
96490  -32.249  2.413  -16.643 0.8571428657
96489  -31.570  2.268  -17.105 0.8571428657
95432  -31.579  1.399  -17.365 0.8571428657
98569  -31.644  4.547  -16.433 0.8571428657
99614  -31.910  5.247  -16.138 0.8571428657
100707  -32.130  6.273  -15.699 0.8571428657
97543  -31.380  3.181  -16.799 0.8571428657
99613  -31.272  5.117  -16.658 0.8571428657
100723  -29.939  6.081  -17.767 1.0000000000
100706  -31.248  6.088  -16.648 1.0000000000
98583  -31.066  4.307  -16.876 0.8571428657
99628  -30.679  5.359  -17.179 1.0000000000
101799  -30.401  7.279  -17.180 1.0000000000
102789  -28.680  8.358  -17.445 0.7142857313
101800  -30.958  6.794  -16.987 1.0000000000
101782  -30.746  7.826  -16.713 1.0000000000
105716  -29.918  10.958  -16.149 1.0000000000
106732  -30.036  12.582  -15.828 0.8571428657
106733  -30.791  12.438  -15.513 1.0000000000
110627  -30.906  16.259  -14.871 0.8571428657
108747  -30.450  14.398  -15.055 0.8571428657
107756  -30.776  13.911  -14.952 1.0000000000
112355  -31.589  18.444  -14.695 0.8571428657
111534  -31.702  17.357  -14.541 0.8571428657
112354  -30.541  18.615  -14.930 0.7142857313
110626  -29.755  16.324  -15.218 0.5714285970
113216  -30.612  19.632  -14.917 0.7142857313
111531  -28.187  17.751  -14.590 0.5714285970
111532  -29.473  17.666  -15.155 0.5714285970
112352  -28.741  19.094  -14.494 0.4285714328
113235  -28.941  19.939  -14.994 0.4285714328
114119  -29.534  20.686  -15.250 0.4285714328
112345  -28.356  19.053  -13.758 0.2857142985
112341  -28.652  18.906  -12.898 0.2857142985
79177  -28.982  -13.254  -17.060 0.2857142985
91082  -34.397  -2.891  -18.206 0.5714285970
94354  -33.555  0.262  -16.444 0.7142857313
94334  -33.639  0.902  -16.333 0.7142857313
96474  -32.975  2.427  -16.285 0.8571428657
97528  -33.183  3.183  -15.879 0.8571428657
98570  -32.373  4.161  -15.907 0.8571428657
103740  -29.833  8.788  -16.677 0.8571428657
112325  -29.489  19.158  -11.498 0.1428571492
81192  -27.167  -11.444  -16.552 0.2857142985
82277  -31.157  -11.187  -17.880 0.4285714328
82265  -27.703  -10.576  -16.752 0.2857142985
83396  -29.075  -9.574  -17.460 0.4285714328
82276  -30.662  -10.685  -17.783 0.4285714328
83395  -28.040  -9.597  -17.151 0.5714285970
84534  -29.629  -8.524  -17.472 0.5714285970
85631  -30.193  -7.470  -17.485 0.7142857313
86735  -31.970  -6.568  -17.896 0.4285714328
87809  -30.316  -5.385  -17.757 0.5714285970
87850  -35.028  -5.560  -19.319 0.4285714328
88911  -33.497  -4.730  -18.697 0.5714285970
88929  -34.287  -4.794  -19.411 0.4285714328
89991  -29.535  -3.298  -18.387 0.5714285970
93272  -35.312  -0.982  -17.479 0.5714285970
91059  -30.075  -2.432  -18.173 0.5714285970
91099  -34.960  -2.182  -19.613 0.5714285970
92155  -32.897  -1.855  -16.919 0.7142857313
92153  -31.015  -1.627  -17.463 0.8571428657
97561  -31.076  2.921  -17.460 1.0000000000
100737  -29.548  5.642  -18.116 1.0000000000
102790  -29.572  8.167  -17.017 0.8571428657
103738  -28.137  9.316  -17.264 0.7142857313
103722  -30.357  9.437  -16.522 1.0000000000
103703  -31.341  9.523  -15.921 1.0000000000
104676  -29.640  10.440  -16.496 0.7142857313
103702  -30.809  10.029  -16.189 1.0000000000
104697  -28.448  10.111  -17.052 0.7142857313
105695  -30.323  11.509  -15.854 0.8571428657
109627  -30.689  15.217  -14.954 0.8571428657
107757  -31.294  13.469  -14.873 1.0000000000
107769  -31.007  12.961  -15.282 1.0000000000
111533  -30.643  17.456  -14.943 0.7142857313
112353  -29.456  18.966  -14.944 0.7142857313
113215  -29.988  19.814  -15.107 0.7142857313
114100  -29.931  20.301  -15.162 0.4285714328
114118  -28.841  20.808  -15.119 0.4285714328
113204  -28.566  19.960  -13.644 0.2857142985
113214  -28.770  19.950  -14.377 0.4285714328
86733  -29.730  -6.404  -17.653 0.4285714328
87808  -29.224  -5.255  -18.188 0.4285714328
112372  -29.125  19.350  -14.873 0.7142857313
78049  -27.545  -14.449  -16.422 0.4285714328
79175  -26.761  -13.447  -16.392 0.2857142985
78061  -29.580  -13.786  -17.280 0.4285714328
80203  -27.479  -12.425  -16.633 0.2857142985
80215  -29.344  -12.413  -17.337 0.4285714328
82274  -28.559  -10.559  -17.190 0.2857142985
88928  -33.725  -5.248  -19.199 0.4285714328
90012  -32.302  -4.001  -17.638 0.7142857313
90028  -35.069  -3.859  -19.719 0.5714285970
88886  -29.852  -4.281  -17.794 0.7142857313
91060  -30.821  -2.517  -17.647 0.5714285970
92173  -34.735  -2.165  -18.079 0.5714285970
93268  -31.115  -0.742  -17.277 0.8571428657
98584  -31.697  3.869  -16.460 0.8571428657
96505  -31.074  2.317  -17.721 0.8571428657
103739  -29.158  9.262  -16.814 0.8571428657
111521  -27.265  17.355  -13.898 0.4285714328
113236  -29.379  19.777  -15.087 0.4285714328
111513  -28.244  17.831  -11.887 0.2857142985
111522  -27.779  18.253  -13.902 0.2857142985
113193  -28.663  20.013  -12.789 0.2857142985
112337  -28.773  19.047  -11.961 0.1428571492
81193  -28.086  -11.485  -16.800 0.2857142985
86732  -28.701  -6.430  -17.700 0.2857142985
103721  -29.575  9.834  -16.698 1.0000000000
116592  -29.310  23.274  -15.765 0.2857142985
117451  -28.647  24.400  -16.187 0.1428571492
114946  -29.154  22.297  -15.513 0.2857142985
116581  -29.943  23.688  -15.957 0.2857142985
116591  -28.934  23.519  -15.729 0.1428571492
117435  -28.415  24.620  -15.728 0.1428571492
114099  -28.594  20.886  -14.476 0.1428571492
114927  -28.808  21.912  -15.236 0.2857142985
114917  -28.774  21.850  -14.571 0.1428571492
116582  -30.618  23.433  -15.792 0.2857142985
115741  -29.695  22.786  -15.709 0.2857142985
116587  -34.865  22.831  -15.483 0.2857142985
116584  -32.420  23.216  -15.474 0.2857142985
116580  -28.779  23.692  -15.461 0.1428571492
114928  -29.487  21.768  -15.484 0.2857142985
114920  -32.445  21.402  -14.774 0.2857142985
115742  -30.513  22.533  -15.602 0.2857142985
114105  -34.393  20.267  -14.455 0.1428571492
115735  -32.945  22.065  -14.897 0.2857142985
115743  -31.457  22.430  -15.418 0.2857142985
115740  -28.818  22.750  -15.231 0.1428571492
114929  -30.466  21.582  -15.326 0.2857142985
113237  -36.519  19.468  -15.263 0.1428571492
114107  -35.798  19.820  -14.631 0.1428571492
115737  -33.891  21.678  -14.707 0.4285714328
114919  -31.449  21.164  -14.849 0.2857142985
110615  -34.234  16.450  -13.624 0.2857142985
113219  -33.558  19.334  -14.352 0.4285714328
114103  -32.486  20.378  -14.635 0.2857142985
108728  -35.045  14.594  -13.553 0.1428571492
112346  -34.399  18.101  -13.653 0.2857142985
113218  -32.554  19.385  -14.603 0.4285714328
111535  -32.698  17.265  -14.137 0.5714285970
106706  -34.941  12.925  -13.570 0.1428571492
108727  -34.198  14.581  -13.592 0.1428571492
112356  -32.629  18.349  -14.381 0.7142857313
113217  -31.543  19.485  -14.724 0.4285714328
110630  -33.457  16.096  -13.749 0.4285714328
105675  -34.662  11.395  -13.825 0.2857142985
105655  -33.853  12.457  -13.683 0.7142857313
110628  -31.958  16.316  -14.446 0.7142857313
106734  -31.344  12.531  -15.182 0.8571428657
107759  -33.031  13.650  -14.106 0.8571428657
109629  -32.309  15.377  -14.423 0.5714285970
104630  -35.153  10.479  -14.030 0.2857142985
108738  -32.674  14.499  -14.355 0.7142857313
109643  -30.047  15.088  -15.073 0.5714285970
108737  -31.831  14.454  -14.624 0.8571428657
103682  -35.659  9.548  -14.018 0.1428571492
105674  -33.491  11.791  -13.948 0.7142857313
102743  -35.930  8.726  -14.389 0.1428571492
98581  -26.511  4.966  -18.050 0.5714285970
100722  -29.405  6.469  -17.868 0.8571428657
101798  -29.222  7.112  -17.767 0.8571428657
100734  -27.416  6.404  -18.240 0.4285714328
101797  -28.262  7.652  -17.990 0.5714285970
104651  -30.965  10.587  -15.870 0.8571428657
102755  -32.095  8.766  -15.593 0.8571428657
105696  -31.296  11.555  -15.322 0.8571428657
101745  -35.002  8.164  -14.325 0.2857142985
103679  -32.657  10.027  -14.549 0.8571428657
105697  -31.633  11.036  -14.891 0.8571428657
101767  -35.930  7.342  -14.581 0.4285714328
103680  -33.460  9.537  -14.367 0.7142857313
104628  -32.984  10.675  -14.401 0.7142857313
98580  -25.828  4.815  -17.612 0.2857142985
99638  -28.540  5.373  -18.482 0.5714285970
99637  -27.698  5.535  -18.398 0.5714285970
100724  -30.678  6.343  -17.227 0.8571428657
102772  -31.516  8.376  -15.982 0.8571428657
103723  -31.053  8.956  -16.269 0.8571428657
104652  -31.479  10.417  -15.242 0.8571428657
101766  -34.810  7.513  -14.348 0.4285714328
102756  -32.853  8.294  -15.042 0.8571428657
103704  -32.255  9.428  -14.866 0.8571428657
100693  -35.484  6.427  -14.608 0.4285714328
94370  -28.606  0.443  -18.595 0.7142857313
95445  -27.799  1.413  -18.450 0.4285714328
94371  -29.508  0.459  -18.634 0.7142857313
95448  -30.409  1.562  -18.337 0.8571428657
96501  -28.070  2.500  -18.482 0.5714285970
97556  -27.300  3.682  -18.292 0.5714285970
97539  -25.727  3.532  -17.498 0.4285714328
96503  -29.860  2.448  -18.349 0.8571428657
97557  -28.452  3.509  -18.463 0.5714285970
97541  -26.831  4.385  -18.170 0.5714285970
97542  -30.792  3.678  -17.391 0.8571428657
98595  -29.615  4.259  -18.222 0.7142857313
98594  -28.902  4.395  -18.530 0.5714285970
99615  -32.989  5.254  -15.453 0.7142857313
100708  -32.723  5.900  -15.372 0.7142857313
100690  -32.480  6.811  -15.419 0.7142857313
102773  -32.234  8.074  -15.523 0.8571428657
98560  -35.790  4.929  -15.371 0.2857142985
99602  -35.147  5.491  -14.812 0.4285714328
100692  -34.373  6.292  -14.553 0.5714285970
93286  -28.440  -0.556  -18.514 0.4285714328
94369  -27.817  0.360  -18.392 0.4285714328
95449  -30.938  1.535  -17.955 0.7142857313
94373  -30.777  0.990  -18.158 0.7142857313
97560  -30.668  3.139  -17.823 0.8571428657
98571  -33.525  4.078  -15.567 0.7142857313
98573  -35.591  4.084  -15.631 0.2857142985
98572  -34.531  4.119  -15.353 0.5714285970
99616  -33.787  4.671  -15.334 0.5714285970
91080  -29.381  -2.323  -18.538 0.4285714328
92170  -28.286  -1.536  -18.545 0.5714285970
93288  -30.019  -0.562  -18.405 0.5714285970
93287  -29.230  -0.526  -18.579 0.5714285970
96476  -34.923  2.205  -16.038 0.4285714328
97530  -35.311  3.099  -15.730 0.4285714328
88909  -28.706  -4.500  -18.392 0.5714285970
91112  -35.249  -2.187  -20.242 0.4285714328
92187  -35.148  -1.450  -19.813 0.4285714328
95435  -35.899  0.959  -17.406 0.4285714328
94356  -35.584  0.168  -17.468 0.4285714328
95436  -35.888  1.474  -18.081 0.4285714328
95420  -36.214  1.504  -16.989 0.4285714328
82288  -32.102  -10.812  -18.060 0.1428571492
93289  -35.632  -0.756  -18.849 0.4285714328
94374  -35.817  0.117  -18.654 0.4285714328
94375  -35.844  0.621  -19.210 0.4285714328
84547  -32.230  -8.691  -18.384 0.1428571492
84548  -33.188  -8.582  -18.862 0.1428571492
86778  -34.407  -6.712  -19.098 0.2857142985
90015  -36.548  -3.580  -19.321 0.2857142985
92189  -37.172  -1.527  -19.983 0.2857142985
92188  -37.021  -2.230  -19.665 0.2857142985
92202  -37.010  -0.921  -20.468 0.2857142985
92201  -36.391  -1.689  -20.504 0.2857142985
90046  -35.799  -2.756  -20.367 0.2857142985
93316  -36.399  -0.332  -20.632 0.2857142985
93315  -35.815  -0.841  -20.667 0.4285714328
83411  -32.500  -9.799  -18.199 0.1428571492
83412  -33.289  -9.150  -18.462 0.1428571492
83398  -30.930  -9.217  -17.827 0.1428571492
84549  -34.045  -8.702  -19.015 0.2857142985
84558  -34.346  -7.953  -19.153 0.2857142985
87835  -36.060  -5.846  -18.371 0.2857142985
88915  -36.773  -4.472  -18.290 0.2857142985
88914  -36.196  -4.618  -18.784 0.2857142985
87834  -35.356  -5.528  -18.891 0.2857142985
90016  -36.961  -3.806  -18.484 0.2857142985
84537  -33.744  -8.964  -18.045 0.1428571492
85608  -35.813  -7.532  -16.795 0.2857142985
84538  -34.547  -8.439  -17.810 0.2857142985
85656  -35.605  -7.170  -18.420 0.2857142985
85634  -35.159  -7.641  -18.266 0.2857142985
86737  -35.948  -6.803  -18.205 0.2857142985
79192  -30.187  -13.252  -17.591 0.2857142985
81217  -31.949  -11.214  -17.999 0.1428571492
81206  -30.712  -11.698  -17.691 0.2857142985
82278  -32.630  -10.527  -17.689 0.1428571492
76920  -29.155  -15.510  -16.211 0.2857142985
75883  -28.346  -16.000  -16.206 0.2857142985
76918  -27.485  -15.405  -16.186 0.2857142985
80218  -31.336  -12.607  -17.311 0.2857142985
75882  -27.887  -15.782  -16.243 0.2857142985
75863  -27.562  -16.392  -15.917 0.1428571492
84539  -35.330  -7.870  -17.408 0.2857142985
86738  -36.294  -6.333  -17.722 0.2857142985
91084  -37.075  -2.991  -19.219 0.2857142985
90045  -35.262  -3.010  -20.278 0.4285714328
92200  -35.610  -1.538  -20.475 0.4285714328
95446  -28.796  1.471  -18.646 0.7142857313
93303  -35.899  -0.164  -20.163 0.4285714328
97529  -34.245  3.126  -15.654 0.4285714328
97531  -36.205  3.189  -16.234 0.2857142985
98574  -36.431  4.539  -16.244 0.2857142985
98559  -35.052  4.731  -15.137 0.5714285970
107768  -30.466  13.442  -15.379 0.7142857313
101765  -33.659  7.292  -14.753 0.7142857313
110644  -29.867  15.605  -15.223 0.5714285970
109628  -31.450  15.352  -14.703 0.7142857313
105673  -32.184  11.635  -14.654 0.8571428657
104629  -34.070  10.571  -14.115 0.5714285970
114918  -30.809  21.186  -14.978 0.2857142985
109616  -34.650  15.486  -13.563 0.4285714328
111536  -33.530  16.982  -13.846 0.4285714328
115734  -28.888  22.911  -14.712 0.1428571492
114922  -34.363  21.271  -14.626 0.2857142985
113220  -34.534  19.359  -14.226 0.1428571492
116583  -31.483  23.308  -15.622 0.2857142985
76921  -29.914  -14.926  -15.991 0.1428571492
78048  -26.742  -14.306  -16.230 0.2857142985
78063  -30.640  -13.690  -16.914 0.1428571492
81207  -31.550  -11.553  -17.719 0.1428571492
80217  -30.779  -12.514  -17.566 0.2857142985
83399  -32.779  -10.084  -17.868 0.1428571492
83401  -34.098  -9.284  -17.421 0.1428571492
84521  -35.290  -8.563  -16.433 0.1428571492
85653  -33.440  -7.468  -19.103 0.2857142985
85655  -35.192  -7.397  -18.931 0.2857142985
88867  -37.365  -4.140  -16.804 0.2857142985
87849  -34.576  -5.791  -19.152 0.2857142985
91085  -37.582  -2.834  -18.454 0.2857142985
88930  -35.237  -4.937  -19.686 0.2857142985
88913  -35.558  -4.845  -19.201 0.2857142985
93266  -27.039  -0.270  -17.841 0.2857142985
94400  -36.683  0.667  -20.566 0.2857142985
94372  -30.432  0.436  -18.304 0.5714285970
96499  -26.338  2.546  -17.871 0.4285714328
94388  -36.117  0.670  -20.146 0.4285714328
97540  -26.450  4.091  -17.861 0.5714285970
96502  -29.050  2.480  -18.532 0.7142857313
99636  -26.919  5.731  -18.170 0.2857142985
95450  -36.013  1.547  -19.309 0.1428571492
96478  -36.281  2.307  -17.147 0.4285714328
96477  -35.761  2.256  -16.469 0.4285714328
97532  -36.328  3.369  -17.356 0.1428571492
99601  -34.053  5.255  -15.025 0.5714285970
99603  -35.844  5.747  -15.307 0.2857142985
102757  -33.818  8.361  -14.439 0.7142857313
106715  -31.882  12.663  -14.764 0.8571428657
101747  -36.012  8.090  -14.824 0.2857142985
102744  -36.307  8.672  -15.108 0.1428571492
103681  -34.650  9.593  -14.025 0.4285714328
104631  -36.026  10.478  -14.302 0.1428571492
107746  -33.770  13.725  -13.679 0.5714285970
105657  -35.269  12.110  -13.613 0.1428571492
107748  -35.393  13.717  -13.650 0.1428571492
109615  -33.818  15.420  -13.658 0.5714285970
106707  -35.711  12.847  -13.697 0.1428571492
109617  -35.497  15.481  -13.667 0.1428571492
114104  -33.467  20.325  -14.504 0.2857142985
111524  -34.856  17.223  -13.668 0.2857142985
111525  -35.428  17.255  -13.960 0.1428571492
112360  -36.365  18.457  -14.737 0.1428571492
113222  -36.049  19.302  -14.633 0.1428571492
115746  -34.343  22.217  -15.123 0.2857142985
114932  -34.875  21.833  -15.049 0.1428571492
114933  -35.354  21.388  -14.959 0.1428571492
78037  -31.512  -14.534  -15.350 0.1428571492
82267  -33.305  -10.539  -16.779 0.1428571492
98561  -36.268  5.210  -15.597 0.2857142985
114137  -36.393  20.459  -15.915 0.1428571492
78035  -26.953  -14.895  -16.124 0.2857142985
78052  -30.597  -14.205  -16.341 0.1428571492
79193  -30.800  -13.260  -17.290 0.1428571492
82286  -31.143  -10.233  -18.143 0.1428571492
84557  -33.808  -8.018  -19.235 0.2857142985
86756  -33.559  -6.521  -19.041 0.2857142985
92152  -30.316  -1.541  -17.916 0.4285714328
98596  -30.222  4.132  -17.784 0.8571428657
99627  -30.253  5.034  -17.685 0.8571428657
101783  -31.274  7.332  -16.506 0.8571428657
102791  -30.308  8.301  -16.693 0.8571428657
110645  -30.263  15.713  -15.165 0.5714285970
114101  -30.639  20.485  -14.948 0.2857142985
114102  -31.524  20.432  -14.766 0.2857142985
82287  -31.589  -10.668  -18.114 0.1428571492
87833  -34.917  -5.795  -19.030 0.2857142985
93302  -35.422  -0.743  -20.141 0.4285714328
99639  -29.302  5.182  -18.397 0.5714285970
107758  -32.224  13.569  -14.515 0.8571428657
114120  -30.251  20.832  -15.163 0.2857142985
96504  -30.538  2.409  -18.126 0.8571428657
115752  -28.974  22.746  -15.458 0.2857142985
115745  -33.487  22.495  -15.173 0.2857142985
115744  -32.437  22.270  -15.182 0.2857142985
114931  -31.944  21.636  -14.989 0.2857142985
115736  -33.420  21.889  -14.790 0.2857142985
114106  -35.353  20.297  -14.613 0.1428571492
114930  -31.424  21.711  -15.128 0.2857142985
113221  -35.364  19.276  -14.377 0.1428571492
114122  -36.151  20.280  -14.974 0.1428571492
110616  -35.102  16.391  -13.690 0.1428571492
112357  -33.749  18.248  -13.804 0.4285714328
109618  -36.177  15.407  -13.946 0.1428571492
107747  -34.583  13.747  -13.584 0.1428571492
112359  -35.569  18.279  -14.072 0.2857142985
110629  -32.833  16.240  -14.126 0.5714285970
106717  -33.458  12.873  -13.822 0.4285714328
108739  -33.419  14.541  -13.890 0.5714285970
106716  -32.670  12.691  -14.265 0.7142857313
102742  -35.125  8.698  -14.051 0.4285714328
104653  -32.115  10.518  -14.686 0.8571428657
100735  -28.192  6.245  -18.263 0.5714285970
101808  -27.162  7.133  -18.236 0.4285714328
103705  -33.083  8.882  -14.666 0.8571428657
95431  -27.299  1.026  -18.179 0.4285714328
95447  -29.703  1.486  -18.567 0.7142857313
96500  -27.046  2.419  -18.257 0.4285714328
97554  -26.102  2.981  -17.670 0.4285714328
96498  -25.905  2.692  -17.606 0.2857142985
97558  -29.328  3.404  -18.332 0.7142857313
99600  -33.393  5.555  -15.157 0.5714285970
100691  -33.127  6.193  -15.065 0.7142857313
92172  -29.675  -1.477  -18.378 0.5714285970
92171  -28.985  -1.470  -18.623 0.5714285970
92210  -36.147  -2.109  -20.528 0.2857142985
93290  -35.811  -0.199  -19.506 0.4285714328
85673  -34.618  -7.334  -19.098 0.2857142985
86757  -34.951  -6.476  -18.964 0.2857142985
91100  -36.607  -2.851  -19.982 0.2857142985
90029  -35.906  -3.708  -19.966 0.2857142985
88931  -35.721  -4.535  -19.502 0.2857142985
83385  -33.502  -10.033  -16.927 0.1428571492
83400  -33.266  -9.853  -17.556 0.1428571492
84550  -34.760  -8.085  -18.910 0.2857142985
87812  -36.623  -5.334  -17.963 0.2857142985
84520  -34.661  -9.170  -16.983 0.1428571492
85636  -36.139  -6.841  -17.010 0.2857142985
76906  -29.464  -15.951  -15.904 0.1428571492
76907  -29.943  -15.799  -15.741 0.1428571492
78036  -30.589  -15.069  -15.735 0.1428571492
78053  -31.276  -13.644  -16.118 0.1428571492
114091  -28.630  20.946  -13.637 0.1428571492
107767  -29.369  13.408  -15.758 0.5714285970
105714  -28.220  11.574  -16.517 0.4285714328
106749  -28.439  12.518  -16.261 0.4285714328
107775  -28.779  13.040  -16.101 0.5714285970
106750  -29.305  12.558  -16.144 0.5714285970
103737  -27.271  9.354  -17.357 0.4285714328
104675  -28.764  10.761  -16.694 0.4285714328
104674  -27.921  10.857  -16.913 0.4285714328
105715  -29.305  11.544  -16.284 0.5714285970
105694  -29.738  12.045  -15.979 0.5714285970
93292  -38.372  -0.878  -18.575 0.1428571492
93304  -37.586  -0.822  -19.610 0.1428571492
93305  -38.101  -0.178  -19.402 0.1428571492
85607  -27.497  -8.197  -16.990 0.2857142985
92124  -39.351  -1.278  -16.133 0.1428571492
92158  -38.454  -1.718  -17.638 0.1428571492
93239  -39.592  -0.478  -16.018 0.1428571492
93273  -38.908  -0.941  -17.514 0.1428571492
84532  -27.733  -8.666  -17.197 0.2857142985
89977  -37.749  -3.311  -17.116 0.1428571492
91048  -38.261  -2.670  -16.860 0.1428571492
91064  -37.881  -3.063  -17.739 0.1428571492
92138  -38.817  -1.585  -16.666 0.1428571492
92102  -39.688  -1.214  -14.337 0.1428571492
92123  -39.028  -1.818  -15.932 0.1428571492
94252  -40.624  0.922  -12.833 0.1428571492
94301  -40.103  0.351  -14.388 0.1428571492
94271  -40.327  0.627  -13.594 0.1428571492
83394  -27.390  -9.278  -16.918 0.2857142985
83383  -26.690  -9.530  -16.640 0.2857142985
86711  -37.200  -5.911  -16.153 0.1428571492
87780  -37.671  -5.302  -15.943 0.1428571492
88854  -37.645  -4.691  -16.321 0.1428571492
87790  -36.666  -5.668  -17.278 0.1428571492
89945  -38.765  -2.976  -15.263 0.1428571492
89963  -38.516  -3.435  -15.979 0.1428571492
91018  -39.097  -2.470  -14.683 0.1428571492
92076  -39.653  -1.519  -14.285 0.1428571492
92061  -40.640  -1.167  -12.995 0.1428571492
93175  -40.688  -0.086  -12.677 0.1428571492
93189  -40.367  -0.417  -13.691 0.1428571492
83384  -27.349  -9.896  -16.758 0.2857142985
82264  -26.874  -10.526  -16.572 0.2857142985
82263  -26.048  -10.357  -16.233 0.2857142985
85609  -36.337  -7.027  -16.259 0.1428571492
86695  -37.432  -6.068  -15.548 0.1428571492
87781  -37.922  -4.890  -15.352 0.1428571492
89946  -38.871  -3.296  -14.600 0.1428571492
88855  -38.198  -4.429  -16.011 0.1428571492
90999  -39.888  -2.423  -13.520 0.1428571492
95333  -40.777  1.796  -12.387 0.1428571492
94253  -40.975  0.669  -12.061 0.1428571492
86694  -36.907  -6.547  -15.852 0.1428571492
85586  -36.676  -7.392  -15.371 0.1428571492
86683  -38.156  -5.967  -14.119 0.1428571492
85587  -37.191  -6.686  -15.163 0.1428571492
87754  -39.271  -4.932  -13.068 0.1428571492
87767  -37.716  -5.552  -15.246 0.1428571492
88830  -38.968  -4.127  -13.525 0.1428571492
88829  -38.612  -4.534  -14.217 0.1428571492
89908  -39.424  -3.387  -13.221 0.1428571492
92050  -40.946  -0.828  -12.181 0.1428571492
90985  -40.451  -2.041  -13.141 0.1428571492
93166  -41.357  -0.164  -11.622 0.1428571492
93165  -41.081  -0.291  -12.194 0.1428571492
85570  -36.848  -8.035  -14.701 0.1428571492
85554  -38.270  -7.218  -13.634 0.1428571492
85571  -37.531  -7.328  -14.472 0.1428571492
85572  -38.120  -6.667  -14.172 0.1428571492
88809  -39.415  -3.956  -12.709 0.1428571492
87731  -39.570  -5.052  -12.014 0.1428571492
88810  -40.208  -3.936  -12.142 0.1428571492
89897  -40.695  -2.940  -11.683 0.1428571492
89928  -39.643  -2.945  -13.321 0.1428571492
85536  -38.927  -7.556  -11.986 0.1428571492
85553  -37.787  -7.968  -13.611 0.1428571492
86639  -39.355  -6.494  -11.884 0.1428571492
86620  -39.632  -7.385  -11.486 0.1428571492
90973  -40.677  -1.891  -12.156 0.1428571492
86665  -38.525  -6.386  -13.575 0.1428571492
86682  -37.723  -6.224  -14.755 0.1428571492
87753  -38.685  -5.332  -13.724 0.1428571492
87813  -36.817  -5.199  -17.401 0.1428571492
94238  -41.412  0.895  -11.235 0.1428571492
96401  -41.264  2.254  -11.680 0.1428571492
92101  -39.279  -1.312  -14.946 0.1428571492
92176  -37.454  -1.840  -18.979 0.1428571492
94358  -38.936  -0.366  -18.166 0.1428571492
92051  -41.356  -1.255  -11.498 0.1428571492
95334  -41.236  1.479  -11.711 0.1428571492
96381  -41.166  2.975  -11.526 0.1428571492
95360  -40.311  1.699  -13.420 0.1428571492
94300  -39.732  0.310  -15.010 0.1428571492
93317  -37.178  -0.120  -20.500 0.1428571492
108745  -28.857  14.364  -15.517 0.4285714328
109642  -29.377  15.244  -15.218 0.4285714328
115754  -35.675  22.910  -15.850 0.1428571492
108746  -29.764  14.326  -15.350 0.4285714328
116586  -34.359  23.296  -15.520 0.1428571492
93291  -37.908  -1.329  -18.896 0.1428571492
86710  -36.667  -6.235  -16.699 0.1428571492
84522  -36.034  -7.786  -16.022 0.1428571492
89995  -37.490  -3.648  -17.730 0.1428571492
91065  -38.089  -2.470  -17.861 0.1428571492
93252  -39.370  -0.596  -17.009 0.1428571492
92100  -39.148  -1.632  -15.567 0.1428571492
93214  -39.566  -0.314  -15.232 0.1428571492
93274  -39.181  -0.409  -17.699 0.1428571492
94337  -39.633  0.418  -16.903 0.1428571492
89978  -37.975  -3.703  -16.486 0.1428571492
91034  -38.737  -2.434  -15.999 0.1428571492
93215  -39.826  -0.580  -14.471 0.1428571492
92077  -40.093  -1.458  -13.849 0.1428571492
91017  -38.916  -2.080  -15.354 0.1428571492
87791  -37.089  -5.221  -16.732 0.1428571492
88841  -38.432  -4.075  -15.015 0.1428571492
90998  -39.593  -2.062  -14.193 0.1428571492
89927  -39.262  -3.062  -13.881 0.1428571492
87768  -38.104  -5.216  -14.599 0.1428571492
89909  -40.063  -2.939  -12.745 0.1428571492
84495  -37.304  -8.230  -14.163 0.1428571492
86638  -38.868  -6.968  -12.873 0.1428571492
87730  -39.001  -6.022  -12.906 0.1428571492
76903  -25.075  -15.764  -14.808 0.1428571492
76905  -26.784  -15.591  -15.813 0.1428571492
76904  -25.911  -15.652  -15.374 0.1428571492
78033  -25.425  -14.723  -15.137 0.1428571492
79161  -26.320  -14.004  -16.125 0.1428571492
79174  -26.209  -13.023  -16.168 0.1428571492
80201  -26.020  -12.767  -16.025 0.1428571492
80188  -26.205  -11.760  -16.057 0.1428571492
80202  -26.498  -12.305  -16.259 0.1428571492
81191  -26.468  -11.281  -16.291 0.1428571492
79159  -25.116  -12.631  -15.220 0.1428571492
80186  -25.290  -11.852  -15.136 0.1428571492
81179  -26.025  -11.250  -15.901 0.1428571492
82249  -24.644  -10.245  -15.065 0.1428571492
83369  -24.721  -9.471  -15.569 0.1428571492
83382  -25.825  -9.358  -16.420 0.1428571492
84518  -26.373  -8.524  -16.615 0.2857142985
84519  -27.131  -8.679  -16.834 0.1428571492
85606  -27.068  -7.862  -16.849 0.1428571492
85629  -27.943  -7.575  -17.320 0.1428571492
86731  -27.804  -6.336  -17.597 0.2857142985
90009  -27.857  -3.421  -18.426 0.4285714328
90011  -29.175  -2.864  -18.740 0.4285714328
91079  -28.811  -2.363  -18.763 0.4285714328
101796  -27.409  7.775  -18.033 0.2857142985
102787  -26.924  8.513  -17.576 0.2857142985
102788  -27.768  8.499  -17.599 0.2857142985
105712  -26.547  11.549  -16.296 0.2857142985
106748  -27.548  12.210  -16.255 0.2857142985
107774  -28.444  13.040  -16.099 0.2857142985
107766  -28.300  13.503  -15.814 0.4285714328
84517  -25.443  -8.388  -16.342 0.1428571492
85605  -26.216  -7.291  -16.793 0.2857142985
79160  -25.766  -13.505  -15.655 0.1428571492
79158  -25.043  -12.196  -14.869 0.1428571492
83381  -25.212  -9.373  -16.086 0.1428571492
84503  -24.831  -8.803  -15.934 0.1428571492
85604  -25.252  -7.231  -16.307 0.2857142985
85628  -27.109  -6.994  -17.210 0.2857142985
86729  -26.452  -6.237  -17.057 0.2857142985
86730  -27.059  -6.185  -17.452 0.2857142985
87830  -28.650  -5.076  -18.318 0.4285714328
87828  -27.872  -4.705  -18.237 0.4285714328
90008  -27.215  -3.430  -18.013 0.2857142985
100733  -26.691  6.651  -18.068 0.2857142985
101794  -25.757  7.638  -17.468 0.2857142985
102785  -25.441  8.396  -16.935 0.2857142985
103736  -26.452  9.349  -17.235 0.2857142985
104696  -27.611  10.154  -17.222 0.2857142985
104672  -26.404  10.749  -16.627 0.2857142985
105711  -25.639  11.037  -16.267 0.2857142985
105713  -27.368  11.510  -16.510 0.2857142985
100721  -26.091  6.946  -17.774 0.2857142985
101781  -24.395  7.482  -16.660 0.2857142985
103734  -25.101  9.211  -16.468 0.2857142985
104693  -25.361  9.992  -16.534 0.2857142985
104695  -26.790  10.145  -17.107 0.2857142985
105731  -25.509  10.481  -16.465 0.2857142985
104673  -27.106  10.828  -16.795 0.2857142985
103719  -23.667  9.006  -15.944 0.2857142985
103720  -24.284  9.287  -16.116 0.2857142985
88908  -28.154  -4.229  -18.409 0.4285714328
90010  -28.770  -3.429  -18.626 0.4285714328
87807  -28.393  -5.549  -18.040 0.4285714328
78034  -26.287  -14.656  -15.755 0.1428571492
104694  -25.962  10.179  -16.778 0.2857142985
82262  -25.586  -9.839  -16.120 0.1428571492
82250  -25.348  -10.267  -15.629 0.1428571492
79147  -25.350  -14.022  -14.867 0.1428571492
80187  -25.775  -12.171  -15.765 0.1428571492
81178  -25.536  -11.223  -15.551 0.1428571492
81176  -24.377  -11.096  -14.764 0.1428571492
82251  -25.752  -10.765  -15.817 0.1428571492
87806  -27.626  -5.297  -17.877 0.4285714328
103701  -23.775  9.570  -15.627 0.2857142985
92169  -27.616  -1.652  -18.324 0.2857142985
91078  -28.135  -2.500  -18.603 0.2857142985
93285  -27.637  -0.603  -18.290 0.2857142985
118304  -33.227  25.583  -16.576 0.1428571492
118305  -33.840  25.059  -16.411 0.1428571492
117456  -33.279  24.679  -16.037 0.1428571492
117440  -33.313  23.963  -15.572 0.1428571492
117441  -33.890  23.764  -15.578 0.1428571492
118317  -33.734  26.002  -17.107 0.1428571492
117439  -32.394  24.074  -15.651 0.1428571492
117437  -30.674  24.163  -16.071 0.1428571492
118301  -30.011  25.483  -16.866 0.1428571492
93284  -27.148  -0.973  -18.034 0.2857142985
116593  -34.893  23.801  -15.861 0.1428571492
116585  -33.341  23.183  -15.419 0.1428571492
117438  -31.484  24.134  -15.829 0.1428571492
117454  -31.397  24.815  -16.218 0.1428571492
117453  -30.474  24.717  -16.419 0.1428571492
117436  -30.120  24.203  -16.199 0.1428571492
117452  -29.454  24.267  -16.311 0.1428571492
119093  -32.656  26.062  -16.695 0.1428571492
117455  -32.342  24.832  -16.061 0.1428571492
117457  -34.416  24.422  -16.145 0.1428571492
102753  -22.994  8.272  -15.281 0.1428571492
102769  -24.018  8.334  -16.258 0.1428571492
104671  -24.788  10.069  -16.151 0.1428571492
104624  -24.058  10.686  -14.630 0.1428571492
100719  -24.723  6.633  -17.144 0.1428571492
104650  -24.132  10.253  -15.443 0.1428571492
105692  -25.355  11.362  -15.628 0.1428571492
105693  -25.973  11.887  -15.755 0.1428571492
96488  -26.569  1.978  -18.083 0.2857142985
96487  -26.066  2.036  -17.773 0.1428571492
99612  -23.841  5.507  -16.497 0.1428571492
99624  -24.534  5.598  -16.914 0.1428571492
100705  -24.131  6.508  -16.585 0.1428571492
100694  -36.315  6.520  -15.114 0.1428571492
102754  -23.505  8.323  -15.765 0.1428571492
106729  -26.772  12.516  -15.696 0.1428571492
106714  -26.064  12.704  -15.184 0.2857142985
107765  -27.225  13.639  -15.392 0.2857142985
110614  -26.976  16.295  -13.880 0.2857142985
110613  -26.631  15.705  -13.584 0.2857142985
107764  -26.354  13.373  -15.203 0.2857142985
108744  -27.930  14.422  -15.375 0.2857142985
109626  -28.888  15.818  -14.950 0.2857142985
109640  -27.719  15.129  -15.034 0.2857142985
109624  -27.186  15.513  -14.492 0.2857142985
110625  -28.657  16.658  -14.890 0.2857142985
109614  -26.437  15.437  -13.997 0.2857142985
111516  -27.551  17.467  -13.084 0.1428571492
110608  -26.735  15.875  -13.065 0.2857142985
108725  -26.375  14.690  -13.817 0.1428571492
110609  -27.020  16.691  -13.015 0.2857142985
111512  -27.784  17.587  -12.479 0.1428571492
110603  -27.440  16.869  -12.054 0.1428571492
105670  -25.328  11.276  -15.124 0.2857142985
109605  -26.543  15.444  -11.770 0.1428571492
110597  -28.562  16.915  -10.573 0.1428571492
110595  -26.965  15.997  -11.507 0.1428571492
104601  -25.363  10.020  -13.997 0.1428571492
101768  -36.399  7.604  -15.350 0.1428571492
98579  -25.036  4.617  -17.188 0.1428571492
100704  -23.490  6.360  -16.164 0.1428571492
100709  -36.524  6.631  -15.983 0.1428571492
101779  -23.251  6.989  -15.715 0.1428571492
103672  -22.326  9.038  -14.348 0.1428571492
103673  -22.841  9.486  -14.611 0.1428571492
104623  -23.237  10.201  -14.599 0.1428571492
105710  -24.872  10.813  -15.892 0.1428571492
105669  -24.746  10.764  -14.737 0.1428571492
105671  -26.062  11.838  -15.345 0.2857142985
107755  -26.730  13.960  -14.726 0.1428571492
108735  -27.234  14.560  -14.867 0.2857142985
108726  -26.631  14.736  -14.375 0.1428571492
109598  -26.978  15.359  -11.446 0.1428571492
109609  -26.523  15.370  -12.504 0.2857142985
110602  -26.660  16.102  -12.217 0.1428571492
111517  -28.032  18.171  -13.013 0.1428571492
110604  -27.966  16.984  -11.370 0.1428571492
99617  -36.398  5.775  -15.927 0.1428571492
99618  -36.509  6.138  -16.391 0.1428571492
110624  -27.697  16.542  -14.487 0.2857142985
111530  -27.438  17.032  -14.261 0.2857142985
97527  -24.769  3.494  -16.992 0.1428571492
99626  -26.094  5.954  -17.787 0.1428571492
98585  -36.496  4.466  -17.797 0.1428571492
109641  -28.450  15.166  -15.244 0.2857142985
106747  -27.016  11.971  -16.203 0.1428571492
106730  -27.714  12.929  -15.953 0.1428571492
101780  -23.706  7.396  -16.153 0.1428571492
103700  -23.356  9.212  -15.204 0.1428571492
104649  -23.584  9.891  -15.250 0.1428571492
102733  -22.423  8.237  -14.828 0.1428571492
101759  -22.556  7.304  -15.340 0.1428571492
105691  -24.719  10.897  -15.248 0.1428571492
109613  -26.472  15.301  -13.329 0.1428571492
109625  -28.092  15.797  -14.793 0.2857142985
85603  -24.640  -6.982  -15.700 0.1428571492
86709  -25.740  -6.339  -16.643 0.1428571492
87789  -25.447  -5.489  -16.581 0.1428571492
86692  -24.334  -6.197  -15.396 0.1428571492
88864  -24.031  -4.621  -15.908 0.1428571492
87788  -24.834  -5.460  -16.210 0.1428571492
89975  -24.250  -3.814  -16.266 0.1428571492
88866  -25.156  -4.686  -16.582 0.1428571492
87805  -26.851  -5.445  -17.457 0.1428571492
91046  -24.691  -3.004  -16.445 0.1428571492
89989  -26.207  -3.938  -17.158 0.1428571492
88907  -27.443  -4.318  -18.072 0.1428571492
91058  -26.080  -3.001  -17.064 0.1428571492
88906  -26.991  -3.970  -17.843 0.1428571492
91045  -24.075  -2.962  -16.126 0.1428571492
92137  -24.508  -2.300  -16.259 0.1428571492
91076  -26.807  -2.685  -17.691 0.1428571492
92168  -27.021  -1.713  -17.837 0.1428571492
94349  -26.537  0.428  -17.585 0.1428571492
87804  -26.162  -5.454  -17.011 0.1428571492
85585  -23.946  -7.197  -15.256 0.1428571492
87787  -24.432  -5.403  -15.779 0.1428571492
91077  -27.464  -2.569  -18.207 0.1428571492
86708  -25.094  -6.271  -16.162 0.1428571492
88884  -27.183  -4.890  -17.701 0.1428571492
86707  -24.728  -6.062  -15.744 0.1428571492
87762  -24.015  -5.243  -15.152 0.1428571492
88865  -24.514  -4.668  -16.282 0.1428571492
89976  -24.893  -3.865  -16.555 0.1428571492
89988  -25.625  -3.885  -16.774 0.1428571492
88882  -25.861  -4.671  -16.948 0.1428571492
91057  -25.341  -3.144  -16.657 0.1428571492
88883  -26.680  -4.532  -17.477 0.1428571492
89957  -23.496  -3.690  -15.285 0.1428571492
79178  -31.025  -13.457  -16.749 0.1428571492
79194  -31.274  -13.133  -17.107 0.1428571492
81177  -25.027  -11.064  -15.093 0.1428571492
81216  -31.797  -11.056  -18.081 0.1428571492
82266  -32.895  -10.719  -17.276 0.1428571492
82279  -33.011  -10.420  -17.344 0.1428571492
83409  -30.859  -9.870  -18.026 0.1428571492
83410  -31.520  -9.612  -18.169 0.1428571492
84559  -34.751  -7.755  -19.057 0.2857142985
85627  -26.689  -6.683  -17.137 0.2857142985
85635  -35.766  -7.177  -17.705 0.2857142985
85654  -33.755  -6.993  -19.115 0.2857142985
85671  -33.752  -7.653  -19.224 0.2857142985
85672  -34.000  -7.370  -19.216 0.2857142985
86754  -32.383  -7.162  -18.342 0.4285714328
86758  -35.617  -6.591  -18.584 0.2857142985
86759  -36.045  -6.455  -18.277 0.2857142985
86777  -34.022  -6.530  -19.155 0.2857142985
87829  -28.239  -4.915  -18.297 0.4285714328
87848  -33.914  -5.767  -19.203 0.2857142985
88842  -38.835  -3.835  -14.239 0.1428571492
88868  -37.814  -4.256  -16.357 0.1428571492
88889  -36.710  -4.782  -18.189 0.2857142985
88890  -37.012  -4.598  -17.714 0.2857142985
89990  -29.177  -3.587  -18.499 0.4285714328
90007  -26.664  -3.594  -17.587 0.1428571492
90044  -34.787  -3.209  -19.918 0.4285714328
90056  -35.567  -2.491  -20.382 0.4285714328
90057  -35.795  -2.411  -20.448 0.4285714328
91047  -37.996  -2.869  -17.392 0.1428571492
91083  -34.862  -2.381  -18.825 0.5714285970
91086  -37.839  -2.228  -18.421 0.1428571492
91113  -36.163  -2.575  -20.359 0.2857142985
91121  -35.702  -2.131  -20.487 0.2857142985
91122  -35.987  -2.300  -20.519 0.2857142985
92139  -39.207  -1.135  -16.682 0.1428571492
92151  -26.294  -1.780  -17.202 0.1428571492
92175  -37.259  -2.447  -19.048 0.1428571492
92177  -38.076  -1.755  -18.402 0.1428571492
92209  -35.966  -1.963  -20.631 0.2857142985
93176  -41.129  0.012  -12.192 0.1428571492
93251  -39.109  -1.064  -16.955 0.1428571492
94335  -34.184  0.767  -16.345 0.5714285970
94350  -27.189  0.386  -17.993 0.1428571492
94357  -35.712  0.696  -18.174 0.4285714328
95417  -33.480  1.534  -16.287 0.7142857313
95434  -33.293  1.028  -16.371 0.7142857313
95444  -27.049  1.628  -18.202 0.4285714328
97555  -26.480  3.202  -17.884 0.4285714328
97559  -30.034  3.296  -18.063 0.8571428657
98568  -24.269  4.540  -16.670 0.1428571492
98582  -30.573  4.499  -17.400 1.0000000000
98592  -27.181  4.815  -18.348 0.5714285970
98593  -28.008  4.558  -18.504 0.5714285970
99625  -25.222  5.740  -17.426 0.1428571492
99630  -36.585  6.243  -16.611 0.1428571492
99640  -29.845  5.070  -18.070 0.8571428657
100703  -22.902  6.265  -15.666 0.1428571492
100710  -36.509  6.407  -16.409 0.1428571492
100720  -25.441  6.767  -17.513 0.1428571492
100726  -36.522  6.468  -16.642 0.1428571492
100736  -29.087  6.206  -18.131 0.8571428657
101746  -35.450  8.104  -14.515 0.4285714328
101760  -23.247  7.656  -15.618 0.1428571492
101764  -32.757  7.352  -15.294 0.7142857313
101784  -31.956  7.387  -15.623 0.8571428657
101793  -25.034  7.565  -17.125 0.2857142985
101795  -26.561  7.621  -17.893 0.2857142985
101809  -27.844  7.054  -18.305 0.4285714328
101810  -28.602  6.860  -18.144 0.8571428657
101811  -28.960  6.734  -18.018 0.8571428657
102741  -34.308  8.865  -14.107 0.4285714328
102758  -34.616  8.327  -14.288 0.4285714328
102770  -24.721  8.373  -16.589 0.1428571492
102771  -30.899  8.387  -16.458 0.8571428657
102786  -26.140  8.462  -17.336 0.2857142985
103699  -22.873  8.829  -14.779 0.1428571492
103735  -25.725  9.282  -16.936 0.2857142985
104677  -30.396  10.489  -16.223 0.8571428657
104698  -29.117  10.103  -16.814 0.7142857313
105656  -34.388  12.247  -13.581 0.7142857313
105672  -31.647  12.104  -15.011 0.8571428657
105730  -25.179  10.552  -16.303 0.2857142985
106705  -34.163  12.986  -13.656 0.4285714328
106731  -28.196  13.021  -16.080 0.2857142985
108729  -35.843  14.572  -13.678 0.1428571492
108736  -31.063  14.458  -14.831 1.0000000000
109630  -33.107  15.370  -14.096 0.4285714328
110618  -36.322  15.933  -14.374 0.1428571492
111523  -34.273  17.513  -13.670 0.4285714328
112347  -34.870  17.936  -13.620 0.2857142985
112348  -35.215  17.697  -13.719 0.2857142985
112358  -34.755  18.575  -13.871 0.2857142985
112371  -28.994  19.547  -14.903 0.7142857313
114121  -35.772  20.846  -14.981 0.1428571492
114921  -33.360  21.185  -14.611 0.4285714328
114923  -34.915  20.852  -14.577 0.1428571492
114945  -28.953  22.406  -15.442 0.2857142985
115753  -29.171  22.683  -15.565 0.2857142985
