#!ascii label  , from subject S5_08 vox2ras=TkReg
2082
28635  9.461  -53.520  51.130 0.0000000000
69622  47.552  -20.938  37.518 0.0000000000
45761  29.443  -40.956  47.491 0.0000000000
46974  39.595  -40.193  53.935 0.0000000000
37740  22.416  -47.382  45.869 0.0000000000
32540  16.451  -51.579  55.701 0.0000000000
83789  54.060  -8.988  33.877 0.0000000000
73039  56.950  -17.221  44.858 0.0000000000
61930  42.890  -27.283  45.466 0.0000000000
85122  59.140  -7.252  26.659 0.0000000000
33834  28.408  -49.725  53.927 0.0000000000
32614  12.505  -51.069  53.014 0.0000000000
78850  55.493  -13.170  38.949 0.0000000000
76621  50.810  -15.088  35.892 0.0000000000
68200  47.062  -21.806  43.275 0.0000000000
70755  51.873  -20.649  46.488 0.0000000000
68263  42.175  -22.611  41.156 0.0000000000
52882  35.153  -34.323  44.710 0.0000000000
49445  34.139  -38.737  49.280 0.0000000000
29972  24.407  -52.778  54.202 0.0000000000
28552  21.089  -53.729  58.407 0.0000000000
33892  19.324  -49.928  51.099 0.0000000000
36441  15.580  -48.561  48.441 0.0000000000
40376  26.318  -45.130  47.712 0.0000000000
86249  59.309  -6.912  36.461 0.0000000000
78830  60.115  -12.829  41.508 0.0000000000
69556  53.310  -20.375  40.752 0.0000000000
65769  42.728  -23.886  48.406 0.0000000000
55028  38.909  -32.487  49.429 0.0000000000
85063  55.452  -7.641  31.239 0.0000000000
88694  60.935  -5.335  31.012 0.0000000000
87588  64.759  -5.756  27.559 0.0000000000
31222  26.907  -51.928  57.830 0.0000000000
31358  10.974  -52.149  51.216 0.0000000000
29911  10.409  -52.773  57.651 0.0000000000
28580  8.808  -53.481  55.537 0.0000000000
80045  49.937  -12.075  34.025 0.0000000000
68153  47.276  -22.337  46.605 0.0000000000
69469  48.611  -21.476  47.500 0.0000000000
25878  3.952  -56.014  50.526 0.0000000000
67080  41.911  -23.328  38.247 0.0000000000
51835  29.258  -36.804  44.530 0.0000000000
51814  31.728  -36.988  45.495 0.0000000000
48287  31.659  -39.521  48.217 0.0000000000
33926  24.009  -49.682  49.184 0.0000000000
32609  21.879  -51.184  52.153 0.0000000000
35195  21.197  -49.697  48.552 0.0000000000
37719  24.529  -46.714  46.365 0.0000000000
35159  25.931  -49.179  50.710 0.0000000000
29884  18.894  -53.184  58.196 0.0000000000
85012  56.761  -8.067  34.972 0.0000000000
82410  59.785  -9.398  39.737 0.0000000000
82426  56.914  -10.033  37.789 0.0000000000
74227  57.085  -16.261  42.642 0.0000000000
75358  58.861  -15.495  43.278 0.0000000000
73175  46.515  -17.911  35.464 0.0000000000
73151  49.659  -17.838  36.921 0.0000000000
69595  51.055  -20.662  39.342 0.0000000000
65853  39.704  -23.570  42.983 0.0000000000
68190  39.967  -21.922  43.993 0.0000000000
63148  42.731  -25.531  47.065 0.0000000000
49457  38.834  -37.335  49.542 0.0000000000
53952  37.692  -33.682  47.447 0.0000000000
50617  41.235  -36.734  51.944 0.0000000000
85049  51.381  -7.687  31.571 0.0000000000
85083  52.305  -7.327  30.241 0.0000000000
86296  54.088  -6.785  32.628 0.0000000000
87537  55.555  -6.078  32.901 0.0000000000
87613  63.984  -5.868  25.252 0.0000000000
86355  62.615  -6.459  27.336 0.0000000000
88703  63.067  -4.824  29.942 0.0000000000
85099  60.327  -7.242  29.162 0.0000000000
38964  29.299  -45.970  50.314 0.0000000000
40331  31.609  -44.089  50.728 0.0000000000
36373  30.891  -48.065  54.439 0.0000000000
33840  14.318  -50.538  53.737 0.0000000000
29847  14.797  -53.135  59.993 0.0000000000
31208  12.274  -52.557  59.066 0.0000000000
82480  51.468  -9.862  33.123 0.0000000000
81188  55.207  -10.721  36.760 0.0000000000
80043  52.656  -11.226  34.403 0.0000000000
77777  53.510  -14.101  37.391 0.0000000000
74249  54.788  -16.662  40.097 0.0000000000
68259  47.756  -21.893  40.640 0.0000000000
69545  50.488  -21.262  42.352 0.0000000000
69518  49.299  -21.140  44.453 0.0000000000
58499  41.137  -29.819  43.520 0.0000000000
48212  41.586  -38.867  54.839 0.0000000000
28663  7.940  -53.589  49.060 0.0000000000
27224  7.344  -55.426  55.133 0.0000000000
24489  6.406  -56.967  52.920 0.0000000000
69625  44.296  -21.332  36.523 0.0000000000
67077  44.969  -22.686  38.855 0.0000000000
68236  44.870  -22.510  41.700 0.0000000000
66960  44.813  -23.284  46.143 0.0000000000
52934  31.866  -34.750  42.936 0.0000000000
50680  35.208  -36.805  47.417 0.0000000000
48247  36.980  -39.597  52.089 0.0000000000
42962  33.396  -42.699  51.388 0.0000000000
45684  35.442  -41.246  52.879 0.0000000000
29903  24.495  -53.114  57.569 0.0000000000
28536  22.991  -54.253  58.529 0.0000000000
29925  22.697  -53.229  56.645 0.0000000000
31286  19.938  -52.085  55.193 0.0000000000
32591  17.740  -50.801  53.203 0.0000000000
36473  18.095  -47.790  47.413 0.0000000000
36424  17.157  -48.985  49.726 0.0000000000
35147  15.607  -49.697  51.502 0.0000000000
33915  14.214  -50.212  50.176 0.0000000000
32664  12.466  -50.618  48.931 0.0000000000
32666  10.942  -51.168  48.140 0.0000000000
48366  27.550  -38.481  44.370 0.0000000000
45836  26.552  -40.443  43.784 0.0000000000
43032  28.178  -42.804  47.128 0.0000000000
36420  27.734  -47.453  50.657 0.0000000000
32570  26.444  -51.544  54.528 0.0000000000
77744  60.428  -13.123  40.502 0.0000000000
78840  58.156  -12.445  40.999 0.0000000000
76636  47.468  -14.816  34.921 0.0000000000
73135  52.375  -17.780  38.541 0.0000000000
71924  55.461  -18.750  43.245 0.0000000000
70801  52.321  -20.837  43.751 0.0000000000
70784  54.550  -19.803  45.021 0.0000000000
68267  38.621  -21.988  40.280 0.0000000000
68188  41.771  -21.935  44.448 0.0000000000
68097  43.838  -23.243  48.822 0.0000000000
57369  38.958  -31.551  46.291 0.0000000000
57350  41.744  -31.076  47.528 0.0000000000
51716  40.205  -34.632  53.159 0.0000000000
56109  42.289  -32.133  52.504 0.0000000000
58411  44.397  -29.473  50.494 0.0000000000
61854  44.341  -27.003  52.191 0.0000000000
63068  44.068  -25.539  53.136 0.0000000000
85091  57.581  -7.799  29.454 0.0000000000
85060  58.374  -7.153  31.156 0.0000000000
88660  58.935  -5.130  33.426 0.0000000000
28558  26.701  -53.806  57.989 0.0000000000
30002  10.433  -52.516  51.282 0.0000000000
29961  9.823  -52.829  54.465 0.0000000000
28604  9.275  -53.375  53.808 0.0000000000
68114  46.851  -22.647  48.607 0.0000000000
66904  47.254  -22.499  48.991 0.0000000000
25903  3.450  -55.910  47.522 0.0000000000
48319  29.729  -39.084  46.198 0.0000000000
50685  30.620  -38.325  46.256 0.0000000000
47055  30.376  -40.375  48.097 0.0000000000
35210  23.390  -48.845  47.787 0.0000000000
33927  22.920  -49.884  49.043 0.0000000000
36453  22.114  -48.744  47.370 0.0000000000
39037  23.991  -46.065  44.634 0.0000000000
37720  23.646  -47.585  46.528 0.0000000000
36436  24.460  -48.575  48.319 0.0000000000
31243  17.791  -52.018  57.053 0.0000000000
29886  16.920  -52.675  58.319 0.0000000000
83787  55.813  -8.547  34.499 0.0000000000
83763  56.899  -8.784  36.474 0.0000000000
82469  55.719  -9.398  35.128 0.0000000000
74215  57.193  -16.627  43.777 0.0000000000
74214  58.144  -16.074  43.528 0.0000000000
70891  47.593  -19.951  37.080 0.0000000000
70890  48.330  -19.456  37.001 0.0000000000
69608  49.340  -20.714  38.279 0.0000000000
61936  41.908  -26.671  43.897 0.0000000000
63180  41.471  -25.344  44.437 0.0000000000
64511  41.457  -24.207  45.184 0.0000000000
61919  42.549  -26.046  46.196 0.0000000000
48244  39.634  -39.237  51.996 0.0000000000
50633  40.444  -36.937  50.312 0.0000000000
48233  41.335  -38.841  53.424 0.0000000000
85038  52.553  -7.952  32.854 0.0000000000
86288  52.559  -7.759  32.470 0.0000000000
85037  53.489  -7.802  33.040 0.0000000000
85035  54.990  -7.079  33.467 0.0000000000
85134  61.897  -7.062  26.234 0.0000000000
85120  61.537  -7.095  26.910 0.0000000000
86357  61.360  -6.849  28.357 0.0000000000
85111  59.385  -7.427  27.604 0.0000000000
36399  29.062  -47.873  51.889 0.0000000000
37668  30.246  -46.586  51.618 0.0000000000
35117  29.525  -48.939  54.534 0.0000000000
32593  13.259  -50.760  53.616 0.0000000000
32544  13.340  -51.378  56.019 0.0000000000
32562  12.158  -51.236  55.448 0.0000000000
29892  9.396  -53.169  58.813 0.0000000000
29867  10.660  -53.200  59.518 0.0000000000
82481  50.319  -10.248  33.238 0.0000000000
81214  51.798  -10.620  33.880 0.0000000000
81215  50.835  -10.677  33.622 0.0000000000
77809  50.839  -13.445  35.453 0.0000000000
78891  52.166  -13.977  36.241 0.0000000000
77779  52.472  -14.419  36.592 0.0000000000
75406  54.309  -15.377  38.749 0.0000000000
75408  52.945  -15.828  37.803 0.0000000000
68233  47.322  -21.930  41.402 0.0000000000
69547  48.720  -21.198  42.725 0.0000000000
69534  48.604  -21.212  43.724 0.0000000000
83816  50.299  -8.614  32.140 0.0000000000
27264  7.385  -54.816  50.442 0.0000000000
28665  6.206  -53.966  50.005 0.0000000000
68343  43.418  -21.623  36.368 0.0000000000
67096  44.829  -22.535  38.030 0.0000000000
68331  42.828  -22.373  36.851 0.0000000000
67054  42.232  -22.995  39.315 0.0000000000
67022  43.740  -22.869  40.467 0.0000000000
67002  43.323  -22.723  41.316 0.0000000000
68220  44.579  -22.679  42.760 0.0000000000
66978  43.597  -22.739  42.923 0.0000000000
54008  30.001  -34.061  42.812 0.0000000000
50670  33.358  -38.126  47.651 0.0000000000
51796  33.601  -36.885  46.489 0.0000000000
50652  34.808  -37.895  48.575 0.0000000000
50635  36.000  -37.820  49.360 0.0000000000
49429  35.289  -38.821  50.174 0.0000000000
38927  32.617  -45.348  52.730 0.0000000000
41697  32.756  -43.770  51.468 0.0000000000
40277  33.648  -44.616  52.859 0.0000000000
42913  35.453  -43.249  55.037 0.0000000000
46967  36.410  -41.213  54.496 0.0000000000
29923  24.688  -52.897  56.709 0.0000000000
29924  23.714  -53.190  56.705 0.0000000000
29959  23.435  -52.944  54.955 0.0000000000
32610  20.831  -50.874  52.093 0.0000000000
31322  21.511  -51.872  53.482 0.0000000000
31324  19.681  -51.332  53.377 0.0000000000
32571  18.985  -51.181  53.598 0.0000000000
32612  18.986  -50.543  52.292 0.0000000000
37723  19.698  -47.518  46.508 0.0000000000
37710  16.017  -47.852  47.395 0.0000000000
36458  16.463  -48.164  48.036 0.0000000000
36440  16.037  -48.576  48.791 0.0000000000
35181  16.442  -49.079  50.169 0.0000000000
35182  15.724  -49.103  49.723 0.0000000000
33895  15.011  -49.940  51.438 0.0000000000
35183  14.933  -49.429  49.784 0.0000000000
32665  11.806  -50.856  48.343 0.0000000000
51852  27.020  -36.178  43.310 0.0000000000
49565  26.560  -37.529  43.346 0.0000000000
41801  25.499  -43.732  44.953 0.0000000000
43053  26.711  -42.989  45.907 0.0000000000
44410  27.276  -41.879  45.623 0.0000000000
41747  27.181  -44.191  47.578 0.0000000000
40355  27.916  -44.958  48.726 0.0000000000
38983  27.196  -46.035  48.868 0.0000000000
32606  25.135  -51.308  52.243 0.0000000000
32605  26.145  -50.817  52.544 0.0000000000
31318  25.843  -52.041  53.870 0.0000000000
29922  25.572  -52.519  56.727 0.0000000000
28537  21.973  -54.151  58.584 0.0000000000
25831  6.888  -56.093  55.743 0.0000000000
27190  7.057  -55.362  57.107 0.0000000000
84967  60.415  -8.012  38.393 0.0000000000
79972  59.867  -11.329  40.682 0.0000000000
81134  60.264  -10.458  40.145 0.0000000000
78829  60.366  -12.961  41.317 0.0000000000
75377  60.193  -14.944  42.248 0.0000000000
79998  55.046  -12.401  37.969 0.0000000000
79984  56.610  -12.025  39.228 0.0000000000
78848  56.632  -12.793  39.811 0.0000000000
75357  59.497  -15.270  43.166 0.0000000000
70855  52.084  -19.916  38.834 0.0000000000
73137  50.648  -17.794  37.504 0.0000000000
70853  53.286  -19.585  39.630 0.0000000000
71978  54.699  -18.691  40.849 0.0000000000
70810  54.505  -19.724  42.324 0.0000000000
69516  50.945  -21.224  43.890 0.0000000000
69530  51.876  -20.935  42.903 0.0000000000
70772  52.667  -20.502  45.660 0.0000000000
68268  37.474  -22.071  40.241 0.0000000000
68159  41.227  -22.351  45.498 0.0000000000
68189  40.830  -21.892  44.186 0.0000000000
68139  42.621  -22.666  46.743 0.0000000000
68156  43.496  -22.506  46.546 0.0000000000
68119  42.936  -22.871  47.520 0.0000000000
55091  33.690  -33.071  42.748 0.0000000000
55081  35.561  -32.738  44.132 0.0000000000
55029  38.304  -32.598  48.653 0.0000000000
56174  37.503  -32.420  46.883 0.0000000000
56163  38.783  -31.765  48.195 0.0000000000
57367  40.690  -31.012  46.571 0.0000000000
57340  40.050  -31.015  48.302 0.0000000000
50586  41.449  -36.739  54.730 0.0000000000
57271  43.114  -31.440  53.270 0.0000000000
57296  43.933  -30.941  51.482 0.0000000000
58374  44.573  -29.551  52.429 0.0000000000
60681  44.351  -27.573  51.273 0.0000000000
59503  44.601  -28.745  53.074 0.0000000000
85082  53.320  -7.633  30.213 0.0000000000
85079  56.661  -7.862  30.569 0.0000000000
85078  57.962  -7.638  30.442 0.0000000000
85061  57.332  -7.235  31.360 0.0000000000
87513  57.270  -5.905  34.016 0.0000000000
87535  57.111  -5.306  32.578 0.0000000000
87512  58.705  -5.673  34.423 0.0000000000
87511  60.197  -5.499  34.772 0.0000000000
87596  64.042  -5.739  26.221 0.0000000000
87559  62.335  -5.154  30.182 0.0000000000
88680  61.814  -4.778  31.710 0.0000000000
88669  60.951  -5.058  32.591 0.0000000000
32524  27.318  -50.825  56.587 0.0000000000
33820  28.669  -50.113  55.933 0.0000000000
31221  27.633  -51.486  57.682 0.0000000000
31344  11.787  -51.645  52.654 0.0000000000
31290  11.365  -51.911  55.491 0.0000000000
31291  10.363  -52.228  55.225 0.0000000000
29932  9.086  -53.194  57.237 0.0000000000
28553  8.384  -53.786  58.536 0.0000000000
80057  48.361  -12.200  33.795 0.0000000000
78909  48.525  -13.112  34.513 0.0000000000
68183  46.886  -22.139  44.461 0.0000000000
69520  47.742  -21.647  45.122 0.0000000000
69491  47.826  -21.878  46.784 0.0000000000
68075  48.004  -22.486  50.365 0.0000000000
27274  4.978  -54.981  49.668 0.0000000000
25893  4.339  -55.375  48.934 0.0000000000
24524  3.502  -56.472  49.790 0.0000000000
67099  41.599  -22.943  37.266 0.0000000000
68293  40.751  -22.746  39.813 0.0000000000
52911  30.634  -35.548  43.490 0.0000000000
51815  30.733  -37.166  45.288 0.0000000000
50683  32.009  -37.973  46.436 0.0000000000
48286  32.606  -39.272  48.585 0.0000000000
32607  24.126  -51.647  51.968 0.0000000000
31341  23.381  -51.953  52.805 0.0000000000
32627  22.731  -50.922  51.295 0.0000000000
32643  21.709  -50.449  50.356 0.0000000000
33912  20.343  -50.005  49.962 0.0000000000
35216  14.543  -48.727  47.519 0.0000000000
35225  14.231  -48.411  46.465 0.0000000000
40422  25.245  -44.962  45.128 0.0000000000
39016  25.324  -45.330  46.631 0.0000000000
37686  26.043  -47.378  49.428 0.0000000000
37696  25.109  -47.535  48.358 0.0000000000
33908  24.805  -50.002  50.039 0.0000000000
29883  19.917  -53.228  58.186 0.0000000000
84995  58.099  -7.657  36.366 0.0000000000
84969  59.067  -8.095  38.269 0.0000000000
83750  57.958  -8.579  37.660 0.0000000000
82411  58.800  -9.526  39.257 0.0000000000
79973  58.920  -11.447  40.724 0.0000000000
76554  56.800  -15.020  40.996 0.0000000000
76553  57.423  -14.471  41.173 0.0000000000
74226  57.751  -15.774  42.835 0.0000000000
74197  58.863  -16.488  44.447 0.0000000000
74306  47.852  -16.834  35.847 0.0000000000
73174  47.524  -17.780  36.026 0.0000000000
70869  50.769  -19.637  38.273 0.0000000000
69578  51.784  -20.703  40.132 0.0000000000
70754  52.812  -20.384  46.657 0.0000000000
68226  37.552  -22.707  42.023 0.0000000000
68225  38.450  -22.106  42.151 0.0000000000
68192  39.466  -22.459  43.002 0.0000000000
65803  41.158  -23.325  45.674 0.0000000000
64479  42.709  -24.620  47.381 0.0000000000
51775  37.336  -35.898  47.540 0.0000000000
53966  36.536  -33.780  46.229 0.0000000000
50663  39.402  -35.989  48.865 0.0000000000
52836  39.570  -34.808  48.695 0.0000000000
52813  39.668  -34.271  50.615 0.0000000000
85068  50.674  -7.230  30.956 0.0000000000
85084  51.467  -7.049  30.505 0.0000000000
86314  52.064  -7.687  31.429 0.0000000000
86313  52.822  -7.741  31.632 0.0000000000
86311  54.641  -7.020  31.909 0.0000000000
86310  55.634  -6.723  31.970 0.0000000000
87538  54.632  -6.311  32.931 0.0000000000
86283  56.271  -6.324  33.742 0.0000000000
86378  62.131  -6.605  25.365 0.0000000000
86363  63.282  -6.195  25.821 0.0000000000
87589  63.973  -5.618  27.363 0.0000000000
87580  64.177  -5.488  28.440 0.0000000000
87581  63.282  -5.434  28.402 0.0000000000
87572  62.026  -5.681  29.523 0.0000000000
86323  61.070  -6.221  30.277 0.0000000000
41727  29.545  -43.331  48.728 0.0000000000
42999  30.641  -42.188  49.233 0.0000000000
38963  30.376  -45.426  50.699 0.0000000000
38929  31.366  -46.270  52.280 0.0000000000
37621  31.723  -47.165  54.854 0.0000000000
32558  15.276  -50.944  55.240 0.0000000000
31225  15.519  -52.246  57.859 0.0000000000
31247  14.314  -51.698  57.036 0.0000000000
31206  13.784  -52.148  58.498 0.0000000000
31230  11.385  -52.482  58.431 0.0000000000
29866  11.421  -53.088  59.706 0.0000000000
83791  52.407  -9.243  33.114 0.0000000000
82470  55.076  -10.161  35.328 0.0000000000
81212  54.030  -10.734  34.043 0.0000000000
80041  54.166  -11.116  34.915 0.0000000000
80012  54.009  -12.850  37.329 0.0000000000
80044  51.390  -11.275  34.074 0.0000000000
78890  52.713  -13.742  36.519 0.0000000000
77762  54.592  -13.914  38.344 0.0000000000
75398  55.350  -15.326  40.002 0.0000000000
74236  56.313  -16.491  41.421 0.0000000000
73097  56.371  -17.063  42.291 0.0000000000
68290  47.887  -21.525  39.335 0.0000000000
68289  48.961  -21.408  39.650 0.0000000000
69582  48.486  -21.592  41.121 0.0000000000
69546  49.606  -21.279  42.557 0.0000000000
70774  50.851  -20.859  45.423 0.0000000000
68151  48.922  -21.438  46.056 0.0000000000
69467  50.356  -20.891  47.340 0.0000000000
70729  51.144  -20.726  47.300 0.0000000000
60753  42.755  -28.362  44.328 0.0000000000
48222  41.447  -39.215  54.286 0.0000000000
85069  49.557  -7.233  31.286 0.0000000000
85050  50.359  -8.063  31.640 0.0000000000
83801  51.860  -8.762  32.799 0.0000000000
87597  58.309  -5.413  26.331 0.0000000000
86369  57.752  -6.166  26.826 0.0000000000
28662  8.945  -53.376  49.372 0.0000000000
28621  8.721  -54.285  52.425 0.0000000000
27255  8.197  -54.689  51.405 0.0000000000
25849  7.027  -56.326  53.543 0.0000000000
24468  6.481  -56.850  55.288 0.0000000000
24507  5.353  -56.403  51.495 0.0000000000
70911  45.538  -19.838  35.744 0.0000000000
70912  44.403  -19.944  35.452 0.0000000000
69624  45.457  -20.888  36.698 0.0000000000
68328  45.849  -21.843  37.769 0.0000000000
67076  45.823  -22.416  39.009 0.0000000000
68261  46.047  -22.194  40.758 0.0000000000
67079  43.030  -23.211  38.415 0.0000000000
67021  44.744  -22.679  40.581 0.0000000000
68235  45.804  -22.262  41.688 0.0000000000
68184  45.810  -22.581  44.427 0.0000000000
66948  45.843  -23.079  46.039 0.0000000000
68135  45.390  -23.028  47.631 0.0000000000
52908  33.533  -34.570  43.594 0.0000000000
52885  32.487  -35.918  44.246 0.0000000000
52869  33.893  -35.704  45.137 0.0000000000
51811  34.958  -35.732  46.004 0.0000000000
50666  36.900  -36.649  48.119 0.0000000000
49426  37.793  -38.559  50.604 0.0000000000
46990  38.363  -40.092  52.840 0.0000000000
44339  31.582  -41.770  49.785 0.0000000000
45726  32.873  -41.016  50.039 0.0000000000
47024  33.767  -40.186  50.653 0.0000000000
41678  34.704  -43.497  53.116 0.0000000000
44319  34.593  -41.555  52.072 0.0000000000
47010  35.159  -40.355  51.764 0.0000000000
48248  36.183  -39.956  52.138 0.0000000000
48223  37.426  -40.374  53.157 0.0000000000
46964  38.838  -40.820  54.543 0.0000000000
28548  24.950  -53.724  58.247 0.0000000000
28549  23.771  -53.964  58.308 0.0000000000
28550  22.869  -53.824  58.337 0.0000000000
28560  22.038  -53.484  58.026 0.0000000000
31304  21.849  -52.589  54.597 0.0000000000
29946  21.419  -52.826  55.862 0.0000000000
29927  20.793  -52.967  56.419 0.0000000000
31264  19.337  -52.383  55.952 0.0000000000
31265  18.362  -52.195  56.262 0.0000000000
32556  17.038  -51.504  54.981 0.0000000000
36471  20.293  -48.257  46.926 0.0000000000
36455  19.814  -48.809  47.746 0.0000000000
35215  18.961  -49.110  48.932 0.0000000000
36474  17.298  -47.562  47.289 0.0000000000
36437  18.129  -49.099  48.942 0.0000000000
35179  18.173  -49.317  50.507 0.0000000000
35161  17.372  -49.502  51.162 0.0000000000
33873  16.310  -50.207  51.912 0.0000000000
33838  15.743  -50.599  53.573 0.0000000000
33839  15.022  -50.518  53.661 0.0000000000
33876  14.178  -50.253  52.331 0.0000000000
33897  13.564  -50.469  51.711 0.0000000000
33940  13.924  -49.755  48.675 0.0000000000
33931  13.572  -50.311  49.778 0.0000000000
32632  12.177  -51.023  51.903 0.0000000000
32646  11.629  -51.534  50.024 0.0000000000
31369  11.057  -51.977  50.066 0.0000000000
31370  10.383  -52.387  49.799 0.0000000000
30033  9.311  -52.864  48.849 0.0000000000
31395  8.751  -52.485  47.738 0.0000000000
52913  28.649  -35.739  43.645 0.0000000000
50722  28.768  -37.419  44.663 0.0000000000
47101  28.825  -39.680  45.564 0.0000000000
47140  27.337  -39.476  44.272 0.0000000000
45796  28.247  -40.589  45.806 0.0000000000
44388  28.910  -41.956  47.267 0.0000000000
40354  28.636  -44.577  48.840 0.0000000000
37683  28.434  -46.596  50.365 0.0000000000
35130  28.318  -48.902  52.788 0.0000000000
35158  26.713  -49.065  51.165 0.0000000000
33867  27.345  -49.266  52.274 0.0000000000
33835  27.630  -50.285  54.061 0.0000000000
31261  26.573  -51.390  56.852 0.0000000000
29878  25.586  -52.796  58.201 0.0000000000
28581  8.158  -54.106  55.107 0.0000000000
28564  7.959  -54.124  57.136 0.0000000000
83728  60.190  -8.955  39.446 0.0000000000
81187  55.567  -10.338  36.936 0.0000000000
79974  57.683  -11.659  40.010 0.0000000000
78839  58.992  -12.129  41.332 0.0000000000
76542  58.789  -14.406  42.646 0.0000000000
77709  59.588  -14.290  42.800 0.0000000000
77715  60.113  -14.220  42.598 0.0000000000
77823  47.393  -13.422  34.513 0.0000000000
76622  49.566  -14.999  35.418 0.0000000000
75440  48.332  -16.182  35.498 0.0000000000
74285  50.797  -16.587  36.834 0.0000000000
74284  51.397  -16.290  36.873 0.0000000000
73123  53.730  -17.746  39.450 0.0000000000
71959  55.417  -18.027  41.566 0.0000000000
73059  56.110  -17.732  43.724 0.0000000000
69559  50.622  -21.075  41.363 0.0000000000
69543  52.195  -20.920  41.966 0.0000000000
69542  53.119  -20.632  41.777 0.0000000000
70771  53.624  -20.151  45.774 0.0000000000
70785  53.609  -20.372  44.708 0.0000000000
70799  54.481  -19.845  43.595 0.0000000000
70798  55.235  -19.239  44.386 0.0000000000
71912  55.903  -18.258  44.678 0.0000000000
68295  39.032  -22.610  39.482 0.0000000000
68265  40.856  -22.412  40.429 0.0000000000
68224  39.357  -21.914  42.253 0.0000000000
68223  40.333  -21.911  42.297 0.0000000000
66991  42.136  -22.220  42.176 0.0000000000
68186  43.717  -22.513  44.722 0.0000000000
68155  44.160  -22.797  46.847 0.0000000000
68095  45.029  -23.205  49.281 0.0000000000
56196  36.596  -32.274  45.389 0.0000000000
58486  40.252  -30.425  44.184 0.0000000000
58473  42.134  -30.200  45.368 0.0000000000
59593  43.456  -29.175  46.946 0.0000000000
49399  41.435  -37.584  53.967 0.0000000000
51728  40.371  -34.793  52.409 0.0000000000
53913  39.196  -33.031  51.019 0.0000000000
55003  40.291  -32.305  52.608 0.0000000000
56143  40.447  -31.826  50.402 0.0000000000
56152  42.594  -31.382  49.890 0.0000000000
57336  43.698  -30.570  49.124 0.0000000000
59576  43.763  -28.669  48.186 0.0000000000
60707  43.572  -27.628  48.866 0.0000000000
61875  43.117  -26.192  49.812 0.0000000000
63107  42.995  -25.569  50.365 0.0000000000
60656  44.350  -27.682  53.367 0.0000000000
63081  43.909  -25.670  52.387 0.0000000000
64397  43.500  -24.787  51.384 0.0000000000
65709  43.729  -23.825  51.020 0.0000000000
85113  57.479  -6.960  27.600 0.0000000000
85101  58.456  -7.553  28.501 0.0000000000
85090  58.686  -7.561  29.516 0.0000000000
85076  59.849  -7.083  30.306 0.0000000000
87546  60.310  -5.820  31.357 0.0000000000
86309  56.687  -6.310  32.176 0.0000000000
87548  58.319  -5.735  31.934 0.0000000000
88670  59.642  -5.214  32.587 0.0000000000
88651  60.653  -5.270  34.181 0.0000000000
27149  25.570  -54.090  58.085 0.0000000000
27148  26.137  -53.924  58.103 0.0000000000
30003  10.061  -52.850  50.657 0.0000000000
29987  9.984  -52.795  51.920 0.0000000000
28620  9.345  -53.644  52.486 0.0000000000
68094  45.961  -22.900  49.369 0.0000000000
68093  46.836  -22.690  49.443 0.0000000000
47085  29.541  -39.843  46.729 0.0000000000
48318  30.051  -39.148  46.648 0.0000000000
45760  29.953  -40.880  48.109 0.0000000000
36452  23.146  -48.726  47.315 0.0000000000
35211  22.700  -48.908  47.967 0.0000000000
36485  22.195  -47.871  46.398 0.0000000000
36468  23.572  -48.210  47.043 0.0000000000
31266  17.248  -51.954  56.142 0.0000000000
29910  17.629  -52.400  57.668 0.0000000000
31244  16.921  -52.139  57.254 0.0000000000
83788  54.961  -8.666  33.984 0.0000000000
82476  55.306  -9.100  34.495 0.0000000000
74199  57.073  -16.812  44.381 0.0000000000
74198  57.820  -16.697  44.625 0.0000000000
73038  57.663  -17.044  45.230 0.0000000000
70872  48.026  -20.512  37.533 0.0000000000
69609  48.271  -21.055  37.934 0.0000000000
60746  42.464  -27.242  44.436 0.0000000000
61937  41.185  -25.993  43.711 0.0000000000
61931  42.466  -26.645  45.138 0.0000000000
63165  42.035  -25.402  45.490 0.0000000000
61918  42.929  -26.927  46.094 0.0000000000
47006  39.893  -39.598  52.567 0.0000000000
48243  40.663  -38.796  52.280 0.0000000000
46988  40.374  -39.689  53.190 0.0000000000
83800  52.844  -8.477  33.144 0.0000000000
83799  53.731  -8.374  33.394 0.0000000000
85026  54.796  -8.055  33.665 0.0000000000
85121  60.297  -7.223  26.637 0.0000000000
85110  60.718  -7.170  27.941 0.0000000000
35129  28.880  -48.752  53.022 0.0000000000
35128  29.461  -48.708  53.506 0.0000000000
35118  28.823  -49.405  54.555 0.0000000000
32613  13.144  -50.808  52.895 0.0000000000
32578  13.053  -50.948  54.566 0.0000000000
32579  12.283  -51.126  54.754 0.0000000000
82491  49.447  -9.981  32.935 0.0000000000
82482  49.734  -10.415  33.322 0.0000000000
77796  50.288  -14.652  35.533 0.0000000000
77795  51.263  -14.476  35.955 0.0000000000
76620  51.457  -14.650  36.108 0.0000000000
76593  53.009  -15.387  37.369 0.0000000000
75421  52.633  -15.667  37.287 0.0000000000
68217  47.247  -21.822  42.259 0.0000000000
69548  47.902  -21.403  42.961 0.0000000000
69535  47.871  -21.711  44.033 0.0000000000
69635  42.503  -20.870  35.616 0.0000000000
68344  42.736  -21.842  36.373 0.0000000000
68330  43.521  -22.064  36.845 0.0000000000
67024  41.535  -22.946  40.130 0.0000000000
67023  42.567  -22.876  40.556 0.0000000000
67003  42.527  -22.586  41.489 0.0000000000
66990  43.008  -22.729  42.147 0.0000000000
49463  33.902  -38.442  48.615 0.0000000000
50669  34.060  -37.887  47.940 0.0000000000
49462  34.532  -38.344  48.967 0.0000000000
49461  35.110  -38.163  49.132 0.0000000000
48274  34.805  -39.035  50.257 0.0000000000
38899  32.554  -46.085  53.936 0.0000000000
40278  33.069  -45.190  53.149 0.0000000000
40262  32.977  -45.594  54.000 0.0000000000
29957  24.832  -52.659  54.598 0.0000000000
29943  24.063  -53.210  55.708 0.0000000000
29958  24.206  -52.997  54.675 0.0000000000
32629  20.437  -50.565  51.342 0.0000000000
32588  20.168  -51.178  52.747 0.0000000000
32611  19.775  -50.658  52.051 0.0000000000
32589  19.312  -51.008  52.803 0.0000000000
33870  19.159  -50.047  51.809 0.0000000000
36459  15.925  -48.242  47.838 0.0000000000
35200  15.662  -48.825  48.890 0.0000000000
35201  15.064  -48.975  48.684 0.0000000000
40405  25.854  -44.655  46.585 0.0000000000
43074  26.246  -42.780  45.179 0.0000000000
41783  26.366  -43.794  46.011 0.0000000000
41782  26.875  -43.312  46.324 0.0000000000
40392  26.433  -44.578  47.310 0.0000000000
40375  26.993  -44.788  48.057 0.0000000000
38996  26.814  -45.626  48.446 0.0000000000
31319  24.924  -52.208  53.588 0.0000000000
31339  25.505  -51.672  53.043 0.0000000000
31301  25.287  -52.404  54.260 0.0000000000
29942  25.079  -52.747  55.622 0.0000000000
28551  21.759  -53.681  58.310 0.0000000000
24457  6.271  -56.512  56.212 0.0000000000
25819  6.611  -55.835  56.647 0.0000000000
86234  59.827  -7.093  37.226 0.0000000000
84978  60.081  -7.454  37.885 0.0000000000
79963  60.090  -12.078  41.134 0.0000000000
77726  59.938  -13.807  41.801 0.0000000000
78860  55.623  -12.629  38.752 0.0000000000
79985  55.980  -12.346  38.858 0.0000000000
78849  56.019  -12.870  39.259 0.0000000000
69576  53.294  -20.121  39.943 0.0000000000
69592  53.199  -19.996  39.646 0.0000000000
70840  53.937  -19.568  40.472 0.0000000000
70824  53.895  -20.025  41.531 0.0000000000
70773  51.766  -20.695  45.556 0.0000000000
70787  51.585  -20.953  44.562 0.0000000000
66940  42.047  -22.941  46.532 0.0000000000
68158  41.834  -22.203  46.098 0.0000000000
66925  42.927  -23.374  48.250 0.0000000000
53992  34.518  -33.828  43.780 0.0000000000
55082  34.903  -33.021  43.756 0.0000000000
55068  35.476  -33.327  44.366 0.0000000000
56164  38.134  -32.113  48.151 0.0000000000
56155  39.038  -31.664  49.002 0.0000000000
57341  39.383  -31.317  48.260 0.0000000000
57330  39.512  -31.123  48.882 0.0000000000
57258  43.086  -31.224  53.993 0.0000000000
57281  44.210  -30.350  52.878 0.0000000000
57269  44.237  -30.258  53.666 0.0000000000
58361  44.530  -29.749  53.215 0.0000000000
58348  44.542  -29.725  53.977 0.0000000000
83828  54.661  -8.018  30.710 0.0000000000
85081  54.500  -7.889  30.336 0.0000000000
85080  55.456  -7.954  30.292 0.0000000000
85062  56.339  -7.176  31.494 0.0000000000
86265  58.849  -6.657  35.773 0.0000000000
86275  58.483  -6.361  35.208 0.0000000000
87487  59.255  -6.495  35.937 0.0000000000
87486  59.655  -6.293  36.077 0.0000000000
87595  64.692  -5.731  26.606 0.0000000000
87587  65.189  -6.099  27.683 0.0000000000
88693  61.593  -4.913  30.901 0.0000000000
88692  62.723  -4.643  30.767 0.0000000000
88681  60.752  -5.242  31.729 0.0000000000
32516  27.020  -51.460  57.371 0.0000000000
32515  27.710  -51.041  57.397 0.0000000000
31345  11.084  -52.081  52.221 0.0000000000
31326  11.095  -52.135  53.349 0.0000000000
31327  10.512  -52.453  53.337 0.0000000000
28579  9.238  -53.253  55.321 0.0000000000
29947  9.599  -52.940  55.565 0.0000000000
29948  9.104  -53.045  56.339 0.0000000000
28563  8.447  -53.667  57.651 0.0000000000
80058  47.181  -12.094  33.577 0.0000000000
80047  48.550  -12.686  34.187 0.0000000000
78917  48.148  -12.763  34.297 0.0000000000
68168  47.101  -22.209  45.633 0.0000000000
69505  47.797  -21.766  46.052 0.0000000000
27297  4.491  -54.575  47.288 0.0000000000
24535  3.350  -56.527  48.949 0.0000000000
24525  2.837  -57.069  49.613 0.0000000000
52888  29.559  -36.264  44.000 0.0000000000
51834  30.143  -36.694  44.661 0.0000000000
49477  31.255  -38.851  47.295 0.0000000000
50684  31.129  -38.223  46.243 0.0000000000
49476  31.887  -38.734  47.476 0.0000000000
48300  32.028  -38.964  48.020 0.0000000000
32640  24.457  -50.728  50.746 0.0000000000
32626  23.796  -51.058  51.314 0.0000000000
32641  23.639  -50.764  50.508 0.0000000000
33928  21.816  -50.183  49.034 0.0000000000
33910  22.289  -50.279  49.746 0.0000000000
33911  21.337  -50.202  49.861 0.0000000000
33890  20.902  -50.342  50.591 0.0000000000
33929  20.915  -50.090  49.243 0.0000000000
39018  24.442  -46.268  45.380 0.0000000000
40423  24.674  -45.345  44.598 0.0000000000
39017  25.005  -45.871  45.924 0.0000000000
40406  25.347  -45.011  46.076 0.0000000000
39007  25.122  -46.080  46.928 0.0000000000
37705  25.714  -46.647  47.908 0.0000000000
37706  24.905  -47.247  47.501 0.0000000000
35192  24.556  -49.075  48.834 0.0000000000
33925  24.601  -49.437  49.370 0.0000000000
29908  19.438  -52.871  57.459 0.0000000000
85011  57.261  -7.571  35.289 0.0000000000
84980  58.205  -8.142  37.028 0.0000000000
83777  57.267  -8.152  36.099 0.0000000000
82439  56.569  -9.645  37.212 0.0000000000
82438  57.327  -9.166  37.609 0.0000000000
82412  58.165  -9.903  39.011 0.0000000000
81136  58.553  -10.543  39.815 0.0000000000
81149  57.854  -10.450  39.011 0.0000000000
75380  57.042  -15.501  41.622 0.0000000000
75372  57.573  -15.576  42.355 0.0000000000
74308  45.914  -17.134  35.482 0.0000000000
72043  47.496  -18.576  36.306 0.0000000000
69607  50.398  -20.468  38.575 0.0000000000
70870  49.834  -19.884  37.921 0.0000000000
69606  51.340  -20.204  38.727 0.0000000000
68227  36.802  -22.883  41.699 0.0000000000
66983  37.965  -22.928  42.248 0.0000000000
66970  39.265  -22.791  42.795 0.0000000000
63157  42.473  -25.282  46.485 0.0000000000
65819  40.877  -23.357  44.690 0.0000000000
64493  41.864  -24.406  46.205 0.0000000000
65802  41.601  -23.445  46.252 0.0000000000
50665  37.917  -36.344  48.261 0.0000000000
51774  38.353  -35.449  47.733 0.0000000000
50664  38.813  -36.101  48.568 0.0000000000
50625  40.775  -36.858  51.083 0.0000000000
51757  40.361  -36.451  49.875 0.0000000000
51747  40.333  -35.308  50.356 0.0000000000
52822  39.720  -34.684  49.553 0.0000000000
51737  40.877  -35.926  51.186 0.0000000000
85067  51.679  -7.548  30.872 0.0000000000
86297  53.152  -7.586  32.267 0.0000000000
86312  53.731  -7.462  31.832 0.0000000000
85025  55.410  -7.644  33.804 0.0000000000
86285  54.698  -6.701  33.211 0.0000000000
86278  56.100  -6.941  33.917 0.0000000000
85023  57.008  -7.058  34.701 0.0000000000
86364  62.420  -6.770  26.518 0.0000000000
86354  63.303  -6.037  26.800 0.0000000000
87590  63.201  -5.847  27.592 0.0000000000
86344  62.561  -6.092  28.114 0.0000000000
86346  61.076  -6.908  28.964 0.0000000000
86345  61.825  -6.353  28.767 0.0000000000
86335  61.265  -6.365  29.770 0.0000000000
86336  60.699  -6.884  29.690 0.0000000000
41713  29.625  -43.882  49.238 0.0000000000
40333  29.922  -44.754  50.016 0.0000000000
36388  30.909  -47.780  53.394 0.0000000000
37652  30.840  -47.077  52.331 0.0000000000
37638  31.323  -47.204  53.149 0.0000000000
37637  31.780  -47.042  53.745 0.0000000000
37622  31.253  -47.662  54.878 0.0000000000
32576  14.761  -50.683  54.488 0.0000000000
32542  15.073  -51.083  56.004 0.0000000000
32559  14.499  -50.868  55.290 0.0000000000
31228  13.231  -51.976  57.947 0.0000000000
31207  13.137  -52.369  58.774 0.0000000000
29864  12.986  -52.864  59.580 0.0000000000
29865  12.123  -52.889  59.830 0.0000000000
31272  10.900  -52.325  56.459 0.0000000000
31251  10.946  -52.421  57.513 0.0000000000
31231  10.807  -52.676  58.060 0.0000000000
82478  53.683  -9.970  33.615 0.0000000000
82479  52.593  -9.967  33.455 0.0000000000
81204  52.389  -10.976  34.283 0.0000000000
81203  53.281  -11.035  34.404 0.0000000000
80042  53.575  -11.227  34.624 0.0000000000
80028  53.904  -12.197  36.292 0.0000000000
78904  53.272  -12.490  35.961 0.0000000000
80056  49.456  -11.745  33.812 0.0000000000
80055  50.464  -11.368  33.758 0.0000000000
77793  52.683  -13.957  36.617 0.0000000000
78875  53.121  -13.580  36.891 0.0000000000
78874  53.811  -13.254  37.452 0.0000000000
77763  54.038  -14.030  37.743 0.0000000000
76575  55.498  -14.615  39.575 0.0000000000
76576  54.795  -14.706  38.839 0.0000000000
75390  55.265  -15.973  40.121 0.0000000000
74248  55.589  -16.645  40.667 0.0000000000
74237  55.818  -17.026  41.154 0.0000000000
68258  48.577  -21.596  40.313 0.0000000000
69533  49.420  -21.132  43.474 0.0000000000
69517  50.131  -21.151  44.143 0.0000000000
69502  50.019  -20.934  45.075 0.0000000000
69490  48.368  -21.502  46.513 0.0000000000
69504  48.392  -21.411  45.722 0.0000000000
68152  48.694  -21.426  46.212 0.0000000000
69445  49.736  -20.933  48.295 0.0000000000
69443  51.476  -20.656  48.369 0.0000000000
59639  41.546  -28.435  42.790 0.0000000000
60765  41.927  -27.753  43.164 0.0000000000
59614  42.437  -28.918  44.045 0.0000000000
82489  51.225  -9.279  32.696 0.0000000000
83802  50.881  -8.792  32.475 0.0000000000
86368  58.336  -6.161  26.441 0.0000000000
30034  8.587  -53.100  48.626 0.0000000000
28649  8.702  -53.741  50.244 0.0000000000
28650  7.805  -54.352  50.334 0.0000000000
27257  6.727  -55.385  50.897 0.0000000000
25857  7.267  -55.673  51.949 0.0000000000
25858  6.793  -56.195  52.445 0.0000000000
24480  6.516  -56.969  54.139 0.0000000000
25885  4.404  -55.534  49.807 0.0000000000
27267  5.287  -55.165  50.230 0.0000000000
25868  4.710  -55.972  51.109 0.0000000000
72046  44.956  -18.900  35.423 0.0000000000
69634  43.677  -21.024  35.917 0.0000000000
70913  43.283  -19.934  35.463 0.0000000000
69633  44.840  -20.648  35.957 0.0000000000
67095  45.488  -22.381  38.387 0.0000000000
67050  45.932  -22.260  39.865 0.0000000000
67051  45.211  -22.585  39.696 0.0000000000
67098  42.736  -22.905  37.389 0.0000000000
67001  44.129  -22.730  41.224 0.0000000000
68262  45.392  -22.445  41.017 0.0000000000
68219  45.499  -22.322  42.617 0.0000000000
68201  46.140  -22.174  43.471 0.0000000000
68185  44.773  -22.788  44.577 0.0000000000
68170  45.371  -22.923  45.221 0.0000000000
66959  45.223  -23.217  45.823 0.0000000000
66937  45.811  -23.173  46.821 0.0000000000
66949  45.250  -23.238  46.415 0.0000000000
54006  32.050  -33.898  42.422 0.0000000000
54005  33.118  -33.900  43.038 0.0000000000
52933  32.771  -34.464  43.129 0.0000000000
52886  31.445  -36.177  44.078 0.0000000000
51832  32.099  -36.461  44.947 0.0000000000
50681  34.233  -37.097  47.301 0.0000000000
51812  33.890  -36.164  45.686 0.0000000000
51795  34.598  -36.501  46.627 0.0000000000
52868  34.347  -35.392  45.218 0.0000000000
50679  35.748  -36.565  47.518 0.0000000000
51777  35.947  -36.415  47.562 0.0000000000
50667  35.827  -36.704  48.085 0.0000000000
49427  36.882  -38.692  50.449 0.0000000000
49441  37.358  -37.924  50.024 0.0000000000
48260  37.325  -39.262  51.216 0.0000000000
48259  38.227  -39.099  51.278 0.0000000000
48246  37.762  -39.621  51.946 0.0000000000
42983  30.874  -42.620  49.734 0.0000000000
41711  31.409  -43.444  50.341 0.0000000000
42981  32.366  -42.103  50.332 0.0000000000
44321  33.449  -41.836  50.825 0.0000000000
45711  33.315  -40.980  50.585 0.0000000000
44289  35.866  -42.082  53.845 0.0000000000
42931  35.250  -42.767  53.452 0.0000000000
45696  34.950  -41.050  52.299 0.0000000000
45709  34.512  -40.969  51.666 0.0000000000
46993  35.422  -40.670  52.416 0.0000000000
48249  35.646  -40.014  51.724 0.0000000000
46992  35.964  -40.740  52.852 0.0000000000
48224  36.957  -40.782  53.635 0.0000000000
46965  37.853  -40.859  54.345 0.0000000000
29879  24.317  -53.551  58.044 0.0000000000
29904  23.305  -53.501  57.677 0.0000000000
28559  22.447  -53.591  58.044 0.0000000000
29905  22.178  -53.437  57.504 0.0000000000
31342  22.317  -51.768  52.758 0.0000000000
31321  22.635  -52.310  53.571 0.0000000000
31305  20.701  -52.025  54.401 0.0000000000
31284  21.552  -52.748  55.343 0.0000000000
31285  20.887  -52.587  55.355 0.0000000000
29928  19.833  -52.800  56.634 0.0000000000
31263  20.146  -52.581  55.893 0.0000000000
31307  18.744  -51.319  54.324 0.0000000000
31287  18.875  -51.692  55.192 0.0000000000
32555  18.045  -51.319  54.631 0.0000000000
31288  17.931  -51.735  55.431 0.0000000000
32573  17.272  -50.988  53.890 0.0000000000
36472  19.156  -48.110  47.208 0.0000000000
35214  19.548  -49.156  48.623 0.0000000000
36456  18.513  -48.763  48.340 0.0000000000
37726  16.912  -47.318  46.557 0.0000000000
36439  16.697  -48.644  48.851 0.0000000000
36457  17.288  -48.135  48.101 0.0000000000
36438  17.493  -49.018  49.197 0.0000000000
35199  17.842  -49.055  49.892 0.0000000000
35160  18.018  -49.503  51.167 0.0000000000
35180  17.231  -49.100  50.175 0.0000000000
35146  16.073  -49.596  51.483 0.0000000000
35145  16.713  -49.748  51.417 0.0000000000
33854  16.010  -50.361  52.769 0.0000000000
33874  15.617  -50.022  52.029 0.0000000000
33855  15.271  -50.179  52.858 0.0000000000
35165  14.746  -49.885  50.365 0.0000000000
33896  14.488  -50.150  51.228 0.0000000000
33916  13.554  -50.399  50.683 0.0000000000
35217  14.222  -49.269  48.154 0.0000000000
33941  13.232  -50.186  48.754 0.0000000000
32653  12.816  -50.652  49.940 0.0000000000
32645  12.182  -51.352  50.699 0.0000000000
32654  12.047  -51.111  49.507 0.0000000000
32655  11.281  -51.308  49.217 0.0000000000
31379  10.610  -51.740  48.999 0.0000000000
31380  9.928  -52.271  48.837 0.0000000000
31394  9.256  -52.215  47.892 0.0000000000
30051  8.890  -52.734  48.195 0.0000000000
50739  27.846  -37.077  44.288 0.0000000000
49549  27.925  -37.832  44.662 0.0000000000
49534  28.644  -38.157  44.863 0.0000000000
48351  28.087  -38.636  44.771 0.0000000000
47160  26.523  -39.296  43.428 0.0000000000
48367  26.883  -38.449  43.778 0.0000000000
45817  27.305  -40.501  44.666 0.0000000000
43051  27.978  -42.247  46.526 0.0000000000
44428  27.518  -41.084  45.364 0.0000000000
45777  28.312  -41.164  46.355 0.0000000000
43031  28.631  -42.532  47.403 0.0000000000
43016  28.774  -42.800  47.784 0.0000000000
41745  28.445  -43.454  47.859 0.0000000000
38966  27.512  -46.335  49.519 0.0000000000
38965  28.263  -46.032  49.691 0.0000000000
37671  28.150  -47.157  50.675 0.0000000000
36400  28.455  -48.306  51.866 0.0000000000
36411  28.084  -47.896  51.260 0.0000000000
36422  25.980  -47.846  49.996 0.0000000000
35174  26.254  -48.581  50.476 0.0000000000
32585  26.765  -50.661  53.312 0.0000000000
33868  26.664  -49.762  52.168 0.0000000000
33851  26.989  -50.062  53.222 0.0000000000
33850  27.689  -49.458  53.004 0.0000000000
32569  27.030  -50.870  54.287 0.0000000000
32537  27.154  -50.875  55.842 0.0000000000
32553  26.817  -51.104  55.271 0.0000000000
29902  25.402  -52.621  57.539 0.0000000000
27133  23.646  -54.517  58.309 0.0000000000
29862  15.342  -52.900  59.375 0.0000000000
29887  15.902  -52.640  58.572 0.0000000000
27236  8.319  -54.625  52.925 0.0000000000
28592  8.286  -54.302  54.507 0.0000000000
27223  7.900  -54.804  54.555 0.0000000000
27173  6.767  -55.367  57.838 0.0000000000
27172  7.359  -54.723  57.679 0.0000000000
27159  7.038  -55.015  58.191 0.0000000000
27158  7.419  -54.591  58.453 0.0000000000
27147  7.172  -55.095  58.551 0.0000000000
83729  59.586  -8.882  39.381 0.0000000000
83738  59.935  -8.432  39.013 0.0000000000
79971  60.355  -11.671  40.388 0.0000000000
82454  55.141  -10.415  35.961 0.0000000000
79975  56.992  -12.244  39.898 0.0000000000
79996  56.642  -11.251  38.561 0.0000000000
78832  58.825  -12.785  41.469 0.0000000000
75371  58.259  -15.200  42.743 0.0000000000
76543  58.171  -14.362  42.111 0.0000000000
75370  59.006  -14.993  42.876 0.0000000000
76531  59.743  -14.688  42.891 0.0000000000
75356  59.894  -15.119  43.082 0.0000000000
77708  59.779  -14.450  42.813 0.0000000000
75355  60.036  -15.003  42.986 0.0000000000
75368  60.125  -15.032  42.792 0.0000000000
77813  47.002  -14.059  34.684 0.0000000000
77824  46.697  -13.387  34.335 0.0000000000
77812  47.953  -13.843  34.775 0.0000000000
76635  48.576  -14.798  35.048 0.0000000000
73173  48.158  -17.294  36.119 0.0000000000
75441  47.572  -16.271  35.432 0.0000000000
74287  49.210  -17.299  36.461 0.0000000000
73136  51.682  -17.743  38.031 0.0000000000
74269  50.788  -17.073  37.228 0.0000000000
74268  51.543  -16.814  37.334 0.0000000000
74258  52.776  -17.261  38.638 0.0000000000
74267  52.513  -16.815  38.121 0.0000000000
71940  54.937  -18.932  42.194 0.0000000000
71960  55.097  -18.450  41.371 0.0000000000
71939  55.456  -18.260  42.098 0.0000000000
73079  55.948  -17.746  42.685 0.0000000000
69580  49.833  -21.222  40.548 0.0000000000
68288  49.455  -21.285  39.946 0.0000000000
69529  52.782  -20.774  42.813 0.0000000000
70770  54.649  -19.557  46.181 0.0000000000
68266  39.777  -22.067  40.377 0.0000000000
68208  39.501  -22.266  42.951 0.0000000000
68241  38.427  -21.860  41.300 0.0000000000
68206  41.226  -21.970  43.261 0.0000000000
68222  41.344  -21.992  42.186 0.0000000000
66980  41.827  -22.410  42.903 0.0000000000
66979  42.637  -22.603  42.971 0.0000000000
68187  42.755  -21.997  44.659 0.0000000000
68137  43.763  -22.699  47.405 0.0000000000
68117  44.079  -22.922  48.190 0.0000000000
68116  44.814  -23.001  48.333 0.0000000000
66906  44.425  -23.216  49.548 0.0000000000
53953  37.200  -33.574  46.902 0.0000000000
55053  36.018  -33.142  45.891 0.0000000000
55043  37.284  -32.795  46.991 0.0000000000
56184  38.264  -31.840  46.656 0.0000000000
56185  37.779  -32.014  46.223 0.0000000000
57383  37.982  -31.373  45.168 0.0000000000
57382  38.776  -31.138  45.194 0.0000000000
57381  39.763  -30.937  45.288 0.0000000000
57379  41.409  -30.649  45.872 0.0000000000
57365  42.404  -30.568  46.735 0.0000000000
58472  42.763  -29.796  45.966 0.0000000000
57349  42.782  -30.739  47.637 0.0000000000
48221  41.628  -38.332  54.115 0.0000000000
48211  41.632  -38.361  54.584 0.0000000000
51699  40.747  -35.692  54.303 0.0000000000
51715  40.600  -35.571  53.300 0.0000000000
52807  39.914  -34.111  51.665 0.0000000000
52799  40.034  -33.989  52.560 0.0000000000
56093  42.226  -32.272  53.276 0.0000000000
56095  40.532  -32.048  52.807 0.0000000000
56110  41.081  -32.151  52.255 0.0000000000
56127  40.012  -32.196  51.028 0.0000000000
56126  40.803  -32.012  51.157 0.0000000000
57316  41.385  -31.576  50.137 0.0000000000
56125  41.833  -31.981  51.311 0.0000000000
57314  44.503  -30.297  51.063 0.0000000000
57315  44.056  -30.789  50.637 0.0000000000
58426  44.350  -29.947  50.061 0.0000000000
58437  43.835  -29.576  48.607 0.0000000000
59566  43.887  -28.771  48.978 0.0000000000
59551  44.058  -28.481  49.659 0.0000000000
60682  44.013  -27.015  50.802 0.0000000000
61874  43.528  -26.507  50.459 0.0000000000
63118  43.009  -25.491  49.367 0.0000000000
63106  43.366  -25.930  51.002 0.0000000000
59491  44.526  -28.582  54.049 0.0000000000
59482  44.714  -28.538  54.795 0.0000000000
61835  44.274  -26.340  53.713 0.0000000000
64396  43.861  -25.215  51.861 0.0000000000
65729  43.350  -24.057  50.434 0.0000000000
65697  43.913  -24.337  51.796 0.0000000000
87592  56.510  -5.457  27.657 0.0000000000
86327  51.909  -6.844  30.161 0.0000000000
86340  51.781  -6.212  30.264 0.0000000000
85096  52.370  -6.886  29.847 0.0000000000
85102  57.306  -7.407  28.420 0.0000000000
85077  58.996  -7.288  30.402 0.0000000000
86326  58.944  -6.954  30.936 0.0000000000
86306  59.804  -6.309  31.238 0.0000000000
86307  58.887  -6.497  31.429 0.0000000000
86294  55.929  -6.204  32.548 0.0000000000
86293  56.349  -6.066  32.566 0.0000000000
88661  57.895  -4.923  33.248 0.0000000000
87534  57.876  -5.255  32.434 0.0000000000
88671  58.374  -5.008  32.771 0.0000000000
87533  58.827  -5.329  32.233 0.0000000000
88659  60.174  -5.132  33.401 0.0000000000
88652  59.723  -5.213  34.067 0.0000000000
87498  60.840  -5.719  35.540 0.0000000000
86395  63.248  -6.147  23.904 0.0000000000
87637  63.912  -6.026  24.317 0.0000000000
87570  63.579  -5.123  29.347 0.0000000000
28547  26.320  -53.524  58.223 0.0000000000
29986  10.574  -52.376  51.866 0.0000000000
29973  10.553  -52.473  52.656 0.0000000000
29974  9.982  -52.833  53.256 0.0000000000
68134  46.517  -22.913  47.434 0.0000000000
68133  47.523  -22.306  47.561 0.0000000000
66905  46.972  -22.545  49.019 0.0000000000
50704  29.476  -37.615  45.234 0.0000000000
51816  29.845  -37.092  45.221 0.0000000000
49515  30.161  -38.169  46.074 0.0000000000
48317  30.455  -39.011  46.844 0.0000000000
47054  30.980  -40.176  48.306 0.0000000000
35193  23.615  -49.228  48.289 0.0000000000
33909  23.396  -50.329  49.732 0.0000000000
35194  22.317  -49.573  48.377 0.0000000000
35212  21.656  -49.022  48.083 0.0000000000
37739  23.725  -46.798  45.544 0.0000000000
37707  24.059  -47.859  47.187 0.0000000000
36451  24.054  -48.398  47.638 0.0000000000
29909  18.457  -52.524  57.417 0.0000000000
29859  18.273  -53.493  59.026 0.0000000000
29885  17.894  -52.977  58.282 0.0000000000
29860  17.255  -52.828  59.081 0.0000000000
29845  16.744  -53.287  59.706 0.0000000000
83786  56.427  -8.362  34.849 0.0000000000
83778  56.652  -8.503  35.512 0.0000000000
83779  56.196  -8.806  35.046 0.0000000000
82452  56.209  -9.169  36.039 0.0000000000
74181  58.587  -16.874  45.119 0.0000000000
72044  46.795  -18.795  35.999 0.0000000000
72026  47.252  -19.209  36.502 0.0000000000
70871  48.718  -19.980  37.531 0.0000000000
63199  40.532  -24.696  43.099 0.0000000000
64548  40.137  -24.187  43.188 0.0000000000
64530  40.322  -23.883  43.751 0.0000000000
63166  41.777  -24.872  45.120 0.0000000000
61907  42.594  -25.822  46.734 0.0000000000
49439  39.209  -37.711  50.198 0.0000000000
49456  39.571  -37.242  49.687 0.0000000000
48257  40.112  -38.583  51.447 0.0000000000
48256  40.552  -38.218  51.618 0.0000000000
49408  41.294  -37.730  52.728 0.0000000000
85039  51.564  -8.043  32.303 0.0000000000
86298  52.194  -7.627  32.036 0.0000000000
86287  53.387  -7.563  32.676 0.0000000000
86286  54.063  -6.899  32.983 0.0000000000
85036  54.425  -7.578  33.349 0.0000000000
86365  62.118  -6.876  27.142 0.0000000000
86356  61.757  -6.762  27.765 0.0000000000
85109  61.327  -7.029  27.532 0.0000000000
38946  29.430  -46.461  50.910 0.0000000000
38945  29.986  -46.154  51.070 0.0000000000
37653  29.827  -47.235  51.814 0.0000000000
35139  30.161  -48.252  53.049 0.0000000000
35127  30.251  -48.442  53.964 0.0000000000
32592  13.692  -50.587  53.740 0.0000000000
32560  13.632  -50.987  55.307 0.0000000000
32528  12.661  -51.567  56.613 0.0000000000
31249  12.593  -51.730  57.096 0.0000000000
29912  9.715  -53.096  57.882 0.0000000000
29891  10.380  -52.906  58.672 0.0000000000
82490  50.558  -9.596  32.758 0.0000000000
80054  51.128  -11.041  33.829 0.0000000000
78907  50.527  -12.767  35.046 0.0000000000
77794  52.020  -14.237  36.283 0.0000000000
76606  53.279  -14.501  37.172 0.0000000000
76591  54.162  -14.773  38.241 0.0000000000
76592  53.456  -14.922  37.589 0.0000000000
75407  53.634  -15.702  38.338 0.0000000000
74256  54.152  -16.689  39.481 0.0000000000
69562  48.029  -21.479  41.836 0.0000000000
69446  48.958  -21.188  48.370 0.0000000000
83803  49.930  -9.145  32.447 0.0000000000
28677  7.517  -53.155  48.265 0.0000000000
28664  6.970  -54.159  49.279 0.0000000000
28652  6.511  -54.715  50.052 0.0000000000
27258  6.204  -55.519  50.862 0.0000000000
69626  43.731  -21.518  36.400 0.0000000000
68329  44.622  -21.931  37.258 0.0000000000
67097  43.825  -22.749  37.694 0.0000000000
66989  43.929  -22.666  42.010 0.0000000000
68203  44.184  -22.679  43.751 0.0000000000
54007  30.984  -34.009  42.721 0.0000000000
50682  33.019  -37.558  47.009 0.0000000000
51813  32.810  -36.811  45.863 0.0000000000
51797  33.006  -37.041  46.490 0.0000000000
50668  34.896  -37.160  48.169 0.0000000000
50651  35.648  -37.627  48.866 0.0000000000
49443  35.641  -38.274  49.576 0.0000000000
48261  36.430  -39.347  51.182 0.0000000000
40296  32.165  -45.163  51.844 0.0000000000
41698  32.026  -43.598  50.858 0.0000000000
40313  32.495  -44.407  51.616 0.0000000000
41680  33.271  -43.964  52.071 0.0000000000
41696  33.509  -43.395  51.837 0.0000000000
42912  36.170  -42.773  55.139 0.0000000000
46978  36.401  -41.195  53.740 0.0000000000
29944  23.108  -53.072  55.769 0.0000000000
31343  21.672  -51.544  52.781 0.0000000000
32587  21.080  -51.336  52.806 0.0000000000
31323  20.442  -51.570  53.504 0.0000000000
31306  19.604  -51.613  54.230 0.0000000000
32590  18.454  -50.812  52.882 0.0000000000
37709  16.213  -47.737  47.427 0.0000000000
37708  16.689  -47.618  47.420 0.0000000000
36425  16.867  -48.926  49.641 0.0000000000
36426  16.347  -48.863  49.459 0.0000000000
35163  15.946  -49.336  50.854 0.0000000000
35164  15.258  -49.712  50.897 0.0000000000
35184  14.487  -49.792  49.751 0.0000000000
33942  12.533  -50.451  48.075 0.0000000000
32673  11.308  -50.712  47.456 0.0000000000
50740  27.143  -36.881  43.610 0.0000000000
49550  27.274  -37.675  44.087 0.0000000000
44430  26.145  -42.254  44.472 0.0000000000
44429  26.742  -41.633  44.654 0.0000000000
43073  26.898  -42.427  45.528 0.0000000000
43052  27.390  -42.718  46.317 0.0000000000
41762  27.657  -43.418  47.185 0.0000000000
41729  28.101  -44.367  48.222 0.0000000000
40374  27.721  -44.533  48.171 0.0000000000
40356  27.184  -45.299  48.579 0.0000000000
33888  25.792  -49.982  51.168 0.0000000000
33887  26.364  -49.579  51.525 0.0000000000
33869  25.998  -50.261  51.958 0.0000000000
32586  26.366  -51.349  53.539 0.0000000000
32554  26.424  -51.638  55.382 0.0000000000
31282  26.016  -52.269  55.590 0.0000000000
27207  7.235  -55.386  56.154 0.0000000000
27191  6.568  -55.685  57.418 0.0000000000
82400  59.410  -9.957  39.895 0.0000000000
82399  60.060  -9.930  40.065 0.0000000000
79962  60.357  -12.413  41.079 0.0000000000
78838  60.475  -12.651  40.799 0.0000000000
77735  60.431  -13.510  41.108 0.0000000000
76551  60.144  -14.458  41.516 0.0000000000
80010  55.395  -11.424  37.652 0.0000000000
81175  55.267  -11.180  37.374 0.0000000000
79997  55.713  -11.872  38.245 0.0000000000
78841  57.256  -12.646  40.342 0.0000000000
74213  59.202  -16.067  43.671 0.0000000000
72010  50.214  -18.894  37.701 0.0000000000
73138  50.022  -18.279  37.387 0.0000000000
72009  51.135  -18.682  38.137 0.0000000000
72008  51.908  -18.551  38.517 0.0000000000
71995  53.169  -18.696  39.241 0.0000000000
71994  53.787  -18.749  39.865 0.0000000000
70839  54.445  -19.111  40.704 0.0000000000
70823  54.576  -19.287  41.308 0.0000000000
69531  51.099  -21.085  43.035 0.0000000000
70802  51.600  -21.103  43.624 0.0000000000
70786  52.677  -20.603  44.781 0.0000000000
70783  55.360  -19.106  45.455 0.0000000000
68175  40.764  -22.273  44.643 0.0000000000
68207  40.154  -21.887  43.234 0.0000000000
68174  41.421  -22.080  45.105 0.0000000000
68173  42.260  -21.930  45.446 0.0000000000
68157  42.738  -22.216  46.300 0.0000000000
68138  43.153  -22.582  47.114 0.0000000000
68118  43.436  -22.995  48.090 0.0000000000
53941  38.531  -33.491  48.482 0.0000000000
55035  37.527  -32.840  47.633 0.0000000000
55034  37.752  -32.620  48.049 0.0000000000
56172  38.500  -31.860  47.375 0.0000000000
57368  39.868  -31.301  46.408 0.0000000000
57353  39.208  -31.507  47.364 0.0000000000
57351  40.797  -31.064  47.474 0.0000000000
57339  40.893  -31.141  48.389 0.0000000000
49392  41.633  -37.750  54.800 0.0000000000
51700  40.372  -34.817  53.862 0.0000000000
57284  42.628  -31.909  52.791 0.0000000000
56108  43.053  -31.590  52.228 0.0000000000
57282  43.565  -31.119  52.464 0.0000000000
57295  44.267  -30.315  51.970 0.0000000000
58389  44.599  -29.485  51.476 0.0000000000
59533  44.536  -28.602  51.017 0.0000000000
59519  44.588  -28.563  51.946 0.0000000000
60670  44.335  -27.472  52.391 0.0000000000
85092  56.378  -7.823  29.391 0.0000000000
87523  56.414  -5.753  33.311 0.0000000000
87536  56.474  -5.775  32.728 0.0000000000
87522  57.593  -5.344  33.602 0.0000000000
87521  58.267  -5.251  33.614 0.0000000000
87499  59.872  -5.912  35.410 0.0000000000
87612  64.655  -5.922  25.582 0.0000000000
88679  62.827  -4.759  31.797 0.0000000000
33826  28.211  -49.852  54.968 0.0000000000
33813  28.079  -50.505  56.722 0.0000000000
29855  27.266  -52.123  58.141 0.0000000000
31325  11.905  -51.538  53.920 0.0000000000
31309  11.093  -51.870  54.515 0.0000000000
31273  10.214  -52.588  55.987 0.0000000000
31310  10.435  -52.337  54.041 0.0000000000
29931  9.917  -52.773  56.768 0.0000000000
29913  8.961  -53.372  58.191 0.0000000000
29893  8.864  -53.556  58.895 0.0000000000
28543  8.575  -54.032  59.340 0.0000000000
80046  49.034  -12.534  34.121 0.0000000000
78908  49.184  -13.155  34.499 0.0000000000
77810  49.449  -14.222  34.978 0.0000000000
69470  48.081  -21.738  47.237 0.0000000000
68113  47.625  -22.362  48.502 0.0000000000
68112  48.400  -21.937  48.451 0.0000000000
68091  48.831  -21.948  49.313 0.0000000000
27283  5.347  -54.009  48.335 0.0000000000
27296  4.989  -54.122  47.666 0.0000000000
27284  4.841  -54.671  48.410 0.0000000000
25894  3.758  -55.944  48.441 0.0000000000
25886  3.858  -55.932  49.416 0.0000000000
24517  3.377  -56.805  50.390 0.0000000000
67055  41.077  -22.984  39.221 0.0000000000
67025  41.031  -22.786  39.918 0.0000000000
52887  30.445  -36.215  44.021 0.0000000000
51833  31.109  -36.676  44.727 0.0000000000
50702  31.363  -37.573  45.883 0.0000000000
49491  32.307  -38.327  47.060 0.0000000000
49464  33.241  -38.687  48.435 0.0000000000
48285  33.541  -39.046  48.999 0.0000000000
31340  24.454  -51.849  52.910 0.0000000000
31320  23.916  -52.676  53.691 0.0000000000
32608  22.999  -51.531  51.967 0.0000000000
32642  22.539  -50.628  50.447 0.0000000000
32628  21.557  -50.755  51.173 0.0000000000
33891  20.045  -50.134  50.827 0.0000000000
37728  15.912  -47.742  46.821 0.0000000000
36475  15.618  -48.069  47.217 0.0000000000
36460  15.248  -48.414  47.816 0.0000000000
36476  15.012  -48.309  46.853 0.0000000000
40421  25.694  -44.463  45.745 0.0000000000
39006  25.773  -45.374  47.292 0.0000000000
38997  26.187  -45.868  48.048 0.0000000000
37695  25.819  -46.990  48.714 0.0000000000
36423  25.450  -48.263  49.607 0.0000000000
36450  24.721  -47.957  48.155 0.0000000000
35176  25.006  -48.942  49.496 0.0000000000
33907  25.544  -49.517  50.492 0.0000000000
33889  25.022  -50.463  50.787 0.0000000000
32625  24.868  -50.885  51.402 0.0000000000
84994  58.813  -7.393  36.558 0.0000000000
84979  59.003  -7.783  37.407 0.0000000000
83749  58.685  -8.331  38.152 0.0000000000
83739  59.059  -8.584  38.764 0.0000000000
83751  57.284  -8.940  37.135 0.0000000000
82424  58.440  -9.057  38.756 0.0000000000
81135  59.576  -10.556  40.318 0.0000000000
79964  59.542  -11.865  41.162 0.0000000000
76574  56.024  -14.145  39.681 0.0000000000
76562  57.093  -14.026  40.553 0.0000000000
75379  57.745  -15.060  41.958 0.0000000000
74320  46.199  -16.425  35.247 0.0000000000
74307  46.890  -16.838  35.631 0.0000000000
73152  48.522  -17.879  36.425 0.0000000000
72025  48.015  -18.906  36.587 0.0000000000
72024  48.963  -18.903  36.920 0.0000000000
72023  49.647  -18.627  37.308 0.0000000000
69594  52.072  -20.310  39.228 0.0000000000
70728  51.901  -20.642  47.460 0.0000000000
68242  37.394  -22.103  41.285 0.0000000000
68191  39.734  -22.265  43.471 0.0000000000
65820  40.582  -23.015  44.030 0.0000000000
66962  40.143  -22.545  43.855 0.0000000000
68176  40.087  -22.179  44.226 0.0000000000
66951  41.292  -22.703  46.052 0.0000000000
65788  42.201  -23.687  46.924 0.0000000000
65770  42.574  -23.751  47.749 0.0000000000
51809  36.328  -35.281  46.269 0.0000000000
53967  36.010  -33.897  45.544 0.0000000000
51792  37.609  -35.174  47.146 0.0000000000
51791  38.108  -34.998  47.328 0.0000000000
52837  38.607  -34.427  48.016 0.0000000000
50646  40.090  -36.810  49.667 0.0000000000
51773  39.231  -35.432  48.453 0.0000000000
52823  39.164  -33.998  48.884 0.0000000000
52814  39.117  -33.954  49.782 0.0000000000
53922  39.176  -33.259  50.252 0.0000000000
85085  50.920  -6.698  30.622 0.0000000000
85066  52.560  -7.810  30.857 0.0000000000
85065  53.519  -8.062  31.034 0.0000000000
85064  54.475  -7.906  31.202 0.0000000000
86295  55.016  -6.454  32.550 0.0000000000
87526  54.290  -6.440  32.767 0.0000000000
87514  56.654  -6.058  33.809 0.0000000000
86266  58.104  -6.901  35.631 0.0000000000
86396  62.425  -6.254  24.292 0.0000000000
86377  63.208  -6.141  24.825 0.0000000000
87571  62.825  -5.214  29.347 0.0000000000
87582  62.507  -5.665  28.804 0.0000000000
87560  61.375  -5.742  30.453 0.0000000000
44371  29.538  -41.801  47.992 0.0000000000
44370  30.011  -41.344  48.491 0.0000000000
43000  30.136  -42.723  49.027 0.0000000000
41712  30.532  -43.758  49.855 0.0000000000
40332  31.032  -44.598  50.534 0.0000000000
38944  31.043  -45.732  51.560 0.0000000000
38943  31.799  -45.344  51.745 0.0000000000
38928  31.998  -45.684  52.420 0.0000000000
38913  32.162  -46.303  53.408 0.0000000000
35109  29.034  -49.373  55.301 0.0000000000
35108  29.773  -48.871  55.529 0.0000000000
35107  30.413  -48.524  55.720 0.0000000000
35100  30.191  -48.764  56.375 0.0000000000
36360  30.909  -48.155  55.254 0.0000000000
32541  15.793  -51.262  55.879 0.0000000000
31245  15.979  -51.996  57.168 0.0000000000
31268  15.536  -51.575  56.505 0.0000000000
31246  15.176  -51.857  57.146 0.0000000000
29889  14.344  -52.161  58.457 0.0000000000
31227  13.991  -51.898  57.869 0.0000000000
29863  14.141  -52.668  59.214 0.0000000000
29848  13.680  -53.136  60.022 0.0000000000
31289  11.931  -51.536  55.581 0.0000000000
31250  11.669  -52.053  57.353 0.0000000000
29890  11.094  -52.889  59.156 0.0000000000
31209  11.677  -52.801  59.277 0.0000000000
83790  53.218  -9.146  33.411 0.0000000000
82477  54.723  -9.743  34.357 0.0000000000
81211  54.556  -10.546  34.748 0.0000000000
81201  54.725  -10.741  35.392 0.0000000000
81213  52.938  -10.586  34.011 0.0000000000
81202  54.123  -11.054  34.650 0.0000000000
80027  54.369  -11.559  36.054 0.0000000000
80011  54.859  -12.037  37.562 0.0000000000
78861  55.079  -12.978  38.346 0.0000000000
81216  49.872  -10.906  33.554 0.0000000000
78906  51.668  -12.755  35.188 0.0000000000
78905  52.648  -12.562  35.495 0.0000000000
78889  53.378  -13.302  37.044 0.0000000000
78862  54.365  -13.321  37.981 0.0000000000
77748  55.243  -13.856  38.839 0.0000000000
76564  55.698  -14.985  40.136 0.0000000000
75388  56.415  -15.554  40.901 0.0000000000
75399  54.752  -15.652  39.501 0.0000000000
74247  56.054  -16.086  40.814 0.0000000000
73078  56.650  -17.178  43.173 0.0000000000
73058  56.602  -17.072  44.094 0.0000000000
68309  47.589  -21.415  38.312 0.0000000000
69598  48.099  -21.239  38.582 0.0000000000
68257  49.196  -21.421  40.272 0.0000000000
69560  49.789  -21.352  41.612 0.0000000000
69561  48.953  -21.406  41.813 0.0000000000
69532  50.300  -21.242  43.255 0.0000000000
70788  50.722  -21.050  44.648 0.0000000000
70756  51.002  -20.777  46.389 0.0000000000
69519  48.506  -21.345  44.769 0.0000000000
69503  49.168  -21.342  45.578 0.0000000000
69468  49.482  -21.191  47.429 0.0000000000
69488  50.046  -21.076  46.251 0.0000000000
70709  51.471  -20.619  47.895 0.0000000000
61952  41.652  -27.106  42.731 0.0000000000
60754  42.570  -27.882  43.865 0.0000000000
60745  42.941  -27.814  44.833 0.0000000000
46963  39.768  -40.605  54.552 0.0000000000
46973  40.627  -39.908  54.008 0.0000000000
46962  40.649  -40.326  54.679 0.0000000000
86316  49.909  -6.435  30.932 0.0000000000
85040  50.796  -8.383  32.136 0.0000000000
86367  58.957  -6.603  26.228 0.0000000000
85123  58.463  -6.949  26.655 0.0000000000
28648  9.462  -53.318  50.085 0.0000000000
28636  8.621  -54.221  51.383 0.0000000000
27237  7.900  -55.063  53.491 0.0000000000
27256  7.627  -55.072  51.204 0.0000000000
25848  7.368  -55.650  52.997 0.0000000000
25840  7.532  -55.635  54.089 0.0000000000
25841  7.102  -56.306  54.703 0.0000000000
27273  5.564  -54.381  49.265 0.0000000000
25867  5.612  -55.724  50.919 0.0000000000
24506  5.931  -56.311  51.303 0.0000000000
24490  5.775  -57.447  53.521 0.0000000000
24481  5.842  -57.384  54.705 0.0000000000
73176  45.527  -17.999  35.314 0.0000000000
72045  45.923  -18.791  35.626 0.0000000000
70892  46.432  -19.927  36.367 0.0000000000
70893  45.719  -20.278  36.215 0.0000000000
69623  46.641  -20.861  37.201 0.0000000000
68327  47.022  -21.478  37.811 0.0000000000
68310  46.673  -21.923  38.683 0.0000000000
68311  45.955  -22.176  38.439 0.0000000000
68291  46.862  -21.886  39.803 0.0000000000
68260  46.811  -21.966  40.710 0.0000000000
68234  46.620  -22.094  41.550 0.0000000000
67078  44.063  -22.940  38.638 0.0000000000
67053  43.328  -23.054  39.492 0.0000000000
67052  44.350  -22.872  39.605 0.0000000000
67020  45.458  -22.433  40.372 0.0000000000
68218  46.379  -22.002  42.480 0.0000000000
68169  46.203  -22.652  45.375 0.0000000000
68202  45.201  -22.588  43.590 0.0000000000
68154  46.520  -22.803  46.296 0.0000000000
68115  45.753  -22.945  48.453 0.0000000000
55092  32.809  -33.356  42.318 0.0000000000
53993  33.904  -33.818  43.373 0.0000000000
52883  34.490  -34.612  44.400 0.0000000000
52935  30.815  -34.838  42.995 0.0000000000
52910  31.690  -35.516  43.461 0.0000000000
51831  33.098  -36.164  45.048 0.0000000000
52909  32.705  -35.173  43.623 0.0000000000
52884  33.512  -35.379  44.608 0.0000000000
52867  35.368  -34.785  45.355 0.0000000000
51810  35.919  -35.433  46.159 0.0000000000
50649  37.433  -37.010  48.864 0.0000000000
50650  36.486  -37.358  48.800 0.0000000000
49459  36.989  -37.548  49.383 0.0000000000
49440  38.299  -37.822  50.154 0.0000000000
49425  38.748  -38.403  50.692 0.0000000000
47007  39.069  -39.755  52.481 0.0000000000
46989  39.355  -40.024  53.119 0.0000000000
44355  30.485  -41.684  48.814 0.0000000000
45746  31.181  -41.010  48.766 0.0000000000
45728  31.593  -41.317  49.288 0.0000000000
42982  31.825  -42.435  50.255 0.0000000000
44338  32.250  -41.652  50.093 0.0000000000
47039  32.335  -40.380  49.262 0.0000000000
47052  32.566  -39.857  49.178 0.0000000000
47037  33.460  -39.992  50.226 0.0000000000
48275  33.964  -39.369  50.061 0.0000000000
41662  34.259  -44.176  53.456 0.0000000000
42945  34.073  -42.792  51.929 0.0000000000
42944  34.685  -42.833  52.544 0.0000000000
44320  34.084  -41.846  51.555 0.0000000000
45710  33.913  -40.974  51.090 0.0000000000
47023  34.469  -40.238  51.179 0.0000000000
48263  34.353  -39.778  50.731 0.0000000000
48262  35.242  -39.535  50.954 0.0000000000
48237  36.520  -40.643  53.080 0.0000000000
48236  36.919  -40.134  52.793 0.0000000000
46991  37.792  -40.180  52.951 0.0000000000
46975  38.654  -40.390  53.743 0.0000000000
29880  23.593  -53.756  58.150 0.0000000000
29881  21.677  -53.372  57.973 0.0000000000
31302  23.620  -52.940  54.353 0.0000000000
29960  22.689  -52.840  55.040 0.0000000000
29945  22.143  -52.883  55.678 0.0000000000
29926  21.747  -53.143  56.564 0.0000000000
29906  21.282  -53.309  57.373 0.0000000000
29882  20.948  -53.344  58.213 0.0000000000
29907  20.373  -53.094  57.424 0.0000000000
29929  19.106  -52.475  56.785 0.0000000000
36486  21.580  -47.734  46.216 0.0000000000
36470  21.508  -48.248  46.738 0.0000000000
36454  20.990  -48.812  47.476 0.0000000000
35213  20.554  -49.215  48.237 0.0000000000
35196  20.174  -49.577  49.085 0.0000000000
35177  19.651  -49.631  49.738 0.0000000000
33913  19.534  -49.808  50.383 0.0000000000
37725  17.701  -47.278  46.598 0.0000000000
35198  18.420  -49.209  49.406 0.0000000000
33914  18.906  -49.645  50.662 0.0000000000
33893  18.552  -49.741  51.288 0.0000000000
33894  17.915  -49.771  51.522 0.0000000000
33852  17.768  -50.457  52.580 0.0000000000
35162  16.591  -49.320  50.916 0.0000000000
35144  17.078  -49.799  51.443 0.0000000000
33853  16.958  -50.561  52.798 0.0000000000
32574  16.317  -51.039  54.216 0.0000000000
32557  16.025  -51.222  55.094 0.0000000000
32575  15.503  -50.833  54.407 0.0000000000
33856  14.566  -50.108  53.023 0.0000000000
33875  15.008  -49.940  51.982 0.0000000000
33857  13.825  -50.403  53.255 0.0000000000
33877  13.511  -50.545  52.582 0.0000000000
32631  12.935  -50.804  52.203 0.0000000000
35202  14.453  -49.540  49.082 0.0000000000
33930  13.950  -49.922  49.379 0.0000000000
33950  13.742  -49.815  47.892 0.0000000000
32644  12.857  -50.799  51.198 0.0000000000
31357  11.664  -51.732  51.585 0.0000000000
31368  11.527  -51.809  50.719 0.0000000000
31359  10.593  -52.399  50.630 0.0000000000
30018  9.811  -52.847  49.620 0.0000000000
31393  10.098  -51.572  47.789 0.0000000000
30052  8.342  -52.771  47.865 0.0000000000
30035  8.017  -53.097  48.354 0.0000000000
30054  7.183  -52.913  47.801 0.0000000000
51850  28.679  -36.421  43.978 0.0000000000
51851  27.888  -36.294  43.714 0.0000000000
51836  28.453  -36.753  44.304 0.0000000000
50705  29.124  -37.897  44.877 0.0000000000
48336  29.337  -38.979  45.635 0.0000000000
45795  29.038  -40.201  46.123 0.0000000000
47119  27.592  -39.970  44.790 0.0000000000
47118  28.017  -39.578  45.023 0.0000000000
45776  28.876  -40.843  46.739 0.0000000000
43001  29.489  -42.776  48.363 0.0000000000
41714  29.028  -44.395  48.898 0.0000000000
40334  28.841  -44.987  49.388 0.0000000000
40335  28.200  -45.430  49.246 0.0000000000
37670  28.877  -46.960  50.950 0.0000000000
35141  28.694  -48.545  52.353 0.0000000000
33849  28.527  -49.139  53.354 0.0000000000
37694  26.541  -46.542  48.965 0.0000000000
37685  26.690  -46.961  49.566 0.0000000000
36421  27.058  -47.889  50.526 0.0000000000
35143  27.156  -49.035  51.886 0.0000000000
35157  27.484  -48.702  51.444 0.0000000000
35142  27.951  -48.858  52.045 0.0000000000
33827  27.631  -50.352  54.941 0.0000000000
32525  26.878  -51.197  57.017 0.0000000000
31241  26.625  -51.605  57.210 0.0000000000
31262  26.337  -51.947  56.595 0.0000000000
31242  26.148  -52.187  57.398 0.0000000000
31223  25.980  -52.343  57.910 0.0000000000
31224  16.271  -52.338  57.835 0.0000000000
29861  16.352  -53.024  59.295 0.0000000000
28605  8.770  -54.017  53.335 0.0000000000
28591  8.688  -53.845  54.434 0.0000000000
28572  7.950  -53.935  56.076 0.0000000000
27189  7.595  -54.736  56.630 0.0000000000
28554  7.730  -53.980  58.089 0.0000000000
28544  7.928  -54.224  58.761 0.0000000000
84968  59.592  -7.991  38.382 0.0000000000
82453  55.604  -9.964  36.328 0.0000000000
81173  56.511  -10.213  37.664 0.0000000000
81162  56.203  -11.048  38.135 0.0000000000
79995  57.208  -10.769  38.645 0.0000000000
81137  57.846  -10.953  39.530 0.0000000000
78831  59.544  -12.605  41.498 0.0000000000
77738  56.854  -13.504  40.249 0.0000000000
77737  57.518  -13.441  40.781 0.0000000000
77718  58.714  -13.872  42.210 0.0000000000
76532  59.125  -14.604  43.052 0.0000000000
77728  59.090  -13.400  41.802 0.0000000000
77727  59.621  -13.553  41.802 0.0000000000
76541  60.058  -14.526  42.408 0.0000000000
78918  47.401  -12.769  34.100 0.0000000000
78910  47.876  -13.113  34.571 0.0000000000
76634  49.141  -14.472  35.014 0.0000000000
75453  47.932  -15.596  35.113 0.0000000000
73150  50.285  -17.134  37.119 0.0000000000
74304  49.451  -16.294  36.036 0.0000000000
75439  49.141  -15.865  35.601 0.0000000000
75438  49.991  -15.793  36.030 0.0000000000
75437  50.723  -15.641  36.212 0.0000000000
76609  51.111  -15.385  36.267 0.0000000000
75409  52.353  -16.204  37.466 0.0000000000
74257  53.341  -16.757  38.814 0.0000000000
73122  54.342  -17.383  39.954 0.0000000000
73112  54.216  -18.080  40.061 0.0000000000
73111  54.892  -17.775  40.612 0.0000000000
73110  55.548  -17.403  40.999 0.0000000000
73098  55.745  -17.474  41.669 0.0000000000
69597  48.736  -21.181  38.826 0.0000000000
69596  49.836  -21.043  39.389 0.0000000000
69579  50.766  -20.877  40.310 0.0000000000
69544  51.340  -21.131  42.146 0.0000000000
69558  51.500  -20.784  41.156 0.0000000000
69557  52.445  -20.671  40.953 0.0000000000
69514  53.126  -20.510  44.859 0.0000000000
70800  53.279  -20.496  43.723 0.0000000000
70811  53.744  -20.346  42.627 0.0000000000
71925  54.855  -19.313  42.825 0.0000000000
71911  56.446  -17.727  44.833 0.0000000000
73022  57.377  -17.558  45.559 0.0000000000
68294  40.155  -22.684  39.564 0.0000000000
68240  39.490  -21.785  41.323 0.0000000000
68239  40.545  -21.873  41.318 0.0000000000
68238  41.381  -22.107  41.357 0.0000000000
68237  41.949  -22.296  41.501 0.0000000000
68204  43.185  -22.484  43.817 0.0000000000
68172  43.204  -22.185  45.622 0.0000000000
66950  44.631  -23.130  46.576 0.0000000000
66939  44.555  -22.929  47.020 0.0000000000
55067  35.940  -32.996  44.965 0.0000000000
55066  36.180  -32.661  45.595 0.0000000000
56186  37.131  -32.404  46.202 0.0000000000
58485  41.248  -30.153  44.353 0.0000000000
57380  40.610  -30.813  45.659 0.0000000000
58474  41.323  -30.295  45.128 0.0000000000
58484  42.096  -29.703  44.617 0.0000000000
58483  42.630  -29.522  45.152 0.0000000000
59605  43.020  -28.780  45.444 0.0000000000
59594  43.406  -28.770  46.457 0.0000000000
48232  41.586  -38.187  53.763 0.0000000000
49400  41.333  -37.288  53.430 0.0000000000
50599  41.441  -37.182  54.364 0.0000000000
50611  41.149  -36.612  52.935 0.0000000000
51727  40.993  -35.709  52.185 0.0000000000
51738  40.423  -35.006  51.405 0.0000000000
53921  39.477  -33.527  51.074 0.0000000000
55023  39.303  -32.632  50.386 0.0000000000
52783  40.274  -34.006  53.396 0.0000000000
54984  41.413  -32.950  53.558 0.0000000000
54985  41.066  -32.757  53.008 0.0000000000
53902  40.545  -33.194  52.587 0.0000000000
55015  40.082  -32.590  51.854 0.0000000000
56128  39.531  -32.330  50.478 0.0000000000
56144  39.875  -31.930  49.959 0.0000000000
57318  40.396  -31.570  49.743 0.0000000000
57327  41.479  -31.538  49.489 0.0000000000
56161  42.493  -31.537  49.181 0.0000000000
56140  43.496  -31.447  51.018 0.0000000000
56151  43.397  -31.049  50.073 0.0000000000
57337  43.041  -31.183  48.579 0.0000000000
57348  43.492  -30.321  48.146 0.0000000000
59584  43.583  -28.728  47.291 0.0000000000
60726  43.297  -27.658  46.893 0.0000000000
60719  43.556  -27.966  47.706 0.0000000000
60720  43.174  -27.148  47.880 0.0000000000
61897  43.051  -26.331  48.113 0.0000000000
60693  44.029  -27.541  50.196 0.0000000000
61884  43.345  -26.898  49.710 0.0000000000
63132  43.026  -25.563  48.473 0.0000000000
64455  42.922  -24.612  48.602 0.0000000000
64433  42.935  -24.697  49.814 0.0000000000
60657  44.169  -27.013  52.869 0.0000000000
60642  44.477  -27.414  54.164 0.0000000000
60643  44.204  -26.948  53.462 0.0000000000
61855  44.153  -26.601  52.261 0.0000000000
63095  43.642  -25.713  51.629 0.0000000000
64412  42.966  -24.840  50.684 0.0000000000
65750  42.947  -23.921  49.188 0.0000000000
66891  43.566  -23.620  50.212 0.0000000000
66890  43.801  -23.470  50.328 0.0000000000
66875  44.147  -23.568  51.133 0.0000000000
66907  44.012  -23.270  49.583 0.0000000000
86359  57.224  -6.152  27.332 0.0000000000
86358  57.851  -6.725  26.964 0.0000000000
85112  58.296  -7.278  27.453 0.0000000000
85100  59.528  -7.446  28.718 0.0000000000
85089  59.619  -7.378  29.683 0.0000000000
85088  60.258  -7.165  29.992 0.0000000000
86324  60.451  -6.461  30.519 0.0000000000
87561  60.817  -5.802  30.893 0.0000000000
86308  57.825  -6.401  31.716 0.0000000000
87550  56.927  -5.709  32.495 0.0000000000
87549  57.449  -5.733  32.274 0.0000000000
87547  59.298  -5.800  31.735 0.0000000000
88682  59.735  -5.424  31.949 0.0000000000
88658  61.220  -5.135  33.481 0.0000000000
87510  61.141  -5.496  34.899 0.0000000000
24497  6.105  -56.590  51.922 0.0000000000
25865  7.073  -55.551  51.341 0.0000000000
25866  6.542  -55.984  51.364 0.0000000000
25876  5.428  -55.338  50.449 0.0000000000
25877  4.894  -55.482  50.419 0.0000000000
27206  7.692  -54.699  55.599 0.0000000000
27222  8.373  -54.485  53.895 0.0000000000
27246  8.369  -54.816  51.941 0.0000000000
27247  7.876  -55.223  52.414 0.0000000000
27265  6.909  -55.040  50.402 0.0000000000
27266  5.969  -55.093  50.202 0.0000000000
28535  23.537  -54.328  58.384 0.0000000000
28571  8.582  -53.592  56.655 0.0000000000
28590  9.279  -53.330  54.861 0.0000000000
28637  8.076  -54.582  51.086 0.0000000000
28651  6.975  -54.586  50.000 0.0000000000
28661  9.427  -53.153  49.477 0.0000000000
29869  9.139  -53.584  59.316 0.0000000000
29888  15.004  -52.392  58.608 0.0000000000
29930  10.544  -52.560  57.090 0.0000000000
29941  25.795  -52.463  56.154 0.0000000000
29971  24.676  -52.583  54.017 0.0000000000
30053  7.713  -52.889  47.828 0.0000000000
31205  27.424  -51.920  58.015 0.0000000000
31226  14.732  -52.044  57.847 0.0000000000
31229  12.377  -52.154  58.132 0.0000000000
31248  13.475  -51.723  57.189 0.0000000000
31267  16.304  -51.809  56.417 0.0000000000
31269  14.889  -51.454  56.567 0.0000000000
31270  12.448  -51.584  56.554 0.0000000000
31271  11.959  -51.737  56.325 0.0000000000
31283  25.426  -52.463  54.926 0.0000000000
31300  25.948  -52.104  54.737 0.0000000000
31303  22.997  -52.783  54.316 0.0000000000
31308  11.698  -51.367  54.980 0.0000000000
32526  13.681  -51.478  56.616 0.0000000000
32527  13.035  -51.520  56.627 0.0000000000
32538  26.734  -51.287  56.271 0.0000000000
32539  26.441  -51.769  55.962 0.0000000000
32543  14.228  -51.219  56.148 0.0000000000
32545  12.549  -51.485  56.095 0.0000000000
32546  12.155  -51.474  55.823 0.0000000000
32552  27.262  -50.658  55.143 0.0000000000
32561  12.789  -51.172  55.362 0.0000000000
32568  27.403  -50.538  54.672 0.0000000000
32572  18.224  -51.018  53.806 0.0000000000
32577  13.882  -50.695  54.329 0.0000000000
32594  12.606  -51.116  53.980 0.0000000000
32604  26.627  -50.295  52.821 0.0000000000
32624  25.597  -50.665  51.841 0.0000000000
32630  19.725  -50.254  51.447 0.0000000000
33821  27.774  -50.536  55.750 0.0000000000
33833  29.032  -49.269  53.850 0.0000000000
33836  27.133  -50.491  53.687 0.0000000000
33837  16.455  -50.708  53.467 0.0000000000
33841  13.906  -50.549  53.775 0.0000000000
33848  28.967  -48.952  53.436 0.0000000000
33858  13.444  -50.628  53.096 0.0000000000
33871  18.333  -50.118  52.090 0.0000000000
33872  17.274  -50.125  51.802 0.0000000000
35099  30.480  -48.525  56.090 0.0000000000
35116  30.274  -48.486  54.916 0.0000000000
35140  29.398  -48.369  52.659 0.0000000000
35175  25.552  -48.875  50.141 0.0000000000
35178  18.996  -49.468  50.010 0.0000000000
35197  19.308  -49.307  49.324 0.0000000000
36372  31.398  -47.578  54.165 0.0000000000
36387  31.386  -47.423  53.590 0.0000000000
36397  30.502  -47.749  52.757 0.0000000000
36398  29.974  -47.775  52.400 0.0000000000
36410  28.796  -47.478  51.410 0.0000000000
36412  27.372  -48.427  51.038 0.0000000000
36434  25.699  -47.715  49.340 0.0000000000
36435  25.076  -48.098  48.883 0.0000000000
36469  22.731  -48.274  46.724 0.0000000000
37651  31.625  -46.636  52.838 0.0000000000
37654  29.208  -47.242  51.495 0.0000000000
37669  29.590  -46.775  51.305 0.0000000000
37684  27.649  -46.869  50.193 0.0000000000
37721  22.763  -47.805  46.350 0.0000000000
37738  24.473  -46.476  45.800 0.0000000000
38912  32.561  -45.700  53.274 0.0000000000
38962  30.926  -45.220  50.931 0.0000000000
38982  27.810  -45.751  49.220 0.0000000000
38984  26.525  -46.230  48.593 0.0000000000
38998  25.570  -46.253  47.518 0.0000000000
39036  24.728  -45.751  45.117 0.0000000000
40294  33.426  -44.267  52.381 0.0000000000
40295  32.788  -44.755  52.128 0.0000000000
40314  31.909  -44.669  51.321 0.0000000000
40315  31.242  -45.074  51.050 0.0000000000
40391  26.897  -44.323  47.506 0.0000000000
41679  33.972  -43.711  52.498 0.0000000000
41728  28.809  -43.904  48.359 0.0000000000
41746  27.872  -43.890  47.684 0.0000000000
41763  26.995  -43.712  47.032 0.0000000000
41764  26.403  -44.189  46.756 0.0000000000
41802  25.106  -44.297  44.600 0.0000000000
42920  35.701  -42.636  54.279 0.0000000000
42921  35.234  -43.211  54.326 0.0000000000
42930  35.587  -42.326  53.728 0.0000000000
42963  32.590  -42.653  50.716 0.0000000000
42964  31.943  -43.018  50.557 0.0000000000
42984  30.259  -43.220  49.507 0.0000000000
43017  28.313  -43.234  47.635 0.0000000000
43033  27.568  -43.196  46.897 0.0000000000
44290  35.521  -41.926  53.358 0.0000000000
44304  34.954  -41.883  52.696 0.0000000000
44305  34.467  -42.154  52.157 0.0000000000
44337  32.821  -41.699  50.391 0.0000000000
44354  31.033  -41.763  49.319 0.0000000000
44356  30.047  -42.064  48.428 0.0000000000
44389  28.387  -41.774  46.647 0.0000000000
44409  27.845  -41.612  46.114 0.0000000000
45683  36.015  -41.498  53.636 0.0000000000
45727  32.275  -41.062  49.530 0.0000000000
45745  31.881  -40.790  49.082 0.0000000000
45747  30.348  -40.836  48.569 0.0000000000
45816  27.743  -40.343  45.133 0.0000000000
46976  37.910  -40.414  53.461 0.0000000000
46977  36.626  -41.086  54.076 0.0000000000
47008  38.515  -39.804  52.444 0.0000000000
47009  35.693  -40.277  52.190 0.0000000000
47025  33.278  -40.446  50.253 0.0000000000
47038  32.942  -40.145  49.793 0.0000000000
47053  31.894  -40.132  48.758 0.0000000000
47070  30.620  -39.874  47.868 0.0000000000
47071  29.988  -40.027  47.504 0.0000000000
47072  29.450  -40.421  47.142 0.0000000000
47084  29.919  -39.558  47.056 0.0000000000
47100  29.476  -39.671  45.927 0.0000000000
47139  27.806  -39.042  44.549 0.0000000000
48213  37.462  -40.666  53.750 0.0000000000
48225  36.606  -40.959  53.620 0.0000000000
48234  38.129  -39.816  52.406 0.0000000000
48235  37.580  -39.900  52.620 0.0000000000
48245  38.636  -39.549  51.976 0.0000000000
48258  39.193  -38.878  51.339 0.0000000000
48276  33.112  -39.508  49.342 0.0000000000
48288  31.068  -39.589  47.918 0.0000000000
48301  31.423  -39.145  47.745 0.0000000000
48302  30.704  -39.272  47.440 0.0000000000
48303  30.212  -39.374  47.137 0.0000000000
48337  28.676  -38.872  45.185 0.0000000000
49391  41.565  -37.732  54.456 0.0000000000
49407  41.502  -37.932  53.465 0.0000000000
49415  40.877  -37.691  51.769 0.0000000000
49423  40.456  -37.765  50.973 0.0000000000
49424  39.669  -38.173  50.778 0.0000000000
49428  35.992  -38.797  50.305 0.0000000000
49438  39.991  -37.472  50.220 0.0000000000
49442  36.432  -38.040  49.657 0.0000000000
49444  34.773  -38.627  49.678 0.0000000000
49458  37.892  -37.434  49.476 0.0000000000
49460  36.453  -37.625  49.311 0.0000000000
49474  33.467  -38.342  48.092 0.0000000000
49475  32.743  -38.502  47.791 0.0000000000
49492  31.589  -38.541  46.833 0.0000000000
49493  30.838  -38.658  46.761 0.0000000000
49494  30.279  -38.492  46.341 0.0000000000
49495  29.955  -38.693  46.324 0.0000000000
49516  29.790  -38.322  45.930 0.0000000000
49517  29.208  -38.292  45.270 0.0000000000
50585  41.563  -37.323  54.640 0.0000000000
50600  41.114  -36.660  53.909 0.0000000000
50634  36.175  -37.664  49.261 0.0000000000
50647  39.373  -36.620  49.171 0.0000000000
50648  38.395  -36.797  48.987 0.0000000000
50653  34.347  -38.160  48.515 0.0000000000
50700  32.756  -37.115  46.443 0.0000000000
50701  32.268  -37.258  46.228 0.0000000000
50703  30.341  -37.828  45.875 0.0000000000
50721  29.300  -37.280  44.801 0.0000000000
51683  40.629  -34.913  54.469 0.0000000000
51746  40.626  -36.210  50.288 0.0000000000
51758  39.986  -35.807  49.361 0.0000000000
51776  36.362  -36.186  47.522 0.0000000000
51793  36.665  -35.532  46.686 0.0000000000
51794  35.733  -36.255  46.860 0.0000000000
51817  29.509  -37.193  44.938 0.0000000000
51830  33.638  -35.875  45.089 0.0000000000
52838  37.983  -33.982  47.699 0.0000000000
52852  38.325  -34.839  47.509 0.0000000000
52853  37.819  -34.420  47.337 0.0000000000
52854  37.030  -34.556  46.721 0.0000000000
52866  36.348  -34.796  46.044 0.0000000000
52889  29.059  -36.336  43.979 0.0000000000
52907  34.172  -34.259  43.743 0.0000000000
52914  27.856  -35.608  43.524 0.0000000000
52932  33.167  -34.341  43.211 0.0000000000
53912  39.792  -33.259  51.674 0.0000000000
53931  38.774  -33.202  49.155 0.0000000000
53932  38.127  -33.011  48.531 0.0000000000
53942  37.934  -33.323  47.918 0.0000000000
53943  37.513  -33.171  47.403 0.0000000000
53979  35.563  -33.894  44.851 0.0000000000
53980  35.062  -33.875  44.273 0.0000000000
55016  39.571  -32.671  51.065 0.0000000000
55042  37.557  -32.606  47.437 0.0000000000
55052  36.594  -32.854  46.237 0.0000000000
55083  34.269  -33.287  43.402 0.0000000000
55090  34.363  -32.796  43.148 0.0000000000
56107  43.315  -31.343  52.179 0.0000000000
56111  40.509  -32.437  51.998 0.0000000000
56123  43.369  -31.388  51.825 0.0000000000
56124  42.813  -31.794  51.583 0.0000000000
56141  42.725  -31.695  50.677 0.0000000000
56142  41.946  -31.651  50.394 0.0000000000
56145  39.247  -32.066  49.811 0.0000000000
56153  41.968  -31.515  49.731 0.0000000000
56154  39.511  -31.620  49.309 0.0000000000
56156  38.600  -32.126  48.702 0.0000000000
56160  43.126  -31.272  49.315 0.0000000000
56162  41.975  -31.636  49.237 0.0000000000
56173  37.874  -32.235  47.315 0.0000000000
56195  37.317  -31.903  45.308 0.0000000000
56197  36.142  -32.347  44.994 0.0000000000
56209  36.902  -31.792  44.701 0.0000000000
57272  42.650  -31.883  53.063 0.0000000000
57283  42.897  -31.681  52.744 0.0000000000
57297  41.321  -31.774  50.682 0.0000000000
57298  40.917  -31.716  50.474 0.0000000000
57317  40.877  -31.586  49.933 0.0000000000
57325  44.381  -30.222  50.404 0.0000000000
57326  44.073  -30.385  49.941 0.0000000000
57328  40.900  -31.389  49.227 0.0000000000
57329  40.103  -31.223  49.159 0.0000000000
57338  41.948  -31.500  48.581 0.0000000000
57352  39.971  -31.238  47.421 0.0000000000
57366  41.543  -30.862  46.671 0.0000000000
57370  38.354  -31.619  45.884 0.0000000000
57378  42.120  -30.536  46.051 0.0000000000
58412  44.025  -29.018  50.084 0.0000000000
58427  44.051  -29.549  49.608 0.0000000000
58446  43.653  -29.450  47.797 0.0000000000
58447  43.326  -29.947  47.517 0.0000000000
58459  43.466  -29.411  47.264 0.0000000000
58460  43.058  -29.748  46.929 0.0000000000
58475  40.616  -30.450  44.951 0.0000000000
58498  41.823  -29.576  43.915 0.0000000000
59550  44.300  -28.519  50.329 0.0000000000
59585  43.469  -28.316  46.944 0.0000000000
59613  42.719  -28.857  44.703 0.0000000000
59623  41.886  -28.833  43.352 0.0000000000
60671  44.240  -27.017  52.536 0.0000000000
60692  44.423  -28.022  50.669 0.0000000000
60708  43.123  -26.907  48.486 0.0000000000
60725  43.499  -28.153  47.198 0.0000000000
60735  43.105  -27.853  45.852 0.0000000000
61846  44.122  -26.323  53.013 0.0000000000
61865  44.377  -26.993  51.874 0.0000000000
61866  43.949  -26.576  51.327 0.0000000000
61885  43.155  -26.433  48.996 0.0000000000
61906  42.877  -26.368  47.099 0.0000000000
63096  43.162  -25.351  51.054 0.0000000000
63147  42.925  -25.567  47.691 0.0000000000
63179  41.968  -25.999  44.742 0.0000000000
63198  40.879  -25.246  43.272 0.0000000000
64383  44.019  -24.824  52.186 0.0000000000
64384  43.773  -24.474  51.659 0.0000000000
64456  42.707  -24.155  48.057 0.0000000000
64478  42.967  -25.061  48.029 0.0000000000
64494  41.436  -23.815  45.897 0.0000000000
64510  41.797  -24.701  45.516 0.0000000000
64529  40.713  -24.322  44.047 0.0000000000
64547  40.585  -24.585  43.420 0.0000000000
65710  43.648  -24.202  51.454 0.0000000000
65728  43.594  -23.688  50.527 0.0000000000
65836  40.521  -23.597  44.011 0.0000000000
65837  40.110  -23.310  43.532 0.0000000000
65838  39.620  -23.101  43.019 0.0000000000
65854  39.103  -23.313  42.546 0.0000000000
66908  43.467  -23.459  49.380 0.0000000000
66923  47.279  -22.448  48.691 0.0000000000
66924  47.083  -22.509  48.823 0.0000000000
66926  42.600  -23.185  47.268 0.0000000000
66938  45.015  -23.107  47.028 0.0000000000
66952  40.965  -22.705  45.240 0.0000000000
66958  45.698  -22.958  45.603 0.0000000000
66961  40.610  -22.582  44.452 0.0000000000
66969  39.752  -22.672  43.286 0.0000000000
66981  41.498  -22.143  42.719 0.0000000000
66982  38.613  -22.872  42.424 0.0000000000
66992  41.715  -22.158  42.495 0.0000000000
67049  46.357  -22.059  39.790 0.0000000000
67075  46.330  -22.143  39.400 0.0000000000
67112  42.356  -22.560  36.851 0.0000000000
68096  44.349  -23.254  48.940 0.0000000000
68132  48.080  -21.951  47.836 0.0000000000
68136  44.501  -22.864  47.515 0.0000000000
68166  48.707  -21.419  45.925 0.0000000000
68167  48.509  -21.404  46.079 0.0000000000
68171  44.284  -22.998  45.770 0.0000000000
68205  42.226  -22.208  43.711 0.0000000000
68209  38.908  -22.576  42.565 0.0000000000
68210  38.238  -22.772  42.317 0.0000000000
68221  41.746  -22.032  41.791 0.0000000000
68264  41.716  -22.584  40.914 0.0000000000
68292  46.381  -22.037  40.172 0.0000000000
68326  47.618  -21.260  37.851 0.0000000000
69466  51.702  -20.620  47.933 0.0000000000
69489  49.083  -21.421  46.523 0.0000000000
69500  53.136  -20.487  45.202 0.0000000000
69501  52.810  -20.519  45.167 0.0000000000
69515  52.923  -20.515  44.963 0.0000000000
69577  52.679  -20.471  40.043 0.0000000000
69581  49.143  -21.478  40.952 0.0000000000
69593  52.899  -20.095  39.506 0.0000000000
69605  51.831  -20.052  38.787 0.0000000000
69632  45.411  -20.435  36.111 0.0000000000
70710  51.208  -20.642  47.843 0.0000000000
70854  52.541  -19.526  38.998 0.0000000000
70867  52.185  -19.064  38.703 0.0000000000
70868  51.720  -19.490  38.622 0.0000000000
70910  46.182  -19.338  35.908 0.0000000000
71979  54.371  -18.702  40.384 0.0000000000
72007  52.537  -18.587  38.799 0.0000000000
72011  49.454  -19.256  37.500 0.0000000000
73040  56.374  -17.584  44.429 0.0000000000
73099  55.394  -17.873  41.193 0.0000000000
73124  53.017  -17.816  38.869 0.0000000000
73153  47.858  -18.256  36.389 0.0000000000
74224  60.125  -15.403  42.797 0.0000000000
74266  53.110  -16.261  38.270 0.0000000000
74286  49.826  -16.712  36.510 0.0000000000
74305  48.824  -16.811  36.020 0.0000000000
75389  55.795  -15.574  40.441 0.0000000000
75400  54.092  -16.056  38.923 0.0000000000
75422  51.952  -15.833  36.968 0.0000000000
75423  51.192  -15.850  36.529 0.0000000000
75424  50.508  -16.122  36.403 0.0000000000
75452  48.627  -15.564  35.242 0.0000000000
76530  59.948  -14.676  42.899 0.0000000000
76563  56.383  -14.554  40.329 0.0000000000
76607  52.796  -15.019  36.908 0.0000000000
76608  51.712  -15.023  36.446 0.0000000000
76623  49.005  -15.302  35.287 0.0000000000
77707  59.866  -14.446  42.890 0.0000000000
77716  59.642  -14.126  42.489 0.0000000000
77717  59.276  -13.928  42.539 0.0000000000
77729  58.290  -13.538  41.489 0.0000000000
77746  56.314  -13.610  39.722 0.0000000000
77747  55.789  -13.720  39.291 0.0000000000
77778  53.108  -14.068  36.969 0.0000000000
77808  51.792  -14.146  36.108 0.0000000000
77811  48.843  -13.953  34.669 0.0000000000
78873  54.597  -12.770  37.849 0.0000000000
78928  46.998  -12.496  33.786 0.0000000000
78929  46.772  -12.459  33.794 0.0000000000
79983  57.354  -11.228  39.121 0.0000000000
81148  58.346  -10.078  39.308 0.0000000000
81160  57.385  -10.343  38.508 0.0000000000
81161  56.786  -10.500  38.135 0.0000000000
81174  55.862  -10.684  37.522 0.0000000000
82409  60.361  -9.609  39.585 0.0000000000
82425  57.678  -9.619  38.317 0.0000000000
82440  55.820  -10.102  37.046 0.0000000000
82468  56.168  -8.959  35.432 0.0000000000
83740  58.334  -8.775  38.398 0.0000000000
83762  57.620  -8.392  36.781 0.0000000000
83798  54.387  -8.337  33.634 0.0000000000
83827  54.978  -8.045  30.764 0.0000000000
83833  54.990  -7.951  30.442 0.0000000000
83834  54.788  -7.962  30.502 0.0000000000
85024  56.485  -7.626  34.472 0.0000000000
85075  60.177  -6.926  30.269 0.0000000000
85119  61.975  -7.054  26.557 0.0000000000
86250  58.680  -7.140  36.093 0.0000000000
86276  57.619  -6.518  34.800 0.0000000000
86277  56.738  -6.578  34.232 0.0000000000
86284  55.546  -6.607  33.508 0.0000000000
86305  60.216  -6.222  31.091 0.0000000000
86325  59.483  -6.778  30.794 0.0000000000
86328  51.443  -6.356  30.361 0.0000000000
87500  59.136  -6.204  35.483 0.0000000000
87524  55.146  -6.255  33.072 0.0000000000
87525  54.410  -6.351  32.941 0.0000000000
87539  54.356  -6.166  32.734 0.0000000000
87598  57.729  -5.523  26.700 0.0000000000
87616  58.836  -5.606  25.872 0.0000000000
88662  57.116  -4.988  33.215 0.0000000000
88672  57.449  -4.908  32.811 0.0000000000
88673  56.817  -5.177  32.891 0.0000000000
