#!ascii label  , from subject S5_08 vox2ras=TkReg
896
27162  25.272  -54.711  57.293 0.0000000000
68077  46.055  -23.016  50.333 0.0000000000
66886  53.930  -22.795  50.342 0.0000000000
54943  44.380  -32.541  54.505 0.0000000000
38885  32.757  -46.181  54.674 0.0000000000
25832  28.002  -55.306  54.100 0.0000000000
68043  49.875  -22.065  52.546 0.0000000000
64327  47.553  -24.826  54.722 0.0000000000
50552  41.783  -36.395  55.452 0.0000000000
41577  35.929  -43.524  56.746 0.0000000000
70795  58.699  -18.802  44.514 0.0000000000
71843  56.020  -18.972  47.969 0.0000000000
57256  44.300  -30.212  54.040 0.0000000000
61807  45.485  -27.057  55.633 0.0000000000
31203  28.628  -51.236  57.779 0.0000000000
27195  26.361  -55.307  55.417 0.0000000000
68058  48.129  -22.495  51.343 0.0000000000
68004  48.545  -22.823  53.928 0.0000000000
66824  46.800  -23.778  54.249 0.0000000000
42928  42.738  -41.867  53.118 0.0000000000
33799  32.270  -49.068  56.902 0.0000000000
40227  34.209  -45.150  55.938 0.0000000000
36331  34.213  -47.638  56.563 0.0000000000
73019  59.367  -17.143  45.001 0.0000000000
68181  56.809  -21.372  44.920 0.0000000000
70749  58.030  -18.738  46.405 0.0000000000
70665  52.758  -20.707  49.992 0.0000000000
70726  53.998  -19.866  47.932 0.0000000000
69415  55.002  -20.491  49.417 0.0000000000
65766  56.176  -23.134  48.050 0.0000000000
64449  54.635  -23.886  48.010 0.0000000000
52734  43.119  -34.780  55.085 0.0000000000
54946  41.500  -33.343  54.334 0.0000000000
56023  43.492  -31.783  55.204 0.0000000000
59482  44.714  -28.538  54.795 0.0000000000
56021  45.429  -31.121  55.326 0.0000000000
58309  47.074  -28.964  55.402 0.0000000000
54961  46.065  -31.897  53.818 0.0000000000
32513  30.118  -50.343  57.667 0.0000000000
69418  50.810  -20.823  49.178 0.0000000000
69317  52.003  -21.967  51.645 0.0000000000
64365  50.822  -23.376  52.974 0.0000000000
64368  48.757  -24.532  53.209 0.0000000000
45625  39.014  -41.864  55.852 0.0000000000
45622  41.826  -40.117  55.363 0.0000000000
48202  43.699  -38.183  55.070 0.0000000000
50597  44.658  -37.303  53.461 0.0000000000
51725  44.860  -35.495  51.728 0.0000000000
46955  37.627  -41.365  54.969 0.0000000000
40208  38.463  -43.709  56.042 0.0000000000
70809  56.831  -19.813  42.734 0.0000000000
71881  56.926  -18.234  46.293 0.0000000000
69464  57.332  -20.359  47.408 0.0000000000
64522  55.708  -24.542  44.366 0.0000000000
65666  45.240  -24.322  54.027 0.0000000000
63029  46.885  -26.082  55.431 0.0000000000
60654  47.662  -27.816  54.213 0.0000000000
25809  25.066  -55.828  56.037 0.0000000000
27178  26.204  -54.783  56.345 0.0000000000
24460  25.905  -56.469  54.682 0.0000000000
68076  47.090  -22.857  50.342 0.0000000000
68033  47.657  -22.803  52.773 0.0000000000
66861  46.122  -23.339  52.179 0.0000000000
35090  33.526  -48.219  56.803 0.0000000000
74182  58.070  -16.894  45.204 0.0000000000
73002  58.614  -17.748  45.779 0.0000000000
73003  58.332  -17.740  45.847 0.0000000000
69359  53.759  -21.305  50.576 0.0000000000
70663  54.274  -20.384  49.708 0.0000000000
68073  54.700  -21.505  49.701 0.0000000000
66903  55.090  -22.727  49.329 0.0000000000
52753  43.048  -34.656  54.783 0.0000000000
53833  42.785  -34.075  54.997 0.0000000000
54944  43.962  -32.602  54.763 0.0000000000
56022  44.513  -31.441  55.205 0.0000000000
54923  44.552  -31.951  54.914 0.0000000000
54921  45.832  -31.441  55.159 0.0000000000
54962  45.038  -32.570  53.583 0.0000000000
31219  29.319  -51.172  57.733 0.0000000000
27175  28.881  -53.440  55.945 0.0000000000
29940  29.931  -52.497  55.874 0.0000000000
69365  49.647  -21.729  50.621 0.0000000000
69420  49.301  -21.055  48.962 0.0000000000
69364  50.283  -21.443  50.751 0.0000000000
69362  51.445  -21.349  51.087 0.0000000000
69319  50.937  -22.113  52.070 0.0000000000
66849  51.254  -22.684  52.699 0.0000000000
68014  50.125  -22.212  53.585 0.0000000000
66809  48.124  -23.326  54.351 0.0000000000
65648  49.078  -23.339  53.923 0.0000000000
64339  48.199  -24.288  54.132 0.0000000000
63067  47.746  -25.567  52.653 0.0000000000
63052  47.770  -25.234  54.009 0.0000000000
42890  40.344  -42.457  55.394 0.0000000000
45623  41.198  -40.467  55.050 0.0000000000
42902  41.338  -42.008  55.019 0.0000000000
45670  43.416  -39.691  53.974 0.0000000000
49389  44.204  -37.944  54.167 0.0000000000
41608  35.145  -43.874  56.038 0.0000000000
42904  35.971  -42.514  55.995 0.0000000000
44232  37.003  -42.140  56.066 0.0000000000
44216  37.770  -42.364  56.469 0.0000000000
41562  37.222  -43.698  56.703 0.0000000000
74196  59.436  -16.641  44.283 0.0000000000
71923  58.439  -18.723  43.462 0.0000000000
66957  56.699  -22.510  45.315 0.0000000000
71861  55.060  -18.921  48.005 0.0000000000
70770  54.649  -19.557  46.181 0.0000000000
70751  55.427  -18.955  46.997 0.0000000000
71900  55.971  -18.429  45.920 0.0000000000
71859  56.431  -18.677  47.291 0.0000000000
71842  56.843  -19.061  47.576 0.0000000000
69440  56.812  -20.443  48.004 0.0000000000
64487  55.403  -23.674  46.573 0.0000000000
64485  56.057  -23.839  45.907 0.0000000000
49377  41.877  -37.577  55.326 0.0000000000
51682  40.997  -35.543  55.015 0.0000000000
57237  42.672  -31.937  54.203 0.0000000000
56094  41.300  -32.175  53.293 0.0000000000
60616  45.185  -27.605  55.643 0.0000000000
61835  44.274  -26.340  53.713 0.0000000000
63054  44.736  -25.680  54.343 0.0000000000
64355  44.365  -24.956  53.933 0.0000000000
63042  45.120  -25.597  54.879 0.0000000000
64340  45.833  -24.983  55.012 0.0000000000
61790  46.274  -27.289  55.786 0.0000000000
57254  47.625  -30.374  53.846 0.0000000000
59481  47.470  -28.273  55.347 0.0000000000
58360  47.890  -29.817  53.030 0.0000000000
59517  47.760  -29.201  52.777 0.0000000000
28567  27.463  -53.754  57.149 0.0000000000
25833  27.347  -55.875  54.303 0.0000000000
23202  27.023  -57.083  52.621 0.0000000000
24473  26.336  -56.736  54.091 0.0000000000
68057  48.976  -22.173  51.423 0.0000000000
68031  49.048  -22.056  53.301 0.0000000000
68032  48.343  -22.452  53.027 0.0000000000
66835  47.707  -23.031  54.197 0.0000000000
66811  47.364  -23.812  54.382 0.0000000000
38833  32.452  -46.655  56.867 0.0000000000
40228  33.452  -45.609  55.817 0.0000000000
38847  33.466  -45.970  56.771 0.0000000000
143333  34.309  -46.044  57.045 0.0000000000
143337  35.056  -45.860  56.932 0.0000000000
38846  36.484  -45.194  56.271 0.0000000000
36345  35.012  -47.478  55.444 0.0000000000
71897  59.347  -17.489  45.005 0.0000000000
70782  58.086  -19.500  44.851 0.0000000000
70781  58.757  -18.827  45.269 0.0000000000
70768  57.982  -19.352  45.726 0.0000000000
68165  57.001  -21.381  45.941 0.0000000000
69442  52.327  -20.584  48.485 0.0000000000
70708  53.173  -20.376  48.521 0.0000000000
71827  54.432  -19.522  48.733 0.0000000000
70683  55.788  -20.184  48.781 0.0000000000
68110  56.420  -21.195  48.042 0.0000000000
68111  55.833  -21.547  48.503 0.0000000000
65767  55.433  -23.519  48.286 0.0000000000
52723  41.908  -35.646  55.497 0.0000000000
52754  41.176  -34.769  55.099 0.0000000000
53834  42.078  -34.120  55.178 0.0000000000
56024  42.567  -32.070  55.053 0.0000000000
57235  43.657  -30.667  54.870 0.0000000000
58332  44.557  -29.478  54.615 0.0000000000
58313  44.475  -29.817  55.112 0.0000000000
58312  45.162  -29.396  55.639 0.0000000000
58296  45.735  -28.854  55.988 0.0000000000
59451  46.276  -28.090  56.394 0.0000000000
57203  46.721  -30.102  55.338 0.0000000000
56042  46.974  -30.942  54.774 0.0000000000
55000  47.539  -31.860  52.440 0.0000000000
35093  29.708  -49.593  56.917 0.0000000000
36348  30.634  -48.599  56.529 0.0000000000
37568  31.750  -47.600  56.644 0.0000000000
32511  31.230  -50.047  57.377 0.0000000000
29956  30.666  -52.552  54.557 0.0000000000
69390  51.536  -20.748  49.847 0.0000000000
70633  52.189  -21.098  50.987 0.0000000000
68041  53.174  -21.948  51.299 0.0000000000
65678  52.117  -22.876  52.020 0.0000000000
64379  51.498  -23.251  52.248 0.0000000000
64395  49.946  -23.806  51.925 0.0000000000
66819  50.083  -22.775  53.868 0.0000000000
64366  49.996  -23.763  53.071 0.0000000000
45660  39.727  -41.025  55.130 0.0000000000
46952  41.188  -39.847  54.831 0.0000000000
46951  41.503  -39.541  55.136 0.0000000000
48192  42.271  -38.281  55.474 0.0000000000
44242  42.058  -41.067  54.519 0.0000000000
46938  42.844  -38.618  55.384 0.0000000000
49360  42.961  -37.109  55.351 0.0000000000
50567  43.226  -36.245  55.409 0.0000000000
51680  43.219  -35.651  54.860 0.0000000000
52769  43.656  -34.500  53.769 0.0000000000
52782  44.017  -34.632  53.225 0.0000000000
51726  44.448  -36.221  52.369 0.0000000000
45626  38.813  -41.609  55.815 0.0000000000
42892  38.891  -42.424  56.211 0.0000000000
40224  39.662  -43.527  55.295 0.0000000000
37582  37.546  -45.399  55.042 0.0000000000
37599  38.350  -45.351  54.614 0.0000000000
71957  57.822  -18.450  42.002 0.0000000000
73022  57.377  -17.558  45.559 0.0000000000
71857  57.872  -18.610  46.518 0.0000000000
70724  57.723  -19.194  47.036 0.0000000000
66947  56.687  -22.410  46.292 0.0000000000
68131  56.742  -21.288  47.585 0.0000000000
65796  56.449  -23.035  46.548 0.0000000000
64521  56.201  -24.531  44.381 0.0000000000
53865  40.929  -33.600  54.116 0.0000000000
66863  44.495  -23.826  51.680 0.0000000000
66862  45.166  -23.784  52.022 0.0000000000
65665  45.983  -24.095  54.050 0.0000000000
65638  46.554  -24.671  55.008 0.0000000000
64328  47.161  -25.037  55.140 0.0000000000
60614  47.014  -27.603  55.961 0.0000000000
61804  47.322  -26.933  55.443 0.0000000000
61832  47.536  -26.350  54.645 0.0000000000
60655  47.619  -27.326  53.536 0.0000000000
53880  45.333  -33.223  52.379 0.0000000000
55014  46.932  -32.829  51.441 0.0000000000
25794  24.727  -55.343  56.800 0.0000000000
27179  25.416  -55.273  56.441 0.0000000000
68060  46.492  -23.039  51.236 0.0000000000
68047  46.790  -22.815  51.887 0.0000000000
73021  58.133  -17.274  45.535 0.0000000000
73038  57.663  -17.044  45.230 0.0000000000
68055  53.778  -21.769  50.734 0.0000000000
69358  54.274  -21.430  50.272 0.0000000000
66870  54.131  -22.027  50.480 0.0000000000
66885  54.425  -22.263  49.959 0.0000000000
65725  54.490  -23.019  49.689 0.0000000000
53849  43.476  -33.352  54.659 0.0000000000
54922  45.360  -31.516  54.982 0.0000000000
27193  27.962  -54.392  55.523 0.0000000000
28565  28.720  -52.982  56.628 0.0000000000
27209  28.418  -54.548  54.627 0.0000000000
25843  27.681  -56.013  53.214 0.0000000000
69342  49.653  -21.863  51.358 0.0000000000
69341  50.100  -21.788  51.595 0.0000000000
69340  50.780  -21.833  51.730 0.0000000000
68042  50.371  -22.130  52.584 0.0000000000
68029  50.465  -22.239  52.886 0.0000000000
68030  49.819  -22.055  53.372 0.0000000000
65635  48.019  -23.877  54.307 0.0000000000
41606  40.597  -42.752  55.048 0.0000000000
42903  40.982  -42.032  55.267 0.0000000000
41605  41.300  -42.698  54.511 0.0000000000
42885  35.837  -43.263  56.665 0.0000000000
42905  35.524  -43.185  55.824 0.0000000000
42894  35.995  -42.873  56.598 0.0000000000
44248  36.604  -42.098  55.617 0.0000000000
44219  36.264  -42.837  56.696 0.0000000000
42883  36.548  -42.908  56.757 0.0000000000
41563  36.668  -43.642  56.753 0.0000000000
71909  59.539  -17.504  44.475 0.0000000000
73056  59.637  -16.904  44.100 0.0000000000
71921  59.594  -17.491  44.017 0.0000000000
71922  58.979  -18.154  43.736 0.0000000000
70796  58.008  -19.256  43.713 0.0000000000
71844  55.265  -19.068  48.196 0.0000000000
71883  55.410  -18.899  47.607 0.0000000000
71860  55.642  -18.855  47.698 0.0000000000
71882  55.782  -18.695  47.017 0.0000000000
70704  56.263  -19.690  48.335 0.0000000000
65830  54.929  -23.880  44.658 0.0000000000
65814  55.295  -23.728  45.455 0.0000000000
50568  41.927  -36.900  55.389 0.0000000000
50569  41.661  -36.590  55.277 0.0000000000
51664  41.410  -35.742  55.415 0.0000000000
57257  43.852  -30.468  54.284 0.0000000000
57270  43.659  -30.789  53.457 0.0000000000
61820  44.950  -26.577  55.132 0.0000000000
61819  45.533  -26.256  55.323 0.0000000000
63031  46.059  -25.900  55.327 0.0000000000
61806  45.905  -27.091  55.625 0.0000000000
57267  48.009  -30.857  52.615 0.0000000000
58347  47.771  -29.638  53.959 0.0000000000
57280  47.890  -30.704  52.473 0.0000000000
27160  26.995  -53.917  57.372 0.0000000000
28557  27.187  -53.644  57.643 0.0000000000
27177  27.292  -54.073  56.722 0.0000000000
27194  27.027  -54.814  55.532 0.0000000000
25821  26.836  -55.552  54.849 0.0000000000
25834  26.631  -56.268  54.487 0.0000000000
68075  48.004  -22.486  50.365 0.0000000000
68092  47.746  -22.445  49.356 0.0000000000
68074  48.913  -22.161  50.462 0.0000000000
68045  48.236  -22.428  52.204 0.0000000000
66850  47.133  -23.301  53.388 0.0000000000
68018  47.789  -22.961  53.453 0.0000000000
66836  47.046  -22.889  54.046 0.0000000000
66822  47.878  -23.215  54.282 0.0000000000
66823  46.994  -23.693  54.332 0.0000000000
37532  32.358  -47.646  57.116 0.0000000000
38832  32.880  -46.424  57.025 0.0000000000
36292  32.783  -48.204  57.129 0.0000000000
35089  33.766  -48.293  56.355 0.0000000000
37547  34.007  -46.991  57.264 0.0000000000
37566  34.111  -47.378  57.060 0.0000000000
143332  34.673  -45.667  57.098 0.0000000000
37565  34.733  -46.570  56.812 0.0000000000
36330  34.811  -47.146  56.180 0.0000000000
74181  58.587  -16.874  45.119 0.0000000000
74180  59.298  -16.877  44.943 0.0000000000
73037  59.640  -17.012  44.770 0.0000000000
71898  59.026  -18.128  45.491 0.0000000000
71879  58.434  -18.106  45.994 0.0000000000
70767  58.425  -18.687  45.882 0.0000000000
70750  57.938  -19.166  46.325 0.0000000000
70687  52.806  -20.548  49.274 0.0000000000
70662  54.630  -20.499  49.580 0.0000000000
70685  54.285  -19.876  48.892 0.0000000000
70684  55.183  -19.978  49.104 0.0000000000
71826  54.868  -19.434  48.708 0.0000000000
69414  55.446  -20.734  49.187 0.0000000000
65748  55.058  -23.282  49.065 0.0000000000
65747  55.684  -23.019  48.769 0.0000000000
64472  54.995  -23.800  47.170 0.0000000000
64473  54.019  -23.532  47.173 0.0000000000
52722  42.534  -35.524  55.359 0.0000000000
52735  41.949  -35.047  55.436 0.0000000000
53825  42.420  -34.755  55.240 0.0000000000
54925  42.722  -32.975  54.805 0.0000000000
57208  42.895  -31.542  55.023 0.0000000000
57207  43.509  -31.016  55.092 0.0000000000
58314  43.944  -30.446  55.039 0.0000000000
57206  44.432  -30.631  55.291 0.0000000000
57205  45.391  -30.249  55.544 0.0000000000
57181  45.624  -29.434  55.736 0.0000000000
57180  45.955  -29.372  55.778 0.0000000000
58311  46.289  -29.098  55.714 0.0000000000
57204  46.180  -30.090  55.579 0.0000000000
56070  46.121  -31.492  54.652 0.0000000000
56043  46.313  -31.252  55.076 0.0000000000
56069  46.665  -31.392  54.101 0.0000000000
56068  47.402  -30.967  53.912 0.0000000000
54981  46.900  -31.970  53.197 0.0000000000
32514  28.499  -50.720  57.487 0.0000000000
35101  29.412  -49.455  56.176 0.0000000000
33804  29.064  -50.335  57.382 0.0000000000
31201  30.021  -50.997  57.679 0.0000000000
35083  30.246  -49.345  57.160 0.0000000000
35091  30.725  -48.930  57.014 0.0000000000
37586  31.510  -47.667  56.273 0.0000000000
36317  31.245  -48.378  56.668 0.0000000000
37550  31.726  -47.775  56.736 0.0000000000
31217  30.634  -50.606  57.365 0.0000000000
69419  49.958  -20.902  49.054 0.0000000000
69444  50.633  -20.731  48.224 0.0000000000
69339  51.594  -21.595  51.417 0.0000000000
70634  51.975  -21.107  51.017 0.0000000000
69338  52.299  -21.425  51.291 0.0000000000
69337  52.997  -21.523  51.294 0.0000000000
69316  52.578  -21.811  51.548 0.0000000000
66859  52.617  -22.503  51.540 0.0000000000
68026  52.321  -22.270  51.637 0.0000000000
65680  51.251  -23.108  52.889 0.0000000000
65679  51.658  -22.991  52.423 0.0000000000
64364  51.353  -23.175  52.693 0.0000000000
64380  50.564  -23.596  52.240 0.0000000000
68016  48.784  -21.937  53.937 0.0000000000
68002  49.798  -22.383  53.890 0.0000000000
66820  49.302  -22.751  53.805 0.0000000000
64352  49.309  -23.888  53.800 0.0000000000
64367  49.275  -24.302  53.085 0.0000000000
64382  49.442  -24.357  52.610 0.0000000000
63078  49.102  -24.584  52.486 0.0000000000
44245  40.098  -41.060  55.576 0.0000000000
45643  40.128  -40.879  54.975 0.0000000000
46940  41.880  -39.364  55.400 0.0000000000
48204  41.903  -38.469  55.391 0.0000000000
42911  42.245  -41.994  54.327 0.0000000000
44259  42.573  -41.051  54.051 0.0000000000
46960  43.442  -39.036  54.555 0.0000000000
46961  43.172  -39.354  54.745 0.0000000000
48203  43.317  -38.395  55.208 0.0000000000
48191  42.706  -38.055  55.455 0.0000000000
49359  43.209  -37.333  55.251 0.0000000000
50548  43.139  -36.797  55.219 0.0000000000
49376  43.414  -37.316  55.075 0.0000000000
49397  44.373  -37.631  53.900 0.0000000000
50584  43.519  -36.513  54.651 0.0000000000
50598  44.159  -36.750  53.844 0.0000000000
51698  43.602  -35.592  53.997 0.0000000000
51714  43.936  -35.935  53.018 0.0000000000
50610  44.484  -36.831  53.072 0.0000000000
40244  34.062  -45.154  55.072 0.0000000000
41628  34.603  -44.462  55.385 0.0000000000
46966  37.050  -41.214  54.597 0.0000000000
48214  37.281  -40.853  54.120 0.0000000000
46954  38.272  -41.291  54.964 0.0000000000
45645  38.773  -41.416  55.337 0.0000000000
45627  38.177  -41.677  55.890 0.0000000000
42881  38.087  -42.719  56.502 0.0000000000
42893  38.382  -42.224  56.385 0.0000000000
41573  38.684  -42.833  56.151 0.0000000000
41589  39.163  -42.836  55.823 0.0000000000
40207  39.043  -43.331  55.714 0.0000000000
38866  37.015  -45.278  55.709 0.0000000000
37598  39.368  -45.135  54.352 0.0000000000
70808  57.438  -19.209  42.611 0.0000000000
70820  57.256  -18.965  41.955 0.0000000000
69541  55.895  -20.952  42.158 0.0000000000
70754  52.812  -20.384  46.657 0.0000000000
70753  53.841  -19.918  46.924 0.0000000000
71899  56.594  -17.865  45.381 0.0000000000
71880  57.807  -18.158  46.249 0.0000000000
71858  57.304  -18.580  46.883 0.0000000000
68150  56.930  -21.315  46.855 0.0000000000
66921  56.379  -22.206  47.921 0.0000000000
65765  56.378  -22.893  47.532 0.0000000000
65797  56.179  -23.457  46.435 0.0000000000
64502  56.105  -23.974  45.228 0.0000000000
65811  56.459  -23.422  45.697 0.0000000000
63175  55.957  -24.869  44.061 0.0000000000
54927  41.410  -33.575  54.720 0.0000000000
53851  40.976  -33.727  54.415 0.0000000000
54947  41.093  -33.494  54.230 0.0000000000
63068  44.068  -25.539  53.136 0.0000000000
65682  44.518  -24.614  53.420 0.0000000000
65696  44.166  -24.249  52.069 0.0000000000
65681  44.881  -24.264  52.812 0.0000000000
66852  45.610  -23.921  53.032 0.0000000000
63030  46.530  -25.935  55.383 0.0000000000
64329  46.739  -25.121  55.228 0.0000000000
58293  46.875  -28.380  55.860 0.0000000000
59450  46.792  -27.977  56.261 0.0000000000
59449  47.071  -28.064  56.064 0.0000000000
59490  47.701  -28.552  54.574 0.0000000000
60628  47.441  -27.464  55.588 0.0000000000
60640  47.543  -27.451  54.956 0.0000000000
61818  47.425  -26.615  55.237 0.0000000000
60641  47.700  -27.051  54.297 0.0000000000
59518  47.518  -28.464  52.284 0.0000000000
52798  44.506  -34.925  52.336 0.0000000000
53881  44.820  -33.493  52.684 0.0000000000
53901  45.003  -34.134  52.153 0.0000000000
27161  26.437  -54.055  57.632 0.0000000000
25822  26.163  -55.969  55.064 0.0000000000
25808  25.728  -55.538  55.693 0.0000000000
25823  25.473  -56.233  55.337 0.0000000000
68059  47.326  -22.808  51.269 0.0000000000
68046  47.446  -22.659  52.030 0.0000000000
66860  46.949  -23.134  52.535 0.0000000000
31237  32.062  -50.439  55.948 0.0000000000
33811  32.837  -49.005  56.694 0.0000000000
31258  32.248  -50.627  55.263 0.0000000000
32536  32.739  -49.862  55.733 0.0000000000
73020  58.870  -17.448  45.441 0.0000000000
70646  53.157  -20.856  50.613 0.0000000000
70664  53.529  -20.500  49.974 0.0000000000
69388  54.120  -20.753  50.224 0.0000000000
69387  54.728  -21.131  49.982 0.0000000000
68072  55.014  -21.316  49.484 0.0000000000
68089  55.242  -21.472  49.244 0.0000000000
68090  54.908  -22.033  49.319 0.0000000000
52733  43.239  -35.184  55.131 0.0000000000
53832  43.052  -34.137  54.854 0.0000000000
54924  43.548  -32.746  54.844 0.0000000000
56020  46.177  -31.019  55.338 0.0000000000
54942  45.572  -31.657  54.710 0.0000000000
31220  28.917  -51.286  57.806 0.0000000000
28555  28.588  -52.616  57.204 0.0000000000
29900  29.083  -52.255  57.198 0.0000000000
29921  29.598  -52.427  56.409 0.0000000000
29899  30.032  -51.661  56.949 0.0000000000
28574  29.562  -53.010  55.615 0.0000000000
68091  48.831  -21.948  49.313 0.0000000000
69393  49.551  -21.522  49.663 0.0000000000
69392  50.229  -21.194  49.893 0.0000000000
69391  51.127  -20.889  50.102 0.0000000000
69363  51.019  -21.340  50.899 0.0000000000
69318  51.352  -22.029  51.806 0.0000000000
68027  51.760  -22.290  51.852 0.0000000000
68028  51.156  -22.276  52.277 0.0000000000
68013  50.601  -22.430  53.082 0.0000000000
66833  50.684  -22.655  53.186 0.0000000000
66821  48.510  -23.190  54.127 0.0000000000
65649  48.622  -23.683  54.186 0.0000000000
64338  48.995  -23.845  54.083 0.0000000000
64353  48.573  -24.417  53.606 0.0000000000
63066  48.241  -24.824  53.062 0.0000000000
63053  47.672  -25.607  53.368 0.0000000000
44228  39.585  -42.012  55.932 0.0000000000
45624  40.242  -41.200  55.168 0.0000000000
44227  40.705  -41.995  55.220 0.0000000000
44244  41.149  -41.546  55.165 0.0000000000
44243  41.460  -41.331  54.886 0.0000000000
44274  42.868  -41.091  53.556 0.0000000000
46972  44.076  -38.852  53.743 0.0000000000
48210  44.060  -38.228  54.347 0.0000000000
48220  44.313  -38.116  53.823 0.0000000000
48219  44.607  -38.050  53.543 0.0000000000
41609  34.806  -44.497  56.103 0.0000000000
41627  35.051  -43.799  55.617 0.0000000000
44275  36.186  -42.122  54.378 0.0000000000
45672  36.226  -41.374  54.512 0.0000000000
45648  36.797  -41.810  55.241 0.0000000000
45647  37.199  -41.678  55.366 0.0000000000
45628  37.603  -41.784  55.846 0.0000000000
44217  37.110  -42.499  56.531 0.0000000000
42882  37.160  -42.934  56.728 0.0000000000
40195  38.089  -43.929  56.216 0.0000000000
73057  59.530  -17.331  43.647 0.0000000000
71938  58.272  -18.703  42.982 0.0000000000
70725  54.643  -19.369  48.272 0.0000000000
70752  54.987  -19.226  47.337 0.0000000000
70769  55.427  -19.007  46.515 0.0000000000
70703  57.117  -19.698  47.755 0.0000000000
65785  55.836  -23.487  47.529 0.0000000000
65784  56.147  -23.239  47.241 0.0000000000
64486  55.861  -23.678  46.338 0.0000000000
65813  55.719  -23.972  44.957 0.0000000000
49378  41.728  -37.649  55.095 0.0000000000
56046  42.343  -32.591  54.431 0.0000000000
56072  41.743  -32.945  53.850 0.0000000000
56071  42.237  -32.558  53.789 0.0000000000
57259  42.672  -31.930  53.644 0.0000000000
59468  44.957  -28.519  55.461 0.0000000000
60642  44.477  -27.414  54.164 0.0000000000
60629  44.690  -27.497  55.061 0.0000000000
61834  44.605  -26.489  54.374 0.0000000000
63055  44.263  -25.574  53.842 0.0000000000
64369  44.105  -24.862  53.216 0.0000000000
64354  44.851  -24.976  54.307 0.0000000000
64341  45.354  -24.962  54.688 0.0000000000
65652  45.643  -24.620  54.609 0.0000000000
63041  45.541  -25.471  55.080 0.0000000000
63017  46.611  -26.770  55.594 0.0000000000
57233  47.467  -29.997  54.589 0.0000000000
58331  47.626  -29.257  54.954 0.0000000000
59501  47.761  -28.615  53.465 0.0000000000
31204  27.863  -51.561  57.827 0.0000000000
29876  27.521  -52.327  58.129 0.0000000000
28545  27.781  -52.492  57.995 0.0000000000
28566  27.841  -53.523  56.998 0.0000000000
27210  27.587  -55.048  54.746 0.0000000000
24484  27.425  -56.470  53.204 0.0000000000
23193  26.739  -57.000  53.467 0.0000000000
68044  49.158  -22.129  52.273 0.0000000000
68017  48.287  -22.753  53.783 0.0000000000
66810  48.041  -23.714  54.498 0.0000000000
65636  47.407  -24.264  54.551 0.0000000000
41626  41.475  -42.912  54.114 0.0000000000
38870  32.365  -46.657  56.142 0.0000000000
40245  33.320  -45.631  54.884 0.0000000000
38848  32.908  -46.233  56.493 0.0000000000
40210  33.664  -45.657  56.414 0.0000000000
36315  33.519  -47.758  57.121 0.0000000000
143334  33.651  -46.165  57.100 0.0000000000
40209  34.450  -45.281  56.722 0.0000000000
41592  34.939  -44.440  56.344 0.0000000000
143336  35.507  -44.386  56.782 0.0000000000
38820  36.055  -44.337  56.812 0.0000000000
38831  36.370  -44.731  56.703 0.0000000000
38868  35.595  -45.613  56.476 0.0000000000
37584  35.648  -46.487  55.723 0.0000000000
36359  35.450  -47.633  54.555 0.0000000000
71910  59.271  -18.207  44.810 0.0000000000
69499  57.410  -20.322  45.419 0.0000000000
70727  52.906  -20.396  47.698 0.0000000000
70686  53.831  -20.269  49.085 0.0000000000
71828  54.336  -19.751  48.762 0.0000000000
70706  54.353  -19.261  48.636 0.0000000000
71845  54.634  -19.376  48.487 0.0000000000
70705  55.522  -19.355  48.440 0.0000000000
69441  56.151  -20.580  48.492 0.0000000000
66922  55.894  -22.498  48.329 0.0000000000
66902  55.428  -22.243  48.850 0.0000000000
64471  55.576  -23.555  47.013 0.0000000000
65786  54.978  -23.712  46.659 0.0000000000
51646  41.835  -35.985  55.541 0.0000000000
52736  41.629  -35.050  55.364 0.0000000000
53835  41.461  -34.044  54.997 0.0000000000
54926  42.001  -33.259  54.570 0.0000000000
56025  42.398  -32.718  54.633 0.0000000000
56045  42.627  -31.794  54.921 0.0000000000
57236  43.012  -31.344  54.714 0.0000000000
58349  44.330  -30.007  54.497 0.0000000000
58333  44.121  -30.166  54.819 0.0000000000
59467  45.461  -28.347  55.971 0.0000000000
59452  45.882  -28.185  56.336 0.0000000000
60598  46.001  -27.693  56.239 0.0000000000
58295  46.115  -28.626  56.079 0.0000000000
58310  46.575  -29.170  55.576 0.0000000000
57234  47.041  -30.384  54.972 0.0000000000
57255  47.328  -30.516  54.459 0.0000000000
56067  47.773  -30.793  53.292 0.0000000000
38900  32.244  -46.608  54.328 0.0000000000
35084  29.903  -49.686  57.307 0.0000000000
37604  31.352  -47.627  55.544 0.0000000000
37603  31.865  -47.116  55.809 0.0000000000
38886  32.294  -46.660  55.266 0.0000000000
37567  32.145  -46.977  56.784 0.0000000000
36294  31.871  -48.250  56.977 0.0000000000
32523  31.553  -50.065  56.955 0.0000000000
29920  30.294  -52.073  56.129 0.0000000000
29898  30.752  -51.404  56.347 0.0000000000
29918  31.237  -51.373  55.697 0.0000000000
69417  51.811  -20.727  49.331 0.0000000000
70688  52.130  -20.696  49.567 0.0000000000
70649  51.438  -20.923  50.418 0.0000000000
70648  51.870  -20.966  50.692 0.0000000000
70647  52.586  -20.885  50.736 0.0000000000
69360  53.273  -21.069  50.813 0.0000000000
69336  53.397  -21.530  50.979 0.0000000000
68056  53.588  -22.122  50.989 0.0000000000
66887  53.465  -23.109  50.601 0.0000000000
66872  53.329  -22.614  51.055 0.0000000000
65693  52.602  -23.263  51.526 0.0000000000
65708  52.199  -23.211  51.508 0.0000000000
66848  51.820  -22.637  52.005 0.0000000000
65694  51.962  -23.046  51.933 0.0000000000
68015  49.850  -21.997  53.829 0.0000000000
65663  50.072  -23.102  53.488 0.0000000000
65664  49.575  -23.315  53.661 0.0000000000
64351  50.038  -23.481  53.364 0.0000000000
46962  40.649  -40.326  54.679 0.0000000000
45642  40.857  -40.396  54.936 0.0000000000
48205  41.704  -38.656  55.153 0.0000000000
49362  42.098  -37.480  55.445 0.0000000000
42901  41.792  -42.197  54.539 0.0000000000
45641  42.110  -40.397  55.123 0.0000000000
45658  43.016  -39.939  54.508 0.0000000000
45640  42.638  -40.088  54.973 0.0000000000
46939  42.437  -39.217  55.368 0.0000000000
49361  42.501  -37.284  55.393 0.0000000000
50551  42.152  -36.684  55.471 0.0000000000
50550  42.713  -36.606  55.394 0.0000000000
51644  42.938  -36.135  55.376 0.0000000000
51643  43.211  -36.131  55.426 0.0000000000
50566  43.192  -36.527  55.199 0.0000000000
51662  43.323  -36.164  55.218 0.0000000000
51681  43.033  -35.422  55.165 0.0000000000
52752  43.292  -34.854  54.368 0.0000000000
53848  43.500  -33.824  54.295 0.0000000000
53864  44.084  -33.487  53.659 0.0000000000
50616  44.664  -36.873  52.606 0.0000000000
50615  44.816  -36.736  52.038 0.0000000000
40261  33.604  -44.878  54.019 0.0000000000
41661  34.877  -43.684  53.926 0.0000000000
45661  39.117  -41.118  54.869 0.0000000000
45644  39.509  -41.321  55.310 0.0000000000
44230  38.284  -41.900  56.269 0.0000000000
44229  38.910  -41.879  56.176 0.0000000000
42891  39.742  -42.381  55.727 0.0000000000
41588  39.911  -42.888  55.465 0.0000000000
40223  40.381  -43.443  54.800 0.0000000000
40197  36.804  -44.260  56.629 0.0000000000
38829  37.492  -44.100  56.421 0.0000000000
38844  37.794  -44.291  56.152 0.0000000000
37581  37.884  -45.129  54.909 0.0000000000
38864  38.668  -44.455  55.203 0.0000000000
38863  39.332  -44.239  55.010 0.0000000000
27163  24.410  -55.015  57.488 0.0000000000
71958  57.183  -18.707  41.545 0.0000000000
73004  57.764  -17.784  45.920 0.0000000000
70723  57.921  -18.850  46.696 0.0000000000
69487  57.537  -20.157  46.462 0.0000000000
65783  56.315  -23.062  46.997 0.0000000000
66936  56.433  -22.330  47.133 0.0000000000
63192  56.502  -25.509  43.531 0.0000000000
68078  45.318  -23.026  49.999 0.0000000000
52755  40.891  -34.450  54.693 0.0000000000
52770  40.611  -34.091  54.138 0.0000000000
66889  44.525  -23.181  50.247 0.0000000000
66888  45.215  -23.157  50.609 0.0000000000
66873  45.606  -23.264  51.269 0.0000000000
66851  46.386  -23.624  53.171 0.0000000000
66837  46.506  -23.646  53.982 0.0000000000
65651  46.254  -24.335  54.573 0.0000000000
65650  46.813  -24.076  54.462 0.0000000000
65637  46.903  -24.345  54.775 0.0000000000
60597  46.384  -27.646  56.128 0.0000000000
61789  46.565  -27.269  55.767 0.0000000000
63016  46.832  -26.840  55.642 0.0000000000
59465  47.385  -28.037  56.008 0.0000000000
60613  47.298  -27.430  55.725 0.0000000000
61805  47.023  -26.881  55.640 0.0000000000
63028  47.262  -25.988  55.194 0.0000000000
63040  47.508  -25.500  54.770 0.0000000000
61833  47.566  -26.310  53.881 0.0000000000
61845  47.552  -26.363  53.082 0.0000000000
59502  47.595  -27.893  52.980 0.0000000000
54983  45.105  -32.844  52.933 0.0000000000
54982  45.668  -32.705  52.657 0.0000000000
53911  45.809  -33.924  51.241 0.0000000000
55002  45.972  -32.933  51.970 0.0000000000
55001  46.639  -32.619  51.974 0.0000000000
55013  47.343  -32.442  51.530 0.0000000000
24471  27.655  -56.051  53.755 0.0000000000
24472  27.111  -56.559  53.956 0.0000000000
27192  28.847  -53.819  55.283 0.0000000000
28546  27.323  -52.959  58.241 0.0000000000
28556  28.018  -52.801  57.519 0.0000000000
28573  30.014  -52.845  55.319 0.0000000000
28593  30.288  -53.151  54.307 0.0000000000
29853  28.139  -51.674  57.879 0.0000000000
29854  27.738  -51.935  58.017 0.0000000000
29873  29.982  -51.310  57.416 0.0000000000
29874  29.482  -51.523  57.501 0.0000000000
29897  31.206  -51.286  55.972 0.0000000000
29919  30.926  -51.670  55.616 0.0000000000
31202  29.302  -50.905  57.779 0.0000000000
31216  31.089  -50.452  57.088 0.0000000000
31218  30.030  -50.896  57.634 0.0000000000
31238  31.379  -50.676  56.439 0.0000000000
31239  30.676  -51.010  56.819 0.0000000000
31240  30.290  -51.113  57.334 0.0000000000
31259  31.572  -51.088  55.611 0.0000000000
31260  31.281  -51.440  55.477 0.0000000000
32501  30.607  -50.036  57.710 0.0000000000
32502  29.890  -50.394  57.742 0.0000000000
32503  29.197  -50.574  57.637 0.0000000000
32504  28.554  -50.867  57.646 0.0000000000
32505  27.970  -51.254  57.685 0.0000000000
32510  31.832  -49.461  56.923 0.0000000000
32512  30.584  -50.269  57.572 0.0000000000
32522  32.178  -49.808  56.474 0.0000000000
33789  32.140  -48.953  57.068 0.0000000000
33790  31.829  -49.075  57.136 0.0000000000
33791  31.221  -49.454  57.381 0.0000000000
33792  30.567  -49.910  57.720 0.0000000000
33793  29.751  -50.149  57.547 0.0000000000
33794  29.018  -50.138  57.574 0.0000000000
33800  31.518  -49.460  57.206 0.0000000000
33801  31.048  -49.860  57.533 0.0000000000
33802  30.173  -49.669  57.406 0.0000000000
33803  29.758  -49.985  57.446 0.0000000000
33805  28.484  -50.568  57.280 0.0000000000
33810  33.426  -48.621  56.539 0.0000000000
33812  29.057  -50.292  56.792 0.0000000000
33818  33.508  -49.043  56.011 0.0000000000
33819  32.848  -49.424  56.292 0.0000000000
35074  32.453  -48.734  56.978 0.0000000000
35075  32.210  -48.709  57.054 0.0000000000
35076  31.863  -48.817  57.158 0.0000000000
35077  31.243  -49.018  57.246 0.0000000000
35081  32.919  -48.516  56.960 0.0000000000
35082  30.749  -49.114  57.189 0.0000000000
35092  30.258  -48.808  56.859 0.0000000000
35097  34.710  -47.816  55.341 0.0000000000
35105  34.850  -47.899  54.886 0.0000000000
36293  32.356  -48.147  57.111 0.0000000000
36295  31.348  -48.616  56.951 0.0000000000
36316  31.700  -48.056  56.809 0.0000000000
36332  33.881  -47.767  56.975 0.0000000000
36333  30.999  -48.463  56.672 0.0000000000
36334  30.550  -48.721  56.679 0.0000000000
36347  30.867  -48.337  56.085 0.0000000000
37531  33.099  -47.105  57.282 0.0000000000
37548  32.813  -46.735  57.175 0.0000000000
37549  32.228  -47.230  57.017 0.0000000000
37585  32.003  -47.075  56.479 0.0000000000
37602  35.684  -47.083  54.884 0.0000000000
37617  39.104  -45.629  54.027 0.0000000000
38821  33.147  -46.450  57.182 0.0000000000
38830  37.115  -44.342  56.464 0.0000000000
38845  37.100  -44.752  56.150 0.0000000000
38849  32.361  -46.701  56.647 0.0000000000
38865  37.866  -44.793  55.322 0.0000000000
38867  36.294  -45.667  55.924 0.0000000000
38869  32.883  -46.198  55.603 0.0000000000
38883  38.996  -44.784  54.739 0.0000000000
38884  38.450  -44.802  54.897 0.0000000000
40185  36.960  -44.002  56.679 0.0000000000
40186  36.634  -44.103  56.703 0.0000000000
40187  36.242  -44.005  56.732 0.0000000000
40196  37.184  -43.935  56.601 0.0000000000
40206  39.432  -43.121  55.596 0.0000000000
40225  38.943  -43.919  55.536 0.0000000000
40226  38.375  -44.252  55.712 0.0000000000
41564  36.112  -43.358  56.821 0.0000000000
41565  35.864  -44.069  56.750 0.0000000000
41574  38.291  -43.173  56.344 0.0000000000
41575  37.593  -43.333  56.570 0.0000000000
41576  35.976  -43.178  56.944 0.0000000000
41587  40.266  -42.738  55.330 0.0000000000
41590  38.697  -43.130  55.995 0.0000000000
41591  35.424  -43.986  56.536 0.0000000000
41604  41.627  -42.504  54.408 0.0000000000
41607  40.165  -43.182  55.197 0.0000000000
41625  41.802  -42.491  54.258 0.0000000000
41645  34.902  -43.760  54.831 0.0000000000
41646  34.390  -44.350  54.463 0.0000000000
42869  36.770  -43.127  56.965 0.0000000000
42870  36.468  -43.127  56.859 0.0000000000
42871  36.013  -42.957  57.102 0.0000000000
42880  38.483  -42.767  56.329 0.0000000000
42884  36.058  -43.021  56.807 0.0000000000
42895  35.566  -43.152  56.104 0.0000000000
44218  36.559  -42.671  56.596 0.0000000000
44226  41.363  -40.920  54.965 0.0000000000
44231  37.654  -42.014  56.253 0.0000000000
44233  36.396  -42.517  56.347 0.0000000000
44246  39.695  -41.022  55.472 0.0000000000
44247  36.901  -41.948  55.572 0.0000000000
44260  40.120  -40.896  55.395 0.0000000000
44261  39.908  -41.007  55.332 0.0000000000
44262  36.536  -42.037  55.112 0.0000000000
45646  37.936  -41.533  55.445 0.0000000000
45657  43.303  -39.548  54.395 0.0000000000
45659  39.983  -40.884  55.185 0.0000000000
45662  36.827  -41.564  55.033 0.0000000000
45663  36.569  -41.571  54.925 0.0000000000
45671  43.052  -40.421  53.898 0.0000000000
46948  43.357  -38.689  55.004 0.0000000000
46949  43.004  -39.115  55.072 0.0000000000
46950  42.596  -39.716  55.198 0.0000000000
46953  38.721  -41.255  54.961 0.0000000000
46971  44.465  -38.326  53.583 0.0000000000
48189  43.367  -37.847  55.288 0.0000000000
48190  43.089  -38.053  55.399 0.0000000000
48209  44.331  -37.987  53.929 0.0000000000
49390  43.773  -37.473  54.612 0.0000000000
49398  43.965  -37.136  54.295 0.0000000000
50549  43.100  -36.477  55.364 0.0000000000
51645  42.394  -36.157  55.495 0.0000000000
51663  43.230  -35.976  55.370 0.0000000000
52720  43.149  -35.755  55.420 0.0000000000
52721  42.982  -35.558  55.304 0.0000000000
52797  45.102  -34.559  51.832 0.0000000000
53824  42.751  -35.019  55.018 0.0000000000
53850  41.163  -33.897  54.778 0.0000000000
53882  40.804  -33.491  53.578 0.0000000000
53899  46.176  -33.110  51.696 0.0000000000
53900  45.550  -33.577  51.854 0.0000000000
54941  45.984  -31.399  55.206 0.0000000000
54945  42.075  -33.015  54.311 0.0000000000
54960  46.539  -31.715  53.696 0.0000000000
54963  41.429  -33.185  53.954 0.0000000000
54964  41.260  -33.352  53.862 0.0000000000
54980  47.415  -31.789  52.914 0.0000000000
56019  46.669  -30.810  55.198 0.0000000000
56044  46.005  -31.429  55.137 0.0000000000
56047  41.750  -33.147  54.144 0.0000000000
56089  48.013  -31.036  52.601 0.0000000000
56090  47.912  -31.006  53.123 0.0000000000
56091  47.585  -31.397  53.096 0.0000000000
56092  47.172  -31.413  53.577 0.0000000000
56093  42.226  -32.272  53.276 0.0000000000
56104  48.118  -30.981  52.446 0.0000000000
56106  47.801  -31.357  52.644 0.0000000000
57202  47.171  -29.765  55.080 0.0000000000
57268  47.872  -30.549  53.022 0.0000000000
57279  48.152  -30.744  52.369 0.0000000000
58294  46.466  -28.491  55.977 0.0000000000
59466  47.127  -27.882  56.147 0.0000000000
60596  46.667  -27.542  56.003 0.0000000000
60615  45.716  -27.662  56.054 0.0000000000
61788  46.812  -27.193  55.739 0.0000000000
63018  46.325  -26.641  55.557 0.0000000000
63065  48.859  -24.566  52.984 0.0000000000
63077  49.523  -24.348  52.368 0.0000000000
63174  56.149  -24.987  43.853 0.0000000000
64330  46.332  -25.067  55.201 0.0000000000
64350  50.433  -23.289  53.264 0.0000000000
64381  49.741  -24.035  52.466 0.0000000000
64448  55.339  -23.730  47.619 0.0000000000
64503  55.863  -23.896  45.478 0.0000000000
64504  55.587  -23.756  46.021 0.0000000000
65647  49.565  -22.988  53.663 0.0000000000
65662  50.732  -22.996  53.243 0.0000000000
65667  44.650  -24.674  53.955 0.0000000000
65695  44.626  -24.096  52.116 0.0000000000
65798  56.035  -23.350  46.969 0.0000000000
65799  55.101  -23.664  46.120 0.0000000000
65812  56.218  -23.731  45.854 0.0000000000
65829  55.435  -24.092  44.695 0.0000000000
66834  50.113  -22.580  53.551 0.0000000000
66838  45.927  -23.959  53.711 0.0000000000
66847  52.178  -22.555  51.740 0.0000000000
66871  53.887  -22.252  50.622 0.0000000000
66874  44.791  -23.417  51.175 0.0000000000
66875  44.147  -23.568  51.133 0.0000000000
68003  49.200  -22.499  53.838 0.0000000000
68005  48.116  -22.954  54.125 0.0000000000
68040  53.467  -21.751  51.040 0.0000000000
68054  54.297  -21.770  50.268 0.0000000000
68216  55.770  -21.392  41.892 0.0000000000
69361  52.712  -20.978  51.036 0.0000000000
69386  55.061  -21.095  49.522 0.0000000000
69389  53.702  -20.718  50.290 0.0000000000
69416  52.525  -20.562  48.921 0.0000000000
69465  52.065  -20.630  47.991 0.0000000000
69540  56.264  -20.469  42.453 0.0000000000
70666  51.833  -20.762  49.987 0.0000000000
70667  51.423  -20.829  50.203 0.0000000000
70707  54.038  -19.713  48.699 0.0000000000
71846  54.378  -19.519  48.560 0.0000000000
71956  58.270  -17.861  41.977 0.0000000000
143331  34.619  -45.543  57.021 0.0000000000
143335  34.760  -45.886  57.037 0.0000000000
143338  33.461  -46.092  57.002 0.0000000000
143339  35.123  -45.302  57.058 0.0000000000
