#!ascii label  , from subject S5_08 vox2ras=TkReg
1131
37481  12.119  -44.525  63.452 0.0000000000
41720  7.659  -43.755  50.454 0.0000000000
33783  3.596  -48.623  60.846 0.0000000000
44195  3.265  -41.651  61.348 0.0000000000
45693  1.696  -39.696  53.780 0.0000000000
35020  6.924  -46.567  62.459 0.0000000000
41523  6.430  -43.613  63.725 0.0000000000
35059  13.835  -45.794  62.070 0.0000000000
35070  8.820  -46.845  60.625 0.0000000000
32518  6.012  -49.423  58.372 0.0000000000
49338  7.244  -37.351  60.089 0.0000000000
45637  2.878  -40.277  57.450 0.0000000000
52768  5.954  -35.734  55.615 0.0000000000
36357  0.852  -47.667  56.063 0.0000000000
41624  2.624  -45.650  57.204 0.0000000000
40179  2.499  -44.794  62.021 0.0000000000
48114  7.129  -39.423  63.335 0.0000000000
41619  6.663  -43.057  57.298 0.0000000000
46982  6.437  -39.859  54.167 0.0000000000
47047  5.367  -39.433  49.670 0.0000000000
50691  2.789  -37.280  48.445 0.0000000000
36216  9.934  -45.015  63.560 0.0000000000
40152  8.762  -44.303  64.314 0.0000000000
35001  13.386  -45.686  63.441 0.0000000000
35061  12.123  -45.787  61.941 0.0000000000
35016  10.913  -45.473  62.663 0.0000000000
33774  8.240  -46.937  61.764 0.0000000000
51640  6.090  -36.610  57.830 0.0000000000
33808  2.114  -48.807  57.908 0.0000000000
37546  1.716  -46.471  58.717 0.0000000000
36256  2.866  -46.795  61.613 0.0000000000
46854  8.417  -40.539  64.212 0.0000000000
45533  6.027  -41.268  64.384 0.0000000000
31193  5.573  -49.419  60.077 0.0000000000
31276  4.473  -50.308  56.545 0.0000000000
29896  3.559  -49.819  57.693 0.0000000000
31297  1.874  -50.145  55.741 0.0000000000
41571  3.534  -43.925  59.823 0.0000000000
41601  4.312  -44.100  57.940 0.0000000000
41569  5.096  -43.136  59.844 0.0000000000
44257  2.460  -40.069  56.142 0.0000000000
45654  4.794  -41.145  56.480 0.0000000000
44283  3.511  -40.232  54.282 0.0000000000
45704  5.506  -39.291  52.463 0.0000000000
42955  3.557  -39.577  51.701 0.0000000000
33772  5.006  -48.288  62.129 0.0000000000
36234  3.794  -46.664  63.297 0.0000000000
37487  6.597  -45.068  63.624 0.0000000000
44132  8.843  -42.063  64.321 0.0000000000
36306  15.178  -44.972  60.928 0.0000000000
38838  13.695  -43.872  59.390 0.0000000000
36308  12.912  -45.272  60.906 0.0000000000
37543  9.659  -46.036  59.226 0.0000000000
33786  7.063  -48.380  60.096 0.0000000000
32486  6.546  -48.514  61.654 0.0000000000
49329  4.160  -39.271  60.496 0.0000000000
45595  3.977  -40.080  60.133 0.0000000000
49348  3.433  -38.135  58.709 0.0000000000
49374  2.137  -38.084  57.196 0.0000000000
49395  1.753  -38.067  55.212 0.0000000000
38781  14.129  -44.374  64.037 0.0000000000
37573  19.451  -44.728  58.387 0.0000000000
36301  20.394  -45.519  59.802 0.0000000000
36253  16.440  -45.072  61.907 0.0000000000
36211  14.936  -45.015  63.577 0.0000000000
36392  -0.020  -47.273  53.428 0.0000000000
40289  1.915  -46.023  53.844 0.0000000000
38861  1.386  -46.330  56.877 0.0000000000
40194  2.872  -45.223  59.745 0.0000000000
42849  2.474  -42.670  62.343 0.0000000000
40164  3.258  -44.419  64.029 0.0000000000
44171  3.740  -41.935  63.690 0.0000000000
46904  4.120  -40.523  61.993 0.0000000000
48151  7.059  -37.823  61.455 0.0000000000
40255  3.620  -45.838  55.164 0.0000000000
41659  5.097  -45.306  54.203 0.0000000000
41672  7.202  -43.358  54.221 0.0000000000
45605  5.632  -40.974  58.728 0.0000000000
44251  7.170  -41.598  56.654 0.0000000000
44294  8.320  -41.668  53.612 0.0000000000
45717  8.162  -40.127  51.753 0.0000000000
47060  7.646  -39.082  49.746 0.0000000000
51721  4.355  -35.145  53.492 0.0000000000
50622  1.719  -36.631  52.654 0.0000000000
52810  1.776  -34.717  51.356 0.0000000000
47048  2.261  -38.195  50.844 0.0000000000
45770  2.988  -39.694  48.715 0.0000000000
36202  10.269  -44.832  63.618 0.0000000000
38785  10.134  -44.447  63.928 0.0000000000
38784  11.498  -44.361  63.637 0.0000000000
36200  12.803  -44.970  63.626 0.0000000000
35015  11.995  -45.569  62.735 0.0000000000
35003  11.570  -45.170  63.057 0.0000000000
35004  10.470  -45.265  63.172 0.0000000000
41738  7.844  -44.035  49.315 0.0000000000
42991  8.321  -43.058  50.593 0.0000000000
33797  3.040  -48.705  59.331 0.0000000000
35073  2.966  -47.852  59.916 0.0000000000
35072  3.391  -47.927  60.568 0.0000000000
40215  16.644  -43.071  58.446 0.0000000000
31190  4.715  -49.263  60.905 0.0000000000
31213  4.228  -49.789  58.654 0.0000000000
31200  3.762  -49.362  59.403 0.0000000000
31236  2.792  -49.520  57.826 0.0000000000
42867  3.707  -42.805  61.205 0.0000000000
41570  4.252  -43.497  59.887 0.0000000000
42866  4.017  -42.025  61.200 0.0000000000
44286  1.798  -40.323  54.661 0.0000000000
44270  2.539  -40.984  55.222 0.0000000000
44299  2.509  -40.117  53.732 0.0000000000
44297  3.584  -39.795  53.295 0.0000000000
44314  2.830  -39.711  52.670 0.0000000000
33765  6.062  -47.667  62.592 0.0000000000
35010  5.571  -46.180  62.733 0.0000000000
36220  6.578  -45.548  62.859 0.0000000000
41520  8.254  -43.772  64.558 0.0000000000
44160  9.394  -40.890  64.180 0.0000000000
36284  14.481  -45.314  61.445 0.0000000000
36307  14.045  -45.174  60.940 0.0000000000
36285  13.384  -45.540  61.378 0.0000000000
35069  9.944  -46.350  61.286 0.0000000000
37529  10.767  -46.050  60.986 0.0000000000
36289  9.289  -46.547  60.089 0.0000000000
35071  8.043  -47.524  59.961 0.0000000000
33762  7.520  -46.918  62.233 0.0000000000
32485  7.033  -48.263  61.630 0.0000000000
32481  6.372  -48.346  61.949 0.0000000000
32482  6.115  -48.761  62.002 0.0000000000
143384  5.694  -38.079  60.658 0.0000000000
49340  3.744  -38.803  59.970 0.0000000000
143392  5.282  -37.429  59.232 0.0000000000
51658  5.932  -36.552  57.046 0.0000000000
50564  3.956  -37.271  56.922 0.0000000000
51679  3.851  -37.446  56.309 0.0000000000
49387  2.128  -38.197  56.171 0.0000000000
51695  4.001  -37.045  55.175 0.0000000000
36263  17.702  -44.918  61.425 0.0000000000
36367  0.660  -47.626  55.166 0.0000000000
38895  1.131  -46.661  55.367 0.0000000000
37595  1.381  -47.062  56.512 0.0000000000
38819  2.631  -45.824  60.099 0.0000000000
38827  1.924  -45.926  59.065 0.0000000000
40184  2.776  -44.922  60.881 0.0000000000
41561  3.196  -44.381  60.749 0.0000000000
41544  2.357  -43.644  62.035 0.0000000000
38798  5.381  -44.984  63.653 0.0000000000
38802  3.773  -45.182  64.167 0.0000000000
41531  5.075  -43.907  63.656 0.0000000000
48100  6.461  -39.954  63.975 0.0000000000
45535  5.025  -41.697  63.859 0.0000000000
46870  5.334  -40.498  63.516 0.0000000000
45570  3.676  -41.355  62.441 0.0000000000
48129  5.447  -39.683  62.546 0.0000000000
50489  6.133  -39.011  61.642 0.0000000000
48128  7.297  -38.688  62.564 0.0000000000
38826  12.379  -44.007  59.070 0.0000000000
41595  13.075  -43.077  58.221 0.0000000000
32529  6.496  -49.303  56.953 0.0000000000
32563  6.205  -49.339  55.027 0.0000000000
32548  5.936  -49.577  56.468 0.0000000000
31314  3.859  -50.777  54.854 0.0000000000
29962  4.586  -50.610  53.781 0.0000000000
33824  1.273  -49.044  55.865 0.0000000000
33830  0.881  -49.079  54.964 0.0000000000
40257  2.256  -46.386  55.733 0.0000000000
40288  2.443  -45.951  53.689 0.0000000000
41642  2.753  -45.818  56.516 0.0000000000
41600  5.288  -43.582  58.042 0.0000000000
41640  4.705  -45.150  55.650 0.0000000000
41639  5.896  -44.171  56.000 0.0000000000
41673  6.674  -44.100  53.911 0.0000000000
41638  6.633  -43.384  56.311 0.0000000000
45608  3.577  -39.717  59.315 0.0000000000
45607  4.367  -40.373  59.614 0.0000000000
45619  4.568  -40.596  58.540 0.0000000000
45667  5.860  -40.478  55.405 0.0000000000
45653  5.777  -40.809  56.527 0.0000000000
45666  6.726  -40.692  55.829 0.0000000000
45677  7.602  -41.071  54.927 0.0000000000
45689  7.645  -40.393  54.080 0.0000000000
45701  8.590  -40.675  52.662 0.0000000000
46998  7.629  -39.879  53.465 0.0000000000
45737  5.330  -39.352  50.730 0.0000000000
47031  6.527  -39.221  51.345 0.0000000000
47046  5.821  -39.530  50.031 0.0000000000
52795  2.564  -34.343  53.337 0.0000000000
51723  2.863  -35.711  53.164 0.0000000000
52802  2.296  -34.695  52.862 0.0000000000
51767  3.273  -35.596  49.247 0.0000000000
51753  2.463  -35.527  50.236 0.0000000000
50630  1.849  -36.501  51.037 0.0000000000
49470  2.025  -37.262  49.592 0.0000000000
44383  2.547  -38.690  49.766 0.0000000000
47108  1.751  -38.810  47.479 0.0000000000
35006  8.349  -45.425  62.937 0.0000000000
36205  7.862  -45.073  63.949 0.0000000000
37484  9.020  -44.798  64.140 0.0000000000
35046  13.469  -45.982  62.245 0.0000000000
35060  13.132  -46.153  62.002 0.0000000000
35047  12.674  -46.021  62.210 0.0000000000
35048  11.657  -45.738  62.056 0.0000000000
35063  9.359  -46.544  61.443 0.0000000000
33784  8.280  -47.155  61.039 0.0000000000
35050  9.219  -46.567  61.832 0.0000000000
35018  8.706  -45.937  62.583 0.0000000000
50534  8.643  -36.821  59.389 0.0000000000
50536  7.055  -36.993  58.708 0.0000000000
50545  7.477  -36.615  58.199 0.0000000000
50578  7.623  -36.486  56.840 0.0000000000
52750  6.982  -36.041  55.538 0.0000000000
35096  1.304  -48.299  57.300 0.0000000000
36329  1.664  -47.403  57.864 0.0000000000
36313  2.028  -47.199  58.751 0.0000000000
36291  2.661  -47.017  59.860 0.0000000000
38810  2.379  -45.355  62.124 0.0000000000
45521  7.555  -41.347  64.286 0.0000000000
44145  6.285  -42.051  64.326 0.0000000000
46856  7.302  -40.465  64.409 0.0000000000
48113  7.868  -39.499  64.069 0.0000000000
48127  7.790  -38.679  63.368 0.0000000000
49302  8.211  -37.993  63.241 0.0000000000
31196  5.628  -49.428  59.398 0.0000000000
31232  5.521  -49.700  57.793 0.0000000000
31234  4.759  -49.948  57.991 0.0000000000
29914  4.047  -50.332  56.763 0.0000000000
29951  2.997  -50.649  55.502 0.0000000000
29966  2.438  -50.467  54.840 0.0000000000
31277  2.172  -50.384  56.298 0.0000000000
32534  1.719  -49.718  56.829 0.0000000000
41586  3.369  -44.945  58.975 0.0000000000
41602  3.494  -44.696  57.882 0.0000000000
41585  3.868  -44.114  58.925 0.0000000000
41584  4.676  -43.596  58.982 0.0000000000
41583  5.558  -43.265  59.020 0.0000000000
44240  2.200  -40.658  56.845 0.0000000000
45636  3.744  -40.777  57.708 0.0000000000
44255  3.177  -41.087  55.998 0.0000000000
44254  4.144  -41.239  55.792 0.0000000000
45680  5.025  -39.717  54.312 0.0000000000
47000  5.582  -39.367  53.121 0.0000000000
44296  4.082  -39.728  52.995 0.0000000000
44329  4.226  -39.612  51.624 0.0000000000
44346  4.249  -39.615  50.842 0.0000000000
51802  3.363  -36.205  47.094 0.0000000000
49543  3.117  -37.217  46.511 0.0000000000
50748  2.907  -36.210  45.085 0.0000000000
33778  4.188  -48.831  61.812 0.0000000000
35038  3.898  -47.290  62.193 0.0000000000
35023  4.782  -47.245  62.599 0.0000000000
36222  5.115  -45.826  63.102 0.0000000000
38790  6.449  -44.816  63.609 0.0000000000
38788  7.796  -44.733  64.166 0.0000000000
40154  7.567  -44.362  63.902 0.0000000000
42817  7.428  -43.086  64.026 0.0000000000
45532  8.848  -40.863  64.179 0.0000000000
37557  15.544  -44.271  60.080 0.0000000000
38836  15.768  -43.865  59.744 0.0000000000
37558  14.271  -44.432  60.055 0.0000000000
36286  12.242  -45.583  61.292 0.0000000000
36309  11.757  -45.337  60.799 0.0000000000
37562  9.930  -45.568  58.697 0.0000000000
33807  6.862  -48.605  58.325 0.0000000000
32506  6.423  -48.949  58.908 0.0000000000
33781  7.777  -47.710  61.203 0.0000000000
32496  6.963  -48.580  60.645 0.0000000000
32498  6.103  -49.280  59.817 0.0000000000
31188  5.960  -49.192  60.870 0.0000000000
32488  5.586  -49.327  61.639 0.0000000000
46914  3.617  -40.336  61.337 0.0000000000
44205  3.419  -41.115  60.940 0.0000000000
46922  3.093  -40.024  60.289 0.0000000000
46928  3.541  -39.439  59.138 0.0000000000
46936  2.445  -39.033  57.916 0.0000000000
49355  4.066  -37.514  58.329 0.0000000000
49357  2.574  -38.211  58.067 0.0000000000
46946  2.163  -39.365  57.537 0.0000000000
45639  1.733  -39.599  56.807 0.0000000000
46970  1.248  -39.361  55.363 0.0000000000
46985  1.375  -39.181  54.215 0.0000000000
37480  13.133  -44.668  63.852 0.0000000000
37574  18.496  -44.366  58.682 0.0000000000
36338  21.423  -45.316  58.082 0.0000000000
36300  21.178  -45.623  59.612 0.0000000000
36339  20.759  -45.340  58.305 0.0000000000
36341  19.472  -45.009  58.976 0.0000000000
36324  18.622  -44.917  59.534 0.0000000000
36325  17.453  -44.582  60.191 0.0000000000
36265  15.763  -45.279  61.832 0.0000000000
35044  15.215  -45.439  62.112 0.0000000000
35011  15.147  -45.426  62.675 0.0000000000
35012  14.250  -45.645  62.974 0.0000000000
36230  13.974  -45.647  63.363 0.0000000000
36199  13.493  -45.080  64.026 0.0000000000
40258  1.715  -46.537  55.545 0.0000000000
40220  2.252  -45.721  57.495 0.0000000000
38843  1.594  -46.261  57.773 0.0000000000
40205  1.863  -45.954  57.845 0.0000000000
40204  2.339  -45.619  58.479 0.0000000000
41572  3.189  -44.392  59.991 0.0000000000
42868  3.316  -43.559  61.277 0.0000000000
42859  2.854  -42.567  61.625 0.0000000000
36244  3.628  -46.823  62.644 0.0000000000
38806  2.772  -45.405  63.219 0.0000000000
40168  2.642  -44.613  63.048 0.0000000000
42832  4.644  -42.493  63.801 0.0000000000
42838  3.179  -42.630  63.869 0.0000000000
41539  2.672  -43.625  62.913 0.0000000000
44186  2.704  -41.706  61.937 0.0000000000
45588  3.234  -40.895  61.390 0.0000000000
48163  4.132  -39.806  61.539 0.0000000000
50514  5.930  -38.472  60.997 0.0000000000
48161  7.091  -37.647  60.996 0.0000000000
49316  8.177  -37.510  62.243 0.0000000000
50502  8.266  -37.395  61.427 0.0000000000
49337  7.933  -37.397  60.387 0.0000000000
32615  6.498  -49.360  52.741 0.0000000000
31293  5.115  -50.263  55.449 0.0000000000
41641  3.437  -45.572  56.225 0.0000000000
40254  4.204  -45.507  54.499 0.0000000000
41703  7.344  -43.966  51.831 0.0000000000
44215  4.386  -41.195  60.214 0.0000000000
42877  5.229  -42.291  59.691 0.0000000000
42889  6.240  -42.164  58.415 0.0000000000
45635  4.927  -41.053  57.512 0.0000000000
45633  6.525  -41.083  57.838 0.0000000000
42898  7.234  -42.117  57.214 0.0000000000
42916  7.364  -42.310  55.810 0.0000000000
44295  8.033  -42.181  54.125 0.0000000000
42953  8.624  -42.509  52.150 0.0000000000
44328  8.971  -41.860  51.695 0.0000000000
47017  6.333  -39.255  52.415 0.0000000000
45736  8.178  -39.930  51.119 0.0000000000
51691  6.936  -34.981  54.470 0.0000000000
52791  6.198  -34.314  53.580 0.0000000000
51710  4.361  -35.890  54.135 0.0000000000
51712  3.127  -36.929  54.132 0.0000000000
50614  2.140  -37.063  53.327 0.0000000000
49413  1.374  -37.741  52.886 0.0000000000
52804  1.702  -34.941  52.213 0.0000000000
49421  1.496  -37.370  51.975 0.0000000000
47019  1.679  -38.696  52.107 0.0000000000
44348  2.650  -39.453  51.415 0.0000000000
43010  3.428  -39.466  50.703 0.0000000000
45768  4.167  -39.674  48.534 0.0000000000
44399  4.698  -40.205  46.816 0.0000000000
36201  11.395  -44.828  63.395 0.0000000000
37482  10.849  -44.618  63.627 0.0000000000
36214  12.058  -44.983  63.068 0.0000000000
36215  11.032  -45.146  63.310 0.0000000000
41739  7.095  -44.500  49.579 0.0000000000
32495  3.482  -48.818  60.308 0.0000000000
33787  3.262  -48.486  60.003 0.0000000000
38855  17.187  -43.528  58.574 0.0000000000
40214  17.138  -43.228  58.208 0.0000000000
32494  3.814  -49.091  60.615 0.0000000000
32499  3.925  -49.237  59.884 0.0000000000
32500  3.438  -49.057  59.631 0.0000000000
42858  3.510  -42.043  61.379 0.0000000000
42857  3.767  -42.009  61.311 0.0000000000
44285  2.232  -40.551  54.567 0.0000000000
44300  2.059  -40.163  53.961 0.0000000000
44315  2.214  -39.745  52.972 0.0000000000
35021  6.288  -46.795  62.638 0.0000000000
35008  6.610  -45.845  62.656 0.0000000000
35058  14.460  -45.514  61.957 0.0000000000
36267  13.848  -45.679  61.851 0.0000000000
35078  8.573  -47.052  59.664 0.0000000000
33763  7.209  -47.126  62.266 0.0000000000
33764  6.626  -47.471  62.448 0.0000000000
49327  6.390  -37.655  60.297 0.0000000000
143389  5.748  -37.683  60.181 0.0000000000
143386  6.036  -37.541  59.718 0.0000000000
51676  5.694  -36.131  56.152 0.0000000000
51660  4.449  -37.142  56.744 0.0000000000
51677  4.839  -36.578  55.975 0.0000000000
51678  4.177  -37.274  55.981 0.0000000000
51694  4.394  -36.582  55.079 0.0000000000
37614  0.993  -47.060  55.665 0.0000000000
38816  2.567  -45.489  61.340 0.0000000000
40180  2.600  -44.635  61.752 0.0000000000
40160  5.444  -44.221  63.594 0.0000000000
40161  4.826  -44.366  63.766 0.0000000000
41524  5.505  -43.505  63.702 0.0000000000
48101  5.938  -40.028  63.719 0.0000000000
48115  6.409  -39.756  63.322 0.0000000000
46880  5.185  -40.138  62.906 0.0000000000
49278  6.648  -39.421  62.719 0.0000000000
49277  7.023  -39.069  62.496 0.0000000000
32517  6.568  -49.250  57.897 0.0000000000
32530  6.042  -49.522  57.399 0.0000000000
29964  3.657  -50.700  54.207 0.0000000000
35104  0.948  -48.403  56.477 0.0000000000
35112  0.901  -48.353  55.477 0.0000000000
35122  0.449  -48.276  54.545 0.0000000000
40240  2.341  -45.831  56.653 0.0000000000
40256  2.841  -46.161  55.883 0.0000000000
40239  2.551  -45.707  56.519 0.0000000000
41620  5.999  -43.601  57.138 0.0000000000
45620  3.679  -40.082  58.471 0.0000000000
45678  6.813  -40.244  54.777 0.0000000000
45690  7.053  -39.974  53.990 0.0000000000
45738  4.844  -39.409  50.166 0.0000000000
53897  2.762  -33.203  53.682 0.0000000000
52796  1.775  -34.091  53.212 0.0000000000
51787  2.937  -36.080  48.951 0.0000000000
51768  2.654  -35.817  49.586 0.0000000000
51788  2.565  -36.365  49.278 0.0000000000
50659  2.262  -36.851  49.779 0.0000000000
50675  2.390  -36.968  49.159 0.0000000000
48311  1.885  -37.926  48.634 0.0000000000
49503  2.498  -37.756  48.192 0.0000000000
36217  8.975  -45.073  63.647 0.0000000000
36204  8.616  -45.012  64.034 0.0000000000
36203  9.416  -44.897  63.888 0.0000000000
40150  10.893  -44.044  64.010 0.0000000000
35030  13.148  -46.047  62.564 0.0000000000
35014  12.874  -45.885  62.915 0.0000000000
35032  11.299  -45.633  62.247 0.0000000000
35049  10.405  -46.017  62.035 0.0000000000
35033  10.105  -45.944  62.176 0.0000000000
35017  9.750  -45.636  62.608 0.0000000000
35005  9.380  -45.283  63.124 0.0000000000
50535  7.822  -36.865  59.021 0.0000000000
51655  9.040  -36.421  56.891 0.0000000000
51673  8.417  -36.361  56.280 0.0000000000
51674  7.406  -36.386  56.208 0.0000000000
52748  9.068  -35.595  55.584 0.0000000000
35088  1.848  -48.166  57.796 0.0000000000
36328  1.943  -47.702  58.201 0.0000000000
35087  2.171  -48.059  58.431 0.0000000000
36290  3.092  -47.360  60.448 0.0000000000
36272  2.846  -46.813  60.933 0.0000000000
37524  2.729  -46.294  60.658 0.0000000000
37518  2.385  -46.250  61.762 0.0000000000
46847  8.028  -40.762  64.352 0.0000000000
46848  7.673  -40.855  64.456 0.0000000000
48126  8.325  -38.711  64.001 0.0000000000
49286  8.289  -38.363  63.707 0.0000000000
31197  5.363  -49.510  59.297 0.0000000000
31211  5.148  -49.768  58.718 0.0000000000
29872  3.914  -49.820  58.065 0.0000000000
29871  4.196  -49.868  58.014 0.0000000000
29895  3.853  -49.984  57.505 0.0000000000
29934  3.556  -50.560  56.154 0.0000000000
29935  3.083  -50.548  56.373 0.0000000000
29936  2.658  -50.441  56.615 0.0000000000
29917  2.767  -50.338  56.960 0.0000000000
32509  2.578  -49.176  58.223 0.0000000000
32521  2.265  -49.447  57.530 0.0000000000
33816  1.812  -49.314  57.275 0.0000000000
33817  1.337  -49.136  56.843 0.0000000000
44239  2.906  -41.053  56.928 0.0000000000
44256  2.521  -40.688  56.102 0.0000000000
44269  3.404  -41.063  55.000 0.0000000000
44268  4.472  -40.654  54.908 0.0000000000
44282  4.156  -39.753  53.966 0.0000000000
44313  3.306  -39.672  52.528 0.0000000000
44312  3.807  -39.621  52.225 0.0000000000
44330  3.972  -39.650  51.311 0.0000000000
51800  3.951  -35.330  47.379 0.0000000000
51820  3.600  -35.326  46.610 0.0000000000
51838  3.324  -35.565  45.822 0.0000000000
52893  3.216  -34.517  45.356 0.0000000000
35036  4.652  -47.676  62.245 0.0000000000
36221  5.755  -45.671  62.903 0.0000000000
36231  5.154  -46.185  62.817 0.0000000000
37499  5.833  -45.331  63.384 0.0000000000
38797  5.925  -44.950  63.508 0.0000000000
37488  5.891  -45.042  63.841 0.0000000000
37485  8.197  -44.883  64.179 0.0000000000
38787  8.510  -44.683  64.277 0.0000000000
42816  7.888  -43.106  64.498 0.0000000000
41521  7.739  -43.770  64.251 0.0000000000
42800  8.150  -42.446  64.290 0.0000000000
44134  7.914  -41.860  63.997 0.0000000000
45519  8.756  -41.443  64.201 0.0000000000
37537  15.746  -44.581  60.525 0.0000000000
37538  14.720  -44.731  60.540 0.0000000000
37539  13.565  -44.851  60.538 0.0000000000
37540  12.374  -44.905  60.499 0.0000000000
36268  12.725  -45.900  61.709 0.0000000000
36269  11.505  -45.789  61.599 0.0000000000
36311  9.809  -46.046  59.957 0.0000000000
36310  10.666  -45.607  60.496 0.0000000000
37542  10.202  -45.479  59.758 0.0000000000
36327  8.989  -46.643  58.256 0.0000000000
33795  7.379  -47.926  59.679 0.0000000000
33796  6.855  -48.406  59.326 0.0000000000
33780  8.298  -47.049  61.435 0.0000000000
32491  7.185  -48.377  61.254 0.0000000000
32492  6.450  -48.835  61.025 0.0000000000
32497  6.424  -48.849  60.042 0.0000000000
32493  6.146  -49.142  60.629 0.0000000000
32487  6.079  -49.209  61.537 0.0000000000
33771  5.799  -48.367  62.245 0.0000000000
32483  5.662  -49.096  62.052 0.0000000000
32484  5.154  -49.205  62.042 0.0000000000
32489  4.840  -49.256  61.647 0.0000000000
48164  3.917  -39.703  61.088 0.0000000000
48172  3.916  -39.682  60.398 0.0000000000
49339  3.619  -38.114  59.659 0.0000000000
48179  3.501  -39.280  59.508 0.0000000000
49349  3.564  -38.613  58.871 0.0000000000
45609  3.165  -39.366  58.532 0.0000000000
48187  3.085  -38.921  58.318 0.0000000000
51626  6.332  -37.008  58.496 0.0000000000
51627  5.681  -37.049  58.100 0.0000000000
49373  3.071  -37.774  57.167 0.0000000000
49372  3.709  -37.480  57.449 0.0000000000
49358  1.715  -38.360  57.647 0.0000000000
46937  1.700  -38.734  57.654 0.0000000000
48201  1.495  -38.582  57.559 0.0000000000
46947  1.705  -39.121  57.299 0.0000000000
48208  1.592  -38.671  56.796 0.0000000000
49396  1.409  -38.312  55.635 0.0000000000
48218  1.334  -38.645  55.773 0.0000000000
48217  1.385  -38.318  55.247 0.0000000000
48229  1.497  -38.181  54.825 0.0000000000
38782  13.469  -44.465  63.931 0.0000000000
40147  13.837  -44.194  63.988 0.0000000000
37592  19.867  -44.329  57.330 0.0000000000
38874  19.349  -43.996  57.054 0.0000000000
38853  19.029  -44.133  57.868 0.0000000000
36278  20.693  -45.522  60.375 0.0000000000
36321  20.935  -45.723  58.900 0.0000000000
36322  20.197  -45.508  59.129 0.0000000000
36340  20.074  -45.151  58.453 0.0000000000
37555  17.949  -44.509  59.450 0.0000000000
36264  16.792  -44.942  61.743 0.0000000000
36254  16.041  -45.287  61.985 0.0000000000
35043  15.775  -45.351  62.067 0.0000000000
36228  16.005  -45.174  62.735 0.0000000000
36229  14.676  -45.443  63.212 0.0000000000
36198  14.109  -44.993  64.029 0.0000000000
37479  13.767  -44.728  64.061 0.0000000000
36404  0.285  -47.727  52.782 0.0000000000
37647  0.316  -46.650  53.985 0.0000000000
38879  1.526  -46.693  56.060 0.0000000000
40241  1.867  -46.288  56.419 0.0000000000
40221  1.703  -45.894  57.145 0.0000000000
36314  1.767  -46.884  58.411 0.0000000000
37564  1.662  -46.598  58.187 0.0000000000
38842  1.714  -45.986  58.361 0.0000000000
41553  2.939  -43.992  61.490 0.0000000000
36243  4.110  -46.794  62.775 0.0000000000
38803  3.217  -45.326  63.800 0.0000000000
40167  2.834  -44.569  63.614 0.0000000000
38807  2.462  -45.382  62.635 0.0000000000
42820  5.300  -42.580  63.936 0.0000000000
44147  5.000  -41.934  64.084 0.0000000000
44162  4.383  -41.830  63.852 0.0000000000
41536  2.629  -43.148  63.350 0.0000000000
42839  2.767  -42.710  63.479 0.0000000000
42842  2.613  -42.736  62.993 0.0000000000
44173  2.889  -42.390  63.060 0.0000000000
46895  4.319  -40.676  62.549 0.0000000000
45571  3.224  -41.574  62.408 0.0000000000
45580  3.744  -41.014  62.052 0.0000000000
45581  3.235  -41.145  62.041 0.0000000000
46905  3.850  -40.804  61.765 0.0000000000
46913  3.997  -40.025  61.539 0.0000000000
48153  4.323  -40.015  61.946 0.0000000000
48140  6.690  -38.268  61.400 0.0000000000
50503  6.025  -38.653  61.251 0.0000000000
48152  6.628  -38.031  61.146 0.0000000000
48162  6.559  -37.919  60.901 0.0000000000
48138  7.475  -38.023  62.392 0.0000000000
38837  14.999  -43.871  59.725 0.0000000000
38857  14.755  -43.337  59.269 0.0000000000
38858  14.181  -43.359  59.186 0.0000000000
32580  6.322  -49.563  54.065 0.0000000000
32595  6.273  -49.614  53.273 0.0000000000
31253  5.043  -49.927  57.188 0.0000000000
31274  5.443  -49.883  55.998 0.0000000000
31275  5.007  -50.145  56.273 0.0000000000
35135  -0.197  -47.624  53.741 0.0000000000
40272  2.949  -46.028  54.469 0.0000000000
40287  3.014  -45.955  53.440 0.0000000000
40271  3.490  -45.586  54.005 0.0000000000
41622  3.912  -44.730  56.912 0.0000000000
40270  4.286  -45.609  53.598 0.0000000000
41674  6.086  -45.073  53.583 0.0000000000
41687  7.305  -43.665  53.161 0.0000000000
45596  3.545  -40.136  60.372 0.0000000000
44204  3.950  -41.041  60.606 0.0000000000
45606  5.162  -40.764  59.072 0.0000000000
44214  4.888  -41.334  59.769 0.0000000000
44213  5.654  -41.492  58.994 0.0000000000
42876  5.746  -42.373  59.166 0.0000000000
44225  6.172  -41.448  58.475 0.0000000000
44238  3.921  -41.122  56.775 0.0000000000
45652  6.648  -41.250  56.850 0.0000000000
44252  7.008  -41.586  57.057 0.0000000000
44237  6.841  -41.571  57.468 0.0000000000
42909  7.387  -42.100  56.770 0.0000000000
44266  7.423  -41.715  55.899 0.0000000000
44280  8.060  -41.468  54.320 0.0000000000
42939  8.289  -42.319  53.137 0.0000000000
44310  8.669  -41.516  52.629 0.0000000000
45702  8.291  -40.215  52.352 0.0000000000
45735  8.759  -40.269  51.090 0.0000000000
45691  5.280  -39.450  52.910 0.0000000000
45703  5.912  -39.079  52.302 0.0000000000
47045  6.734  -39.330  50.321 0.0000000000
47044  7.750  -39.441  50.665 0.0000000000
47059  8.695  -39.160  49.864 0.0000000000
53894  5.791  -33.513  53.560 0.0000000000
51720  5.183  -34.925  53.505 0.0000000000
51708  5.980  -35.167  53.915 0.0000000000
51709  5.114  -35.627  53.806 0.0000000000
51722  3.550  -35.402  53.374 0.0000000000
51733  2.113  -35.804  52.728 0.0000000000
51724  2.596  -36.747  53.583 0.0000000000
49412  1.647  -37.409  53.180 0.0000000000
53928  1.912  -34.333  51.160 0.0000000000
53917  1.824  -33.728  51.705 0.0000000000
53918  1.432  -34.422  51.944 0.0000000000
53908  1.517  -34.199  52.229 0.0000000000
52811  1.590  -35.007  51.742 0.0000000000
48269  2.221  -37.371  51.037 0.0000000000
50631  1.632  -36.745  51.549 0.0000000000
48270  2.004  -37.876  51.482 0.0000000000
48253  1.449  -38.213  52.479 0.0000000000
47033  2.063  -38.514  51.464 0.0000000000
45721  1.955  -39.005  51.733 0.0000000000
45739  2.253  -38.743  51.040 0.0000000000
44402  2.534  -39.259  48.690 0.0000000000
44365  2.901  -39.304  50.580 0.0000000000
44381  3.119  -39.588  49.381 0.0000000000
44380  3.664  -39.684  49.376 0.0000000000
45769  3.397  -39.673  48.576 0.0000000000
47148  2.887  -38.338  45.580 0.0000000000
37483  9.811  -44.687  63.869 0.0000000000
40149  12.027  -43.919  63.688 0.0000000000
36213  13.099  -45.317  63.712 0.0000000000
35002  12.597  -45.396  63.191 0.0000000000
43008  8.196  -43.190  49.763 0.0000000000
42990  8.547  -42.433  50.219 0.0000000000
33798  2.624  -48.575  58.755 0.0000000000
35080  2.507  -47.867  59.211 0.0000000000
33788  2.875  -48.317  59.446 0.0000000000
36271  3.211  -47.328  61.147 0.0000000000
31194  4.933  -49.495  60.183 0.0000000000
31198  4.817  -49.621  59.307 0.0000000000
31199  4.243  -49.496  59.474 0.0000000000
31214  3.478  -49.551  58.565 0.0000000000
31235  3.059  -49.829  57.494 0.0000000000
31215  2.941  -49.351  58.376 0.0000000000
32508  2.996  -49.091  58.828 0.0000000000
41560  3.533  -43.789  60.697 0.0000000000
42879  3.984  -43.348  60.580 0.0000000000
42878  4.493  -42.304  60.556 0.0000000000
44271  2.193  -40.473  55.360 0.0000000000
44284  2.819  -40.528  54.402 0.0000000000
44298  3.048  -39.977  53.526 0.0000000000
42957  2.919  -39.562  52.088 0.0000000000
33766  5.476  -47.735  62.476 0.0000000000
35022  5.534  -46.847  62.793 0.0000000000
35009  5.993  -46.095  62.667 0.0000000000
37498  6.505  -45.316  63.415 0.0000000000
42814  9.263  -42.681  64.525 0.0000000000
44143  9.256  -41.588  64.309 0.0000000000
44144  9.069  -41.028  64.222 0.0000000000
35062  10.740  -45.997  62.129 0.0000000000
37522  10.941  -45.991  61.352 0.0000000000
36270  10.652  -46.094  61.418 0.0000000000
36288  10.178  -46.189  60.813 0.0000000000
33768  7.770  -47.020  62.043 0.0000000000
33775  7.486  -47.726  61.654 0.0000000000
33769  6.886  -47.881  62.044 0.0000000000
33770  6.286  -48.134  62.209 0.0000000000
143385  4.816  -38.241  60.681 0.0000000000
50515  3.995  -38.850  60.356 0.0000000000
143390  4.338  -37.777  60.244 0.0000000000
143387  3.951  -37.801  59.081 0.0000000000
51642  5.087  -37.151  57.631 0.0000000000
51659  5.248  -36.776  56.808 0.0000000000
50565  3.719  -37.442  56.678 0.0000000000
49375  1.665  -38.403  57.056 0.0000000000
50582  3.464  -37.547  56.040 0.0000000000
50583  2.747  -37.761  55.791 0.0000000000
50595  3.023  -37.347  54.999 0.0000000000
37572  20.010  -44.924  58.099 0.0000000000
36279  19.744  -45.366  60.650 0.0000000000
36281  17.840  -45.014  60.996 0.0000000000
36252  17.436  -44.888  61.588 0.0000000000
36197  14.401  -44.930  63.900 0.0000000000
37633  -0.022  -46.966  54.332 0.0000000000
37632  0.490  -46.887  54.876 0.0000000000
37545  2.183  -46.434  59.367 0.0000000000
37501  4.206  -45.557  63.997 0.0000000000
37507  3.980  -45.964  63.576 0.0000000000
38799  4.484  -45.087  64.044 0.0000000000
40163  4.010  -44.357  64.072 0.0000000000
46858  5.888  -40.499  64.134 0.0000000000
45534  5.366  -41.259  63.891 0.0000000000
45549  5.112  -40.942  63.566 0.0000000000
45559  4.236  -41.391  63.471 0.0000000000
45560  3.971  -41.491  63.119 0.0000000000
46882  4.215  -41.106  63.111 0.0000000000
46894  4.797  -40.097  62.608 0.0000000000
48141  5.138  -39.566  62.490 0.0000000000
49305  5.189  -39.114  62.169 0.0000000000
50475  6.263  -39.184  61.862 0.0000000000
49287  6.977  -38.641  61.979 0.0000000000
48139  7.070  -38.240  61.807 0.0000000000
38825  12.879  -44.143  59.188 0.0000000000
40201  13.019  -43.588  58.850 0.0000000000
40202  12.396  -43.717  58.502 0.0000000000
33823  6.758  -48.718  56.375 0.0000000000
32547  6.328  -49.322  56.005 0.0000000000
32581  5.775  -49.891  54.533 0.0000000000
31294  4.422  -50.531  55.519 0.0000000000
32565  1.417  -49.650  55.311 0.0000000000
31315  1.589  -50.088  54.764 0.0000000000
35123  -0.054  -47.857  54.111 0.0000000000
40273  2.437  -46.317  54.780 0.0000000000
41621  4.910  -44.012  56.866 0.0000000000
41658  5.768  -44.432  54.682 0.0000000000
41657  6.696  -43.400  55.010 0.0000000000
42927  6.974  -42.946  55.125 0.0000000000
45618  5.445  -40.861  58.364 0.0000000000
44253  5.093  -41.065  55.680 0.0000000000
45665  7.178  -41.212  56.158 0.0000000000
45676  8.028  -41.139  54.364 0.0000000000
45688  8.308  -40.966  53.825 0.0000000000
46997  8.174  -40.317  53.435 0.0000000000
47015  8.245  -39.960  52.951 0.0000000000
47016  7.570  -39.752  52.587 0.0000000000
45719  5.494  -39.216  51.509 0.0000000000
47032  5.958  -39.183  50.774 0.0000000000
52794  3.518  -34.267  53.443 0.0000000000
51732  2.342  -35.156  52.630 0.0000000000
52820  2.128  -34.977  50.833 0.0000000000
51742  1.707  -35.513  51.177 0.0000000000
51754  1.974  -35.950  50.572 0.0000000000
50642  2.177  -36.777  50.375 0.0000000000
48281  2.201  -37.550  50.532 0.0000000000
47064  2.108  -38.089  49.961 0.0000000000
45787  2.080  -38.681  48.476 0.0000000000
45786  2.088  -39.160  48.109 0.0000000000
35007  7.396  -45.657  62.795 0.0000000000
36218  8.041  -45.178  63.537 0.0000000000
38786  9.332  -44.647  64.117 0.0000000000
40151  9.724  -44.245  64.155 0.0000000000
35031  12.339  -45.819  62.454 0.0000000000
35034  8.809  -46.514  62.172 0.0000000000
33767  8.252  -46.859  62.004 0.0000000000
35035  8.247  -46.521  62.304 0.0000000000
35019  7.735  -46.422  62.424 0.0000000000
50524  7.936  -37.204  59.743 0.0000000000
49347  6.518  -37.352  59.440 0.0000000000
50525  7.322  -37.197  59.405 0.0000000000
50560  9.236  -36.467  57.622 0.0000000000
50561  8.228  -36.549  57.389 0.0000000000
51656  6.813  -36.363  57.771 0.0000000000
50580  6.646  -36.492  56.941 0.0000000000
51675  6.543  -36.368  56.504 0.0000000000
52751  6.279  -35.970  55.773 0.0000000000
36344  1.119  -47.614  56.993 0.0000000000
37530  2.593  -46.393  59.949 0.0000000000
38809  2.540  -45.028  62.098 0.0000000000
42818  6.775  -42.829  63.908 0.0000000000
42819  5.974  -42.774  64.095 0.0000000000
44136  6.882  -42.021  64.138 0.0000000000
45523  6.603  -41.409  64.409 0.0000000000
46857  6.630  -40.648  64.422 0.0000000000
46869  8.445  -39.883  64.195 0.0000000000
48098  7.514  -40.062  64.241 0.0000000000
48099  7.109  -39.962  64.146 0.0000000000
31210  5.506  -49.576  58.692 0.0000000000
31233  5.165  -49.871  58.082 0.0000000000
31254  4.562  -50.069  57.333 0.0000000000
31212  4.661  -49.848  58.405 0.0000000000
29894  4.237  -50.012  57.531 0.0000000000
29933  3.984  -50.562  55.983 0.0000000000
29965  2.974  -50.655  54.470 0.0000000000
29952  2.433  -50.479  55.811 0.0000000000
31256  2.383  -50.091  57.073 0.0000000000
31257  1.921  -50.013  56.926 0.0000000000
32549  1.565  -49.693  56.211 0.0000000000
41603  2.855  -45.392  57.814 0.0000000000
41623  3.023  -45.484  56.969 0.0000000000
41599  6.278  -43.016  58.115 0.0000000000
45668  5.279  -40.395  54.916 0.0000000000
45679  5.865  -39.981  54.648 0.0000000000
46983  5.777  -39.648  53.898 0.0000000000
47001  5.191  -39.512  53.292 0.0000000000
45692  4.865  -39.571  53.115 0.0000000000
44311  4.289  -39.605  52.387 0.0000000000
45705  4.790  -39.455  52.043 0.0000000000
45720  4.759  -39.486  51.154 0.0000000000
51786  3.551  -35.868  48.406 0.0000000000
50690  3.311  -36.758  47.799 0.0000000000
49525  2.662  -37.631  47.339 0.0000000000
49542  3.223  -36.829  46.774 0.0000000000
52917  3.072  -34.650  44.186 0.0000000000
41721  6.762  -44.485  50.680 0.0000000000
33782  3.808  -48.967  61.333 0.0000000000
33779  3.879  -48.568  61.459 0.0000000000
35051  4.402  -48.172  61.851 0.0000000000
35037  4.321  -47.544  62.268 0.0000000000
36233  4.344  -46.635  63.163 0.0000000000
36232  4.806  -46.493  63.161 0.0000000000
37506  4.454  -46.345  63.357 0.0000000000
37500  4.728  -45.732  63.470 0.0000000000
38791  5.946  -44.715  63.562 0.0000000000
40156  6.152  -44.258  63.601 0.0000000000
36219  7.175  -45.335  63.412 0.0000000000
37486  7.306  -45.061  63.841 0.0000000000
40153  7.991  -44.329  64.421 0.0000000000
38789  7.153  -44.804  63.803 0.0000000000
40155  6.866  -44.333  63.644 0.0000000000
41522  7.195  -43.704  63.742 0.0000000000
42802  7.225  -42.479  63.992 0.0000000000
45520  8.189  -41.182  64.256 0.0000000000
44161  9.076  -40.826  64.221 0.0000000000
37576  16.505  -43.871  59.583 0.0000000000
38856  15.983  -43.318  59.369 0.0000000000
37559  13.050  -44.505  60.021 0.0000000000
38839  12.561  -44.237  59.431 0.0000000000
37560  11.843  -44.526  59.886 0.0000000000
36287  11.120  -45.771  61.097 0.0000000000
37541  11.106  -44.931  60.392 0.0000000000
37561  10.614  -44.706  59.489 0.0000000000
38841  10.377  -44.754  58.345 0.0000000000
37563  9.449  -46.207  58.719 0.0000000000
33814  7.231  -48.134  57.762 0.0000000000
33815  6.929  -48.810  57.360 0.0000000000
33785  7.670  -47.876  60.578 0.0000000000
32507  6.011  -49.224  59.313 0.0000000000
31192  5.906  -49.304  60.022 0.0000000000
31189  5.400  -49.271  60.918 0.0000000000
32490  4.215  -49.158  61.298 0.0000000000
45597  3.269  -40.814  60.923 0.0000000000
46921  3.344  -39.713  60.010 0.0000000000
46927  3.467  -39.560  59.820 0.0000000000
45621  2.883  -39.541  57.970 0.0000000000
50547  4.368  -37.329  57.681 0.0000000000
49356  3.372  -37.781  58.159 0.0000000000
45638  2.046  -39.917  57.176 0.0000000000
44241  2.210  -40.177  56.759 0.0000000000
45656  2.013  -39.526  56.083 0.0000000000
44258  2.261  -39.766  55.676 0.0000000000
44272  2.005  -40.097  55.324 0.0000000000
45681  1.429  -39.912  54.816 0.0000000000
38783  12.824  -44.176  63.723 0.0000000000
40148  13.105  -44.214  63.775 0.0000000000
41515  13.518  -43.949  63.866 0.0000000000
37575  17.480  -44.213  59.047 0.0000000000
36320  21.675  -45.650  58.748 0.0000000000
36323  19.465  -45.238  59.406 0.0000000000
37554  18.693  -44.611  59.050 0.0000000000
37556  16.796  -44.314  60.091 0.0000000000
36282  16.754  -44.884  61.313 0.0000000000
36283  15.595  -45.137  61.374 0.0000000000
35057  15.055  -45.431  61.992 0.0000000000
36241  17.197  -45.030  61.753 0.0000000000
36242  16.171  -45.175  62.047 0.0000000000
35027  15.521  -45.366  62.180 0.0000000000
35028  14.666  -45.512  62.385 0.0000000000
35045  14.224  -45.605  62.186 0.0000000000
35029  13.858  -45.728  62.512 0.0000000000
35013  13.566  -45.773  63.034 0.0000000000
36212  13.969  -45.441  63.777 0.0000000000
38907  1.080  -46.491  54.742 0.0000000000
40274  1.830  -46.365  54.800 0.0000000000
37580  1.524  -46.835  57.379 0.0000000000
38828  1.614  -46.238  58.473 0.0000000000
44196  2.943  -41.398  61.477 0.0000000000
35064  3.721  -47.892  61.256 0.0000000000
36255  3.354  -47.103  61.937 0.0000000000
37517  2.693  -46.638  62.036 0.0000000000
37508  3.358  -46.053  63.159 0.0000000000
37513  2.674  -46.267  62.553 0.0000000000
37514  2.191  -45.870  62.339 0.0000000000
40172  2.498  -44.609  62.363 0.0000000000
41525  4.999  -42.990  63.642 0.0000000000
41534  3.531  -43.484  63.923 0.0000000000
42837  3.901  -42.572  63.871 0.0000000000
41535  2.823  -43.555  63.710 0.0000000000
44178  3.258  -41.779  62.610 0.0000000000
44179  2.856  -41.978  62.582 0.0000000000
49328  4.306  -39.315  61.035 0.0000000000
50491  5.338  -38.912  61.676 0.0000000000
50492  4.949  -38.890  61.576 0.0000000000
50506  4.851  -38.781  60.974 0.0000000000
48150  7.348  -37.680  61.575 0.0000000000
49326  7.550  -37.560  60.988 0.0000000000
40216  15.546  -42.802  58.762 0.0000000000
40235  15.237  -42.234  58.136 0.0000000000
40217  14.117  -42.892  58.687 0.0000000000
31252  5.480  -49.734  56.854 0.0000000000
31292  5.423  -50.015  55.468 0.0000000000
31328  5.366  -50.296  54.219 0.0000000000
32617  5.552  -50.151  52.890 0.0000000000
41568  5.580  -42.859  59.450 0.0000000000
41582  6.016  -42.843  58.981 0.0000000000
45634  6.025  -40.778  57.639 0.0000000000
45617  6.193  -40.973  58.368 0.0000000000
42888  6.518  -41.964  58.029 0.0000000000
42899  6.823  -42.297  57.608 0.0000000000
42910  7.096  -42.714  56.607 0.0000000000
42917  7.033  -42.898  55.616 0.0000000000
42926  7.355  -42.759  54.814 0.0000000000
44281  7.863  -41.932  55.055 0.0000000000
42940  7.829  -42.973  53.705 0.0000000000
42954  7.925  -43.095  52.564 0.0000000000
42972  8.119  -43.165  51.455 0.0000000000
42971  8.702  -42.532  51.143 0.0000000000
44345  8.958  -41.839  50.772 0.0000000000
46999  6.657  -39.492  53.442 0.0000000000
47030  7.400  -39.709  51.636 0.0000000000
52765  8.662  -35.174  54.838 0.0000000000
52766  7.394  -35.292  54.786 0.0000000000
52767  6.425  -35.658  55.248 0.0000000000
52781  6.626  -34.667  53.899 0.0000000000
51692  6.480  -35.300  54.604 0.0000000000
51693  5.472  -35.874  54.925 0.0000000000
50606  3.442  -36.901  54.452 0.0000000000
51713  2.727  -37.363  54.317 0.0000000000
50608  2.300  -37.547  54.230 0.0000000000
49404  1.670  -37.834  54.145 0.0000000000
48241  1.284  -38.435  53.500 0.0000000000
47002  1.468  -38.975  53.105 0.0000000000
52803  1.840  -34.598  52.623 0.0000000000
51734  1.608  -35.800  52.184 0.0000000000
51743  1.513  -36.015  51.600 0.0000000000
50623  1.458  -36.610  52.072 0.0000000000
49420  1.545  -37.162  52.530 0.0000000000
45706  1.794  -39.269  52.638 0.0000000000
44331  2.650  -39.526  52.091 0.0000000000
42975  2.892  -39.534  51.609 0.0000000000
44366  2.610  -38.903  50.475 0.0000000000
42994  2.938  -39.546  51.122 0.0000000000
42993  3.429  -39.613  51.010 0.0000000000
44347  4.016  -39.555  50.662 0.0000000000
44362  4.179  -39.419  50.152 0.0000000000
45753  4.473  -39.529  49.397 0.0000000000
48343  2.468  -38.006  46.819 0.0000000000
45807  2.000  -39.139  47.081 0.0000000000
45784  3.735  -39.779  47.373 0.0000000000
47063  5.091  -39.384  49.244 0.0000000000
29870  4.052  -50.142  58.065 0.0000000000
29915  3.678  -50.299  56.908 0.0000000000
29916  3.211  -50.248  57.095 0.0000000000
29950  3.610  -50.716  55.248 0.0000000000
29953  2.135  -50.326  55.668 0.0000000000
29976  4.278  -50.734  53.333 0.0000000000
31191  4.258  -49.235  60.827 0.0000000000
31195  4.332  -49.318  60.329 0.0000000000
31255  2.856  -50.178  57.123 0.0000000000
31278  1.870  -50.110  56.542 0.0000000000
31296  2.129  -50.386  55.911 0.0000000000
31311  5.388  -50.162  54.936 0.0000000000
31346  5.583  -50.184  52.508 0.0000000000
32519  5.100  -49.956  57.662 0.0000000000
32520  4.994  -49.990  57.948 0.0000000000
32531  5.084  -50.057  57.403 0.0000000000
32532  4.945  -50.059  57.779 0.0000000000
32533  1.973  -49.765  57.122 0.0000000000
32564  5.735  -49.711  55.494 0.0000000000
32597  5.342  -50.261  53.190 0.0000000000
33773  4.524  -48.418  61.935 0.0000000000
33776  6.954  -48.145  61.819 0.0000000000
33777  4.671  -48.956  62.026 0.0000000000
33809  1.628  -48.791  57.447 0.0000000000
35024  4.327  -46.947  62.700 0.0000000000
35052  4.131  -47.855  61.732 0.0000000000
36266  14.866  -45.400  61.818 0.0000000000
36381  0.147  -47.481  54.598 0.0000000000
36382  -0.254  -47.366  54.164 0.0000000000
36393  -0.252  -47.304  53.793 0.0000000000
37497  6.981  -45.380  63.537 0.0000000000
37523  10.605  -46.149  61.153 0.0000000000
37528  11.098  -45.936  60.926 0.0000000000
37648  -0.295  -46.933  53.953 0.0000000000
38815  2.563  -45.051  61.893 0.0000000000
38824  13.109  -43.983  59.115 0.0000000000
40171  2.505  -44.891  62.251 0.0000000000
40191  12.883  -43.988  59.004 0.0000000000
40192  12.634  -43.937  58.897 0.0000000000
40193  12.171  -43.880  58.772 0.0000000000
41514  14.376  -43.867  63.940 0.0000000000
41532  4.530  -43.466  63.727 0.0000000000
41538  2.778  -44.079  63.350 0.0000000000
41580  12.610  -43.428  58.303 0.0000000000
41598  6.599  -42.818  57.696 0.0000000000
41656  7.054  -43.118  54.666 0.0000000000
42798  8.875  -42.365  64.482 0.0000000000
42799  8.629  -42.385  64.445 0.0000000000
42801  7.661  -42.486  64.115 0.0000000000
42900  6.441  -42.522  58.055 0.0000000000
42956  3.186  -39.569  51.937 0.0000000000
42973  3.792  -39.600  51.137 0.0000000000
42974  3.320  -39.580  51.376 0.0000000000
42992  3.764  -39.510  50.752 0.0000000000
43009  3.698  -39.348  50.458 0.0000000000
43011  3.105  -39.524  50.912 0.0000000000
44133  8.440  -41.896  64.097 0.0000000000
44135  7.386  -41.926  64.050 0.0000000000
44146  5.610  -41.976  64.349 0.0000000000
44172  3.289  -42.055  63.131 0.0000000000
44194  3.657  -41.638  61.191 0.0000000000
44206  3.184  -41.269  61.198 0.0000000000
44224  6.558  -41.458  58.090 0.0000000000
44236  7.229  -41.867  57.180 0.0000000000
44267  5.187  -40.761  55.222 0.0000000000
44332  2.169  -39.312  52.107 0.0000000000
44349  2.369  -39.188  51.211 0.0000000000
44363  3.963  -39.277  49.983 0.0000000000
44364  3.456  -39.223  49.993 0.0000000000
44379  4.053  -39.601  49.537 0.0000000000
44382  2.810  -39.143  49.522 0.0000000000
44398  4.716  -40.393  46.954 0.0000000000
44400  4.266  -40.206  46.972 0.0000000000
44401  2.782  -39.564  48.868 0.0000000000
44419  4.749  -40.472  46.711 0.0000000000
44420  4.440  -40.042  46.779 0.0000000000
45522  7.057  -41.443  64.334 0.0000000000
45531  8.968  -41.203  64.212 0.0000000000
45548  9.114  -40.676  64.073 0.0000000000
45550  4.797  -41.235  63.565 0.0000000000
45616  6.554  -41.027  58.180 0.0000000000
45651  7.015  -41.357  56.560 0.0000000000
45655  2.105  -39.822  56.665 0.0000000000
45669  1.763  -39.810  55.467 0.0000000000
45718  5.940  -39.124  52.000 0.0000000000
45754  2.385  -38.456  50.302 0.0000000000
45771  2.410  -39.072  49.220 0.0000000000
45772  2.204  -38.455  49.420 0.0000000000
45782  4.724  -39.912  46.896 0.0000000000
45783  4.530  -39.806  47.307 0.0000000000
45785  2.854  -39.352  48.028 0.0000000000
45808  1.740  -38.976  47.779 0.0000000000
45827  2.860  -38.671  46.301 0.0000000000
46849  7.162  -40.980  64.559 0.0000000000
46850  6.841  -41.112  64.516 0.0000000000
46855  7.886  -40.325  64.294 0.0000000000
46871  4.951  -40.813  63.437 0.0000000000
46881  4.657  -40.698  63.194 0.0000000000
46893  5.082  -39.784  62.599 0.0000000000
46959  1.630  -39.153  56.403 0.0000000000
46984  5.243  -39.524  53.582 0.0000000000
47018  5.774  -39.193  52.681 0.0000000000
47079  1.880  -38.232  49.017 0.0000000000
47090  1.913  -38.484  47.618 0.0000000000
47091  1.903  -38.520  48.114 0.0000000000
47107  2.021  -38.581  47.133 0.0000000000
47128  2.530  -38.471  46.520 0.0000000000
48116  5.835  -39.924  63.019 0.0000000000
48130  5.209  -39.377  62.355 0.0000000000
48142  4.922  -39.459  62.406 0.0000000000
48143  4.590  -39.723  62.209 0.0000000000
48160  7.239  -37.618  61.187 0.0000000000
48188  1.926  -38.587  57.777 0.0000000000
48230  1.272  -38.485  54.611 0.0000000000
48280  2.296  -37.235  50.733 0.0000000000
48295  1.940  -37.646  49.521 0.0000000000
48326  2.286  -38.158  47.537 0.0000000000
48327  2.146  -38.004  47.878 0.0000000000
48359  2.901  -37.934  46.065 0.0000000000
49279  6.290  -39.669  62.842 0.0000000000
49288  6.613  -39.082  62.015 0.0000000000
49289  6.133  -39.504  62.307 0.0000000000
49290  5.569  -39.358  62.136 0.0000000000
49303  6.879  -38.367  61.652 0.0000000000
49304  6.491  -38.620  61.519 0.0000000000
49306  4.790  -39.048  62.096 0.0000000000
49317  6.288  -38.338  61.052 0.0000000000
49318  4.453  -39.273  61.700 0.0000000000
49336  8.306  -37.400  60.560 0.0000000000
49386  2.688  -37.892  56.516 0.0000000000
49388  1.560  -38.388  56.141 0.0000000000
49405  1.285  -37.930  53.684 0.0000000000
49434  2.274  -37.017  50.861 0.0000000000
49435  1.961  -37.164  51.296 0.0000000000
49451  2.266  -37.089  50.461 0.0000000000
49452  2.101  -37.230  50.068 0.0000000000
49484  2.383  -37.372  48.678 0.0000000000
49485  2.062  -37.406  48.909 0.0000000000
49502  2.986  -37.474  47.809 0.0000000000
49504  2.135  -37.796  48.412 0.0000000000
49524  3.041  -37.105  47.185 0.0000000000
50476  5.962  -39.219  61.780 0.0000000000
50477  5.585  -39.096  61.842 0.0000000000
50490  5.846  -38.899  61.510 0.0000000000
50504  5.806  -38.679  61.229 0.0000000000
50505  5.493  -38.651  61.155 0.0000000000
50526  3.889  -38.339  60.363 0.0000000000
50546  7.027  -36.641  58.364 0.0000000000
50562  7.251  -36.482  57.558 0.0000000000
50563  6.808  -36.458  57.383 0.0000000000
50579  7.006  -36.505  56.914 0.0000000000
50581  3.858  -37.315  55.603 0.0000000000
50594  3.587  -37.162  55.004 0.0000000000
50596  2.413  -37.615  55.091 0.0000000000
50607  3.326  -37.150  54.582 0.0000000000
50643  2.202  -36.973  50.197 0.0000000000
50660  2.125  -37.016  49.911 0.0000000000
50673  3.267  -36.403  48.444 0.0000000000
50674  2.934  -36.725  48.774 0.0000000000
50676  2.140  -37.066  49.450 0.0000000000
50689  3.513  -36.279  48.027 0.0000000000
50710  3.258  -36.520  46.933 0.0000000000
50728  3.413  -36.378  46.364 0.0000000000
51625  6.798  -36.763  58.398 0.0000000000
51638  7.068  -36.422  58.088 0.0000000000
51639  6.709  -36.498  58.134 0.0000000000
51641  5.590  -36.826  57.482 0.0000000000
51657  6.499  -36.485  57.439 0.0000000000
51661  3.986  -37.357  56.503 0.0000000000
51696  2.923  -37.331  54.514 0.0000000000
51697  2.743  -37.407  54.722 0.0000000000
51707  6.648  -34.917  54.230 0.0000000000
51711  3.582  -36.409  54.330 0.0000000000
51719  5.697  -34.694  53.577 0.0000000000
51769  2.289  -36.361  49.885 0.0000000000
51785  4.124  -35.394  47.823 0.0000000000
51801  3.651  -35.715  47.319 0.0000000000
51821  3.486  -35.705  46.468 0.0000000000
51839  3.082  -35.403  45.246 0.0000000000
51854  2.940  -35.350  44.598 0.0000000000
52749  8.013  -35.854  55.459 0.0000000000
52780  7.237  -34.694  54.131 0.0000000000
52792  5.373  -34.212  53.452 0.0000000000
52863  3.716  -35.146  46.726 0.0000000000
52875  3.291  -35.105  45.914 0.0000000000
52894  3.039  -34.520  44.730 0.0000000000
143388  4.407  -38.389  60.628 0.0000000000
143391  4.299  -38.871  60.606 0.0000000000
