#!ascii label  , from subject S5_08 vox2ras=TkReg
1268
43058  19.982  -40.882  47.191 0.0000000000
49351  31.951  -36.255  58.979 0.0000000000
76612  40.847  -14.025  38.463 0.0000000000
66963  32.283  -23.082  45.584 0.0000000000
61856  38.037  -26.481  53.113 0.0000000000
91971  50.988  -0.869  34.572 0.0000000000
71984  40.834  -16.673  40.846 0.0000000000
70825  36.306  -17.322  40.613 0.0000000000
44395  15.615  -41.465  47.853 0.0000000000
45712  25.070  -39.457  53.600 0.0000000000
50620  29.958  -35.649  53.364 0.0000000000
47102  22.693  -38.504  46.774 0.0000000000
84985  46.222  -7.607  37.474 0.0000000000
38968  22.154  -43.516  51.738 0.0000000000
41683  19.260  -41.922  53.789 0.0000000000
79999  46.125  -11.073  39.724 0.0000000000
41685  13.471  -42.579  52.712 0.0000000000
37688  10.937  -46.006  50.382 0.0000000000
69493  35.363  -19.312  46.759 0.0000000000
65753  35.841  -24.647  49.821 0.0000000000
59588  35.172  -27.852  47.780 0.0000000000
55024  32.717  -31.561  51.321 0.0000000000
73048  40.355  -15.674  44.593 0.0000000000
71986  38.858  -16.875  40.517 0.0000000000
73069  38.191  -16.454  43.444 0.0000000000
73045  43.335  -15.563  44.436 0.0000000000
44435  18.993  -40.559  45.154 0.0000000000
44457  17.530  -41.319  44.837 0.0000000000
44393  17.988  -40.144  47.897 0.0000000000
43019  22.340  -41.363  49.295 0.0000000000
45748  23.316  -39.419  50.086 0.0000000000
44412  21.321  -40.447  46.764 0.0000000000
45860  21.282  -40.626  43.672 0.0000000000
78882  40.345  -12.581  37.235 0.0000000000
75412  43.589  -14.766  39.652 0.0000000000
77782  43.292  -12.930  39.377 0.0000000000
81178  42.813  -10.039  37.843 0.0000000000
41631  18.078  -42.427  56.603 0.0000000000
42925  16.607  -40.906  54.576 0.0000000000
41615  14.824  -41.938  57.295 0.0000000000
36355  9.558  -46.415  55.809 0.0000000000
37645  10.810  -44.989  53.605 0.0000000000
36414  9.453  -47.123  51.610 0.0000000000
35204  7.872  -48.017  49.556 0.0000000000
33899  6.913  -48.742  51.491 0.0000000000
65685  36.114  -24.614  53.439 0.0000000000
64386  37.023  -25.387  51.806 0.0000000000
64481  36.393  -25.503  48.291 0.0000000000
61887  38.036  -26.204  49.805 0.0000000000
51764  26.785  -34.644  50.860 0.0000000000
51739  31.852  -33.376  52.311 0.0000000000
52842  28.955  -32.806  49.860 0.0000000000
53957  30.302  -31.665  48.515 0.0000000000
68177  33.129  -20.757  46.108 0.0000000000
69550  33.882  -19.638  42.624 0.0000000000
68229  31.867  -21.947  42.776 0.0000000000
94248  54.324  1.123  33.622 0.0000000000
91981  51.430  -1.020  32.161 0.0000000000
73142  40.298  -16.117  39.296 0.0000000000
72017  38.604  -17.340  38.653 0.0000000000
71996  43.366  -16.310  40.975 0.0000000000
46979  29.911  -38.393  55.921 0.0000000000
49401  31.659  -35.606  55.918 0.0000000000
48251  28.079  -37.396  53.952 0.0000000000
49465  25.014  -36.495  51.093 0.0000000000
49496  22.992  -36.829  47.487 0.0000000000
83743  49.142  -8.453  38.686 0.0000000000
86254  48.535  -6.060  37.278 0.0000000000
88639  48.375  -4.395  36.339 0.0000000000
89793  48.236  -2.984  33.534 0.0000000000
40379  20.707  -42.227  49.565 0.0000000000
41734  19.813  -41.346  50.157 0.0000000000
40318  20.317  -42.883  51.975 0.0000000000
42948  23.540  -41.868  53.254 0.0000000000
82443  45.666  -9.350  38.472 0.0000000000
42986  17.714  -40.395  50.576 0.0000000000
42988  15.129  -41.413  50.205 0.0000000000
40363  13.433  -43.469  49.416 0.0000000000
40251  12.205  -43.229  55.374 0.0000000000
38936  12.388  -44.357  51.925 0.0000000000
30004  3.998  -51.376  51.661 0.0000000000
70758  37.968  -18.278  47.040 0.0000000000
68121  33.373  -21.839  48.385 0.0000000000
66892  34.194  -22.697  51.204 0.0000000000
65792  33.705  -23.629  47.713 0.0000000000
64514  34.388  -25.218  46.320 0.0000000000
60755  35.507  -26.992  44.502 0.0000000000
58490  32.888  -28.644  44.595 0.0000000000
52757  33.777  -34.087  55.589 0.0000000000
56074  33.717  -31.158  54.893 0.0000000000
58377  35.390  -28.177  52.793 0.0000000000
57332  33.270  -29.586  49.640 0.0000000000
56200  30.805  -30.302  46.127 0.0000000000
71932  35.665  -17.974  43.478 0.0000000000
70864  34.348  -19.171  39.972 0.0000000000
74171  40.106  -16.219  46.051 0.0000000000
73068  39.116  -16.114  43.535 0.0000000000
73031  38.624  -16.748  45.502 0.0000000000
73028  41.514  -15.594  45.509 0.0000000000
43078  19.851  -40.651  46.004 0.0000000000
44414  18.321  -40.376  46.453 0.0000000000
43059  19.279  -40.530  47.246 0.0000000000
41785  20.801  -40.713  47.846 0.0000000000
43054  21.421  -40.600  47.803 0.0000000000
43076  20.889  -40.822  46.353 0.0000000000
44433  20.840  -40.824  45.432 0.0000000000
77785  40.510  -13.234  37.942 0.0000000000
75426  42.108  -14.693  39.392 0.0000000000
76596  43.536  -13.867  39.581 0.0000000000
77784  41.375  -13.106  38.532 0.0000000000
78880  41.903  -12.176  38.456 0.0000000000
35120  8.848  -47.204  54.674 0.0000000000
36390  9.338  -46.702  53.342 0.0000000000
36391  8.869  -47.040  53.126 0.0000000000
35185  8.535  -47.775  50.367 0.0000000000
35167  7.785  -48.234  51.416 0.0000000000
33898  7.319  -48.507  50.775 0.0000000000
65668  37.277  -25.480  53.684 0.0000000000
64385  37.588  -25.636  52.004 0.0000000000
64414  37.622  -25.156  50.398 0.0000000000
63097  38.059  -25.924  51.696 0.0000000000
50538  33.067  -35.074  58.938 0.0000000000
52861  25.036  -34.209  48.631 0.0000000000
51780  27.911  -33.906  50.370 0.0000000000
52860  26.023  -33.215  48.420 0.0000000000
53961  26.762  -32.668  48.150 0.0000000000
68178  32.672  -21.934  45.760 0.0000000000
68193  32.771  -20.833  44.816 0.0000000000
90865  50.405  -2.082  35.662 0.0000000000
93105  52.422  -0.778  36.473 0.0000000000
93111  52.838  -0.128  35.429 0.0000000000
94246  52.752  0.297  34.278 0.0000000000
91975  51.005  -0.786  33.497 0.0000000000
70874  40.475  -16.832  39.863 0.0000000000
73143  39.535  -16.566  39.011 0.0000000000
70875  39.747  -17.077  39.679 0.0000000000
71987  37.875  -16.909  40.380 0.0000000000
70860  37.576  -17.454  39.154 0.0000000000
70861  36.504  -17.582  39.022 0.0000000000
71928  42.696  -15.693  42.699 0.0000000000
71998  41.534  -16.563  40.424 0.0000000000
73140  42.470  -16.114  39.678 0.0000000000
44416  16.448  -41.560  46.115 0.0000000000
43022  14.989  -41.757  48.152 0.0000000000
46996  27.725  -38.900  54.678 0.0000000000
48240  28.336  -37.891  54.488 0.0000000000
47026  26.899  -38.160  53.795 0.0000000000
47086  22.564  -38.439  48.032 0.0000000000
48289  23.940  -37.615  50.754 0.0000000000
48320  22.774  -37.623  48.319 0.0000000000
49479  23.223  -36.837  48.692 0.0000000000
48338  22.879  -37.745  47.129 0.0000000000
47121  22.447  -38.669  45.671 0.0000000000
63202  34.458  -25.569  44.093 0.0000000000
83754  46.896  -8.112  38.138 0.0000000000
84983  48.644  -7.534  38.197 0.0000000000
84996  47.016  -6.738  36.997 0.0000000000
87501  46.821  -5.021  35.623 0.0000000000
88653  47.224  -4.344  34.548 0.0000000000
89785  48.087  -3.733  35.142 0.0000000000
40359  21.406  -42.686  50.588 0.0000000000
40360  20.822  -42.471  50.464 0.0000000000
38970  21.159  -43.343  51.704 0.0000000000
40336  22.732  -42.860  51.325 0.0000000000
41732  22.125  -42.533  49.912 0.0000000000
82430  47.679  -9.139  39.272 0.0000000000
81164  46.127  -10.413  39.237 0.0000000000
82445  43.547  -9.578  37.732 0.0000000000
41717  19.442  -41.354  51.154 0.0000000000
41718  18.615  -40.612  50.846 0.0000000000
41701  18.777  -40.791  51.956 0.0000000000
42937  14.608  -41.566  53.363 0.0000000000
42951  15.166  -41.256  52.581 0.0000000000
42970  14.616  -41.704  51.809 0.0000000000
41719  13.660  -42.674  50.349 0.0000000000
40320  13.009  -43.190  50.905 0.0000000000
40219  11.574  -43.743  57.707 0.0000000000
37676  10.801  -45.650  51.414 0.0000000000
38920  11.526  -44.465  53.116 0.0000000000
37687  11.434  -45.153  50.703 0.0000000000
38987  11.963  -44.869  49.855 0.0000000000
69427  34.326  -20.407  49.192 0.0000000000
65713  35.442  -24.293  51.684 0.0000000000
65714  34.724  -23.461  52.063 0.0000000000
65733  34.739  -23.700  51.017 0.0000000000
65755  33.675  -23.230  49.435 0.0000000000
65791  34.584  -24.015  47.983 0.0000000000
65806  33.940  -24.356  47.331 0.0000000000
65805  34.648  -24.712  47.704 0.0000000000
61909  36.292  -26.101  47.622 0.0000000000
64512  35.611  -25.893  46.906 0.0000000000
59606  35.339  -27.245  46.174 0.0000000000
59616  34.679  -27.645  44.646 0.0000000000
58476  34.183  -28.158  46.307 0.0000000000
49416  30.762  -35.513  54.423 0.0000000000
50601  32.802  -35.013  55.232 0.0000000000
51718  32.316  -34.620  54.358 0.0000000000
52816  32.182  -32.748  51.746 0.0000000000
55004  32.986  -32.465  54.054 0.0000000000
56112  32.952  -31.038  53.141 0.0000000000
58365  34.417  -29.139  53.987 0.0000000000
57300  33.631  -29.499  51.680 0.0000000000
58415  34.709  -28.358  50.577 0.0000000000
56157  32.864  -30.496  50.096 0.0000000000
55059  28.759  -31.110  46.651 0.0000000000
55057  30.223  -30.812  47.540 0.0000000000
70760  36.215  -18.705  46.661 0.0000000000
70789  36.310  -18.007  45.186 0.0000000000
69522  35.522  -18.541  45.020 0.0000000000
69564  33.359  -20.517  41.965 0.0000000000
70828  34.387  -19.146  41.959 0.0000000000
93130  54.217  -0.578  30.744 0.0000000000
73084  40.969  -15.758  42.679 0.0000000000
71985  39.825  -16.794  40.687 0.0000000000
71946  39.707  -16.344  41.845 0.0000000000
71947  38.683  -16.471  41.801 0.0000000000
71949  36.847  -17.016  42.061 0.0000000000
73026  43.490  -15.667  45.548 0.0000000000
73046  42.419  -15.555  44.391 0.0000000000
44456  18.051  -41.180  44.143 0.0000000000
45799  17.523  -40.572  45.869 0.0000000000
44375  16.855  -40.543  48.488 0.0000000000
44340  23.562  -40.549  51.697 0.0000000000
45729  24.173  -39.320  51.986 0.0000000000
44372  22.712  -40.396  49.648 0.0000000000
45779  22.156  -39.976  47.530 0.0000000000
45798  22.124  -39.540  46.710 0.0000000000
45818  21.803  -39.730  45.354 0.0000000000
44452  21.167  -40.609  44.841 0.0000000000
44453  20.731  -40.742  44.265 0.0000000000
85014  44.143  -7.731  35.513 0.0000000000
37673  21.550  -43.629  52.986 0.0000000000
76594  44.599  -14.022  39.847 0.0000000000
77780  44.653  -12.640  39.535 0.0000000000
78877  44.548  -11.907  39.518 0.0000000000
80014  44.575  -11.114  38.903 0.0000000000
80015  43.370  -11.030  38.699 0.0000000000
80017  41.510  -11.440  37.889 0.0000000000
41650  18.971  -42.286  55.443 0.0000000000
41667  18.442  -41.403  54.421 0.0000000000
42924  17.488  -41.222  54.842 0.0000000000
41652  16.595  -41.385  55.551 0.0000000000
41654  13.840  -41.614  54.928 0.0000000000
38878  10.730  -44.525  56.170 0.0000000000
37630  10.314  -45.563  54.285 0.0000000000
36401  10.383  -46.164  52.380 0.0000000000
37689  10.324  -46.575  50.188 0.0000000000
36443  9.329  -47.217  49.633 0.0000000000
65699  36.180  -24.662  52.308 0.0000000000
65731  36.750  -24.522  50.380 0.0000000000
65772  35.909  -24.862  49.244 0.0000000000
65752  36.936  -24.261  49.604 0.0000000000
63133  37.427  -25.619  48.871 0.0000000000
60721  36.989  -26.723  48.757 0.0000000000
50637  29.238  -34.848  52.193 0.0000000000
50626  30.904  -34.775  52.743 0.0000000000
51751  29.393  -34.289  51.704 0.0000000000
51760  30.624  -33.282  51.013 0.0000000000
52825  31.560  -32.535  50.429 0.0000000000
53945  31.836  -32.037  49.639 0.0000000000
52857  29.294  -32.299  49.160 0.0000000000
53972  27.231  -31.766  47.265 0.0000000000
69494  34.212  -20.097  46.789 0.0000000000
69523  34.731  -19.221  44.622 0.0000000000
69524  33.621  -19.954  45.287 0.0000000000
69551  33.021  -20.409  43.036 0.0000000000
94244  54.464  0.986  34.765 0.0000000000
93119  53.001  0.278  32.758 0.0000000000
74290  40.618  -15.481  39.158 0.0000000000
75429  39.320  -15.017  37.732 0.0000000000
74292  39.123  -15.948  37.928 0.0000000000
70859  38.597  -17.344  39.526 0.0000000000
70877  37.836  -17.451  38.449 0.0000000000
73062  44.968  -15.579  43.573 0.0000000000
73082  44.955  -15.542  42.891 0.0000000000
73113  45.317  -15.465  42.107 0.0000000000
74260  43.871  -15.786  40.096 0.0000000000
74289  41.668  -15.399  39.428 0.0000000000
48206  30.641  -37.530  56.956 0.0000000000
49379  31.672  -36.032  57.293 0.0000000000
48215  30.414  -36.781  56.224 0.0000000000
48238  29.574  -36.675  55.071 0.0000000000
49430  29.040  -36.153  53.404 0.0000000000
48267  25.189  -38.036  52.292 0.0000000000
49448  26.144  -36.439  52.381 0.0000000000
50639  26.973  -35.770  51.729 0.0000000000
50656  26.432  -35.378  51.084 0.0000000000
51783  24.302  -35.180  48.961 0.0000000000
51819  23.537  -35.094  46.876 0.0000000000
86252  50.018  -5.831  37.894 0.0000000000
87493  46.460  -5.765  36.105 0.0000000000
87491  47.963  -5.314  36.788 0.0000000000
88638  49.372  -4.445  36.881 0.0000000000
89778  49.142  -3.718  36.396 0.0000000000
89789  49.069  -2.607  35.298 0.0000000000
90870  49.262  -1.908  34.503 0.0000000000
91977  49.563  -1.704  32.886 0.0000000000
41768  20.552  -41.191  48.440 0.0000000000
41770  19.828  -41.034  48.721 0.0000000000
41733  20.049  -41.715  49.715 0.0000000000
40362  20.190  -41.785  51.028 0.0000000000
40319  20.143  -42.683  52.484 0.0000000000
38933  20.902  -43.505  53.001 0.0000000000
40282  19.825  -42.511  54.389 0.0000000000
40248  19.419  -43.298  56.070 0.0000000000
48181  31.141  -37.550  58.672 0.0000000000
46957  29.916  -38.652  57.190 0.0000000000
45674  28.625  -39.594  55.869 0.0000000000
45687  27.102  -40.024  55.081 0.0000000000
42946  25.200  -41.192  54.174 0.0000000000
44323  24.494  -40.358  53.459 0.0000000000
41730  22.796  -42.045  50.283 0.0000000000
41767  20.978  -41.537  48.570 0.0000000000
82429  48.839  -8.924  39.183 0.0000000000
82441  47.312  -8.584  38.571 0.0000000000
83755  45.977  -8.362  37.812 0.0000000000
81176  44.884  -10.092  38.673 0.0000000000
82444  44.362  -9.210  37.729 0.0000000000
83765  44.547  -8.262  36.905 0.0000000000
43020  19.201  -40.585  48.781 0.0000000000
44374  17.589  -40.242  49.079 0.0000000000
45750  16.243  -40.612  49.411 0.0000000000
42949  17.697  -40.711  52.408 0.0000000000
44326  16.412  -40.677  51.014 0.0000000000
44359  15.546  -40.967  49.580 0.0000000000
43023  14.334  -42.395  48.643 0.0000000000
41755  13.848  -43.224  47.961 0.0000000000
41616  13.439  -42.430  57.341 0.0000000000
41655  13.125  -42.484  54.438 0.0000000000
40283  12.137  -43.649  53.071 0.0000000000
41686  12.654  -43.177  52.587 0.0000000000
40344  12.595  -43.983  50.382 0.0000000000
31371  5.370  -50.132  51.347 0.0000000000
71887  38.953  -17.431  47.100 0.0000000000
69473  35.650  -19.360  47.850 0.0000000000
68140  34.072  -20.424  47.690 0.0000000000
68141  33.724  -20.955  47.937 0.0000000000
68142  33.198  -21.839  47.665 0.0000000000
66910  33.751  -22.519  50.016 0.0000000000
66928  33.285  -22.666  48.236 0.0000000000
66941  32.960  -22.934  47.515 0.0000000000
65840  33.555  -24.621  45.712 0.0000000000
64550  34.156  -25.306  44.819 0.0000000000
63182  35.130  -25.659  45.193 0.0000000000
64496  35.531  -25.394  47.744 0.0000000000
63168  35.283  -25.635  45.920 0.0000000000
60766  35.656  -26.917  43.890 0.0000000000
59627  35.194  -27.897  43.649 0.0000000000
58504  33.154  -28.416  43.434 0.0000000000
59492  37.865  -27.479  54.464 0.0000000000
50570  32.675  -34.921  57.003 0.0000000000
52738  33.898  -33.364  57.119 0.0000000000
54929  34.543  -32.354  56.412 0.0000000000
51729  32.451  -33.931  53.688 0.0000000000
54965  33.797  -32.471  55.142 0.0000000000
57240  34.421  -30.313  56.143 0.0000000000
58354  34.742  -29.154  55.071 0.0000000000
58363  36.407  -28.308  53.561 0.0000000000
59521  37.479  -27.474  52.886 0.0000000000
59536  36.520  -27.400  51.557 0.0000000000
58429  35.283  -28.068  49.840 0.0000000000
58440  34.593  -28.549  48.746 0.0000000000
55044  32.142  -31.172  48.841 0.0000000000
56176  32.286  -30.010  48.675 0.0000000000
57371  33.239  -29.099  47.410 0.0000000000
57386  31.998  -29.617  45.704 0.0000000000
71901  37.533  -17.435  45.398 0.0000000000
71930  36.832  -17.330  43.532 0.0000000000
71950  36.081  -17.354  42.467 0.0000000000
69536  34.382  -19.210  43.308 0.0000000000
70827  34.908  -18.500  41.504 0.0000000000
70846  35.583  -17.805  40.051 0.0000000000
90876  50.838  -1.667  31.908 0.0000000000
73010  39.698  -16.517  46.469 0.0000000000
73030  39.683  -16.272  45.662 0.0000000000
73009  40.635  -16.113  46.395 0.0000000000
44413  19.323  -40.483  46.397 0.0000000000
43036  19.770  -40.601  47.763 0.0000000000
41786  20.552  -40.728  47.906 0.0000000000
43057  20.574  -40.870  47.059 0.0000000000
43077  20.437  -40.840  46.192 0.0000000000
76613  39.964  -14.107  37.868 0.0000000000
77786  39.771  -13.337  37.363 0.0000000000
76611  41.773  -13.933  38.967 0.0000000000
35132  8.725  -47.328  53.744 0.0000000000
35148  8.547  -47.437  52.855 0.0000000000
35166  8.713  -47.585  51.708 0.0000000000
35149  7.883  -47.959  52.489 0.0000000000
63069  38.044  -26.146  53.630 0.0000000000
64370  37.563  -25.795  53.133 0.0000000000
63082  37.824  -26.132  52.638 0.0000000000
61867  37.985  -26.397  52.267 0.0000000000
49341  32.625  -35.729  59.471 0.0000000000
49350  32.327  -35.635  58.716 0.0000000000
52871  24.750  -33.745  47.018 0.0000000000
52870  25.556  -33.011  47.428 0.0000000000
68194  32.197  -22.164  44.714 0.0000000000
91969  50.531  -1.370  35.058 0.0000000000
91967  51.799  -1.303  36.363 0.0000000000
91968  51.228  -1.275  35.516 0.0000000000
93109  51.623  -0.579  34.917 0.0000000000
93113  51.650  -0.344  34.020 0.0000000000
71999  40.849  -16.725  40.459 0.0000000000
70857  40.304  -16.951  40.123 0.0000000000
71988  37.031  -17.050  40.291 0.0000000000
70844  37.318  -17.206  39.742 0.0000000000
70845  36.365  -17.326  39.778 0.0000000000
71965  41.384  -16.433  41.512 0.0000000000
71964  42.407  -16.326  41.774 0.0000000000
73116  41.255  -16.593  40.700 0.0000000000
44394  16.346  -41.072  47.392 0.0000000000
43039  15.879  -41.886  46.589 0.0000000000
43040  15.345  -42.009  47.211 0.0000000000
47013  26.360  -38.754  54.139 0.0000000000
47012  27.275  -38.541  54.296 0.0000000000
47120  22.724  -38.091  45.973 0.0000000000
63218  35.720  -26.127  42.662 0.0000000000
84984  47.349  -7.261  37.653 0.0000000000
84997  46.386  -6.949  36.975 0.0000000000
40338  21.933  -43.079  51.155 0.0000000000
38986  21.233  -42.741  51.148 0.0000000000
38969  21.670  -43.513  51.664 0.0000000000
38967  22.366  -43.404  51.734 0.0000000000
40337  22.426  -43.072  51.244 0.0000000000
78863  46.118  -11.744  40.361 0.0000000000
79986  46.697  -10.953  40.259 0.0000000000
81163  46.841  -10.294  39.508 0.0000000000
41700  19.431  -41.873  52.489 0.0000000000
41684  18.641  -41.030  53.186 0.0000000000
42952  14.297  -41.983  52.548 0.0000000000
41702  13.735  -42.438  51.598 0.0000000000
37675  11.338  -45.208  51.888 0.0000000000
37697  11.382  -45.568  49.395 0.0000000000
65732  35.578  -24.387  50.664 0.0000000000
65754  34.441  -23.878  49.913 0.0000000000
65773  34.963  -24.348  48.975 0.0000000000
60728  35.936  -27.045  47.968 0.0000000000
60737  35.792  -26.840  47.264 0.0000000000
59595  35.419  -27.287  46.714 0.0000000000
59608  34.676  -27.717  45.830 0.0000000000
59597  34.578  -27.938  46.583 0.0000000000
50613  31.374  -35.237  54.474 0.0000000000
50619  31.018  -34.988  53.575 0.0000000000
53923  32.476  -32.352  51.695 0.0000000000
55017  32.555  -31.729  52.346 0.0000000000
56129  32.801  -30.686  52.003 0.0000000000
57285  33.324  -29.979  52.869 0.0000000000
56146  32.878  -30.554  50.932 0.0000000000
69492  36.322  -18.861  47.342 0.0000000000
70777  35.844  -18.669  46.180 0.0000000000
69507  35.326  -18.974  45.682 0.0000000000
73066  41.171  -15.580  43.561 0.0000000000
71945  40.761  -16.221  41.965 0.0000000000
73067  40.115  -15.693  43.555 0.0000000000
73086  38.939  -16.191  42.601 0.0000000000
73087  37.962  -16.377  42.589 0.0000000000
71948  37.697  -16.651  41.843 0.0000000000
73088  37.165  -16.708  42.609 0.0000000000
73006  43.459  -15.942  46.684 0.0000000000
74190  42.031  -15.486  44.958 0.0000000000
73047  41.546  -15.546  44.590 0.0000000000
73083  41.733  -15.662  42.800 0.0000000000
44415  17.224  -40.689  46.411 0.0000000000
43018  22.423  -41.020  49.639 0.0000000000
44357  23.069  -40.456  50.735 0.0000000000
44373  22.375  -40.705  49.170 0.0000000000
44411  21.692  -40.341  47.429 0.0000000000
44431  21.625  -40.113  46.397 0.0000000000
45819  21.532  -40.143  45.163 0.0000000000
44432  21.340  -40.480  45.713 0.0000000000
44434  20.165  -40.796  45.197 0.0000000000
44454  19.731  -40.757  44.126 0.0000000000
75411  44.041  -14.694  39.949 0.0000000000
76595  44.025  -14.096  39.685 0.0000000000
77768  43.851  -13.276  39.447 0.0000000000
77781  44.107  -12.686  39.371 0.0000000000
78865  44.990  -12.192  39.696 0.0000000000
78878  43.809  -11.953  39.157 0.0000000000
78879  42.902  -12.099  38.734 0.0000000000
78881  41.090  -12.362  37.891 0.0000000000
40267  18.823  -42.597  56.021 0.0000000000
41651  18.324  -42.075  55.736 0.0000000000
41633  15.647  -41.671  56.463 0.0000000000
41653  15.098  -41.308  55.393 0.0000000000
41634  14.174  -41.665  56.201 0.0000000000
37594  9.932  -45.654  56.195 0.0000000000
36402  9.909  -46.538  52.113 0.0000000000
36389  10.248  -46.247  52.928 0.0000000000
37662  10.455  -46.070  51.927 0.0000000000
36413  9.808  -46.743  50.991 0.0000000000
36427  9.747  -46.931  50.256 0.0000000000
35203  8.575  -47.622  49.011 0.0000000000
33918  6.757  -48.880  50.555 0.0000000000
32647  6.357  -49.377  51.200 0.0000000000
65683  37.236  -25.526  53.072 0.0000000000
65684  36.787  -25.252  52.852 0.0000000000
65698  36.659  -25.071  51.796 0.0000000000
65712  36.269  -24.820  51.231 0.0000000000
65711  36.955  -24.922  50.951 0.0000000000
65730  37.272  -24.498  50.401 0.0000000000
64413  38.044  -25.454  50.684 0.0000000000
63120  37.943  -25.635  49.608 0.0000000000
61898  37.617  -26.184  48.910 0.0000000000
50654  27.959  -34.769  51.369 0.0000000000
51752  28.860  -34.700  51.736 0.0000000000
51762  28.544  -34.284  51.203 0.0000000000
52843  28.144  -33.290  49.657 0.0000000000
51779  28.778  -33.490  50.401 0.0000000000
51778  29.275  -32.974  50.423 0.0000000000
51759  31.125  -32.947  50.844 0.0000000000
52841  29.861  -32.519  50.127 0.0000000000
52858  28.329  -32.536  49.054 0.0000000000
53960  27.574  -32.362  48.003 0.0000000000
69509  33.743  -20.069  46.169 0.0000000000
68212  32.474  -21.205  43.659 0.0000000000
68228  32.551  -21.133  42.392 0.0000000000
93117  51.756  -0.416  32.934 0.0000000000
93116  52.512  0.182  33.517 0.0000000000
93120  52.398  -0.476  32.247 0.0000000000
91987  52.594  -1.089  31.393 0.0000000000
91980  52.144  -0.811  31.893 0.0000000000
74291  39.741  -15.538  38.560 0.0000000000
73156  39.964  -15.767  39.031 0.0000000000
72027  38.884  -17.154  38.498 0.0000000000
73158  39.000  -16.775  38.102 0.0000000000
72028  38.064  -17.302  37.798 0.0000000000
71967  39.328  -16.597  41.135 0.0000000000
70842  39.241  -17.169  40.198 0.0000000000
70894  37.545  -17.703  37.648 0.0000000000
73044  44.335  -15.538  44.502 0.0000000000
71962  43.852  -15.741  42.181 0.0000000000
71941  44.251  -15.555  42.558 0.0000000000
71980  44.170  -15.722  41.997 0.0000000000
73102  44.724  -15.588  42.344 0.0000000000
73114  44.548  -15.707  41.579 0.0000000000
73125  44.277  -15.905  40.793 0.0000000000
73126  43.540  -16.168  40.217 0.0000000000
73141  41.337  -16.137  39.536 0.0000000000
73155  41.835  -15.872  39.487 0.0000000000
74273  41.302  -15.755  39.428 0.0000000000
48207  30.031  -38.110  56.675 0.0000000000
48216  30.154  -37.821  56.245 0.0000000000
48239  29.043  -37.351  54.683 0.0000000000
48250  28.795  -36.871  54.118 0.0000000000
49418  29.307  -36.217  54.017 0.0000000000
49419  28.760  -36.610  53.716 0.0000000000
47041  24.033  -38.998  50.743 0.0000000000
47029  24.707  -38.784  52.240 0.0000000000
48268  24.684  -38.327  51.974 0.0000000000
49450  24.630  -37.042  51.169 0.0000000000
48278  25.525  -37.194  52.265 0.0000000000
49449  25.331  -36.704  51.681 0.0000000000
49447  27.320  -36.112  52.400 0.0000000000
50640  25.892  -35.931  51.611 0.0000000000
50657  25.321  -35.847  50.715 0.0000000000
50671  23.584  -35.991  49.075 0.0000000000
50672  23.448  -36.161  48.205 0.0000000000
51799  23.694  -35.431  47.987 0.0000000000
50686  23.465  -36.002  47.415 0.0000000000
45839  21.580  -40.171  44.437 0.0000000000
45838  21.874  -39.659  44.524 0.0000000000
82428  49.592  -8.822  39.030 0.0000000000
86239  48.223  -6.748  37.641 0.0000000000
84982  49.540  -7.154  38.285 0.0000000000
86238  49.044  -6.690  37.785 0.0000000000
86253  49.368  -5.956  37.518 0.0000000000
86268  45.567  -6.402  35.612 0.0000000000
86256  46.671  -6.290  36.502 0.0000000000
88640  47.638  -4.819  36.293 0.0000000000
87490  48.881  -5.215  37.092 0.0000000000
89790  48.493  -2.931  34.639 0.0000000000
90871  48.681  -2.276  33.814 0.0000000000
41751  20.454  -41.626  48.847 0.0000000000
40340  20.874  -42.651  51.261 0.0000000000
40361  20.380  -42.118  50.529 0.0000000000
40341  20.505  -42.437  51.449 0.0000000000
40342  20.091  -42.144  51.782 0.0000000000
37674  21.335  -43.645  52.672 0.0000000000
38917  20.742  -43.349  54.189 0.0000000000
38935  20.450  -42.915  53.833 0.0000000000
38918  20.173  -43.177  54.765 0.0000000000
40266  19.326  -42.722  55.558 0.0000000000
46941  30.718  -38.261  58.106 0.0000000000
45686  27.670  -39.692  55.264 0.0000000000
42947  24.325  -41.437  53.848 0.0000000000
44308  24.992  -40.791  54.002 0.0000000000
42966  23.430  -41.367  52.488 0.0000000000
42985  23.166  -41.279  51.227 0.0000000000
41715  22.864  -42.249  51.219 0.0000000000
40377  21.532  -42.383  49.500 0.0000000000
41749  21.719  -42.203  49.197 0.0000000000
40393  21.071  -42.061  49.012 0.0000000000
75430  38.664  -15.672  37.158 0.0000000000
82431  46.506  -9.614  39.081 0.0000000000
82442  46.701  -8.869  38.527 0.0000000000
81177  43.918  -10.120  38.378 0.0000000000
82456  43.105  -9.163  36.749 0.0000000000
82455  43.873  -8.630  37.074 0.0000000000
83766  43.805  -8.480  36.506 0.0000000000
41753  19.584  -41.070  49.149 0.0000000000
41754  19.435  -40.841  49.596 0.0000000000
43004  18.260  -40.433  49.908 0.0000000000
44358  17.463  -40.413  49.877 0.0000000000
45763  16.929  -40.395  48.974 0.0000000000
45731  16.985  -40.467  50.045 0.0000000000
42935  17.351  -40.730  53.743 0.0000000000
42969  15.611  -41.084  51.387 0.0000000000
43005  14.946  -41.576  49.164 0.0000000000
43006  14.321  -42.160  49.733 0.0000000000
41736  13.687  -43.087  49.248 0.0000000000
41756  13.464  -43.457  48.784 0.0000000000
41737  13.460  -43.484  49.188 0.0000000000
41617  12.324  -43.000  56.615 0.0000000000
41635  12.748  -42.390  55.630 0.0000000000
37611  10.759  -44.860  54.866 0.0000000000
38906  11.250  -44.523  54.103 0.0000000000
38937  11.773  -44.692  52.291 0.0000000000
38919  12.140  -44.233  52.491 0.0000000000
40301  12.636  -43.898  52.273 0.0000000000
40321  12.640  -43.833  51.477 0.0000000000
38954  12.295  -44.205  51.131 0.0000000000
32634  5.965  -49.868  51.716 0.0000000000
31360  5.556  -50.237  52.081 0.0000000000
31348  4.303  -50.995  52.174 0.0000000000
31361  4.831  -50.467  51.760 0.0000000000
69472  36.633  -18.755  48.249 0.0000000000
69451  34.945  -19.827  48.513 0.0000000000
69474  34.546  -19.969  47.652 0.0000000000
68120  33.700  -21.364  48.982 0.0000000000
65774  33.886  -23.513  48.646 0.0000000000
65775  33.446  -23.210  48.015 0.0000000000
65807  33.085  -23.891  47.050 0.0000000000
65824  33.005  -23.855  46.045 0.0000000000
65822  34.219  -25.077  46.921 0.0000000000
65839  33.971  -24.990  46.199 0.0000000000
64532  34.375  -25.258  45.636 0.0000000000
63183  34.597  -25.448  44.926 0.0000000000
64531  35.040  -25.483  45.793 0.0000000000
64459  35.884  -25.116  48.954 0.0000000000
65789  35.554  -25.054  48.700 0.0000000000
61932  35.579  -26.443  46.184 0.0000000000
63167  35.589  -25.938  46.297 0.0000000000
63181  35.441  -26.168  45.218 0.0000000000
63200  35.419  -26.375  44.621 0.0000000000
60767  35.786  -27.337  43.564 0.0000000000
59626  35.583  -27.801  44.107 0.0000000000
58489  33.689  -28.082  44.893 0.0000000000
58503  33.616  -28.008  44.049 0.0000000000
58492  31.620  -29.036  43.862 0.0000000000
49393  31.620  -35.720  56.637 0.0000000000
50554  32.137  -35.537  57.363 0.0000000000
50571  32.211  -35.389  56.616 0.0000000000
51701  33.198  -34.421  55.205 0.0000000000
51685  33.706  -34.370  55.924 0.0000000000
52756  34.201  -33.796  56.091 0.0000000000
53837  34.228  -32.970  56.591 0.0000000000
53852  34.210  -33.102  55.907 0.0000000000
51740  31.309  -34.248  52.625 0.0000000000
51730  32.078  -34.165  53.405 0.0000000000
52801  32.324  -33.608  53.292 0.0000000000
56097  33.311  -31.548  54.148 0.0000000000
54986  33.421  -32.450  54.512 0.0000000000
56073  33.609  -31.931  54.841 0.0000000000
56048  33.997  -31.621  55.702 0.0000000000
57261  33.983  -30.448  55.213 0.0000000000
57260  34.364  -29.758  55.409 0.0000000000
57273  34.125  -29.668  54.822 0.0000000000
58378  34.574  -28.588  52.924 0.0000000000
58364  35.563  -28.595  53.761 0.0000000000
58362  37.004  -27.929  53.299 0.0000000000
58376  36.100  -27.854  52.674 0.0000000000
58375  36.682  -27.532  52.431 0.0000000000
58391  36.068  -27.618  51.638 0.0000000000
57331  33.968  -28.966  49.950 0.0000000000
58430  34.626  -28.479  49.454 0.0000000000
58439  35.124  -28.061  49.008 0.0000000000
57342  34.034  -29.023  49.168 0.0000000000
52855  30.591  -31.809  48.956 0.0000000000
53954  32.064  -31.622  49.368 0.0000000000
53956  31.007  -31.541  48.676 0.0000000000
55070  30.771  -30.486  47.036 0.0000000000
55055  31.420  -30.665  47.993 0.0000000000
56187  31.958  -29.928  47.834 0.0000000000
57356  32.690  -29.540  47.891 0.0000000000
56198  32.151  -29.908  46.976 0.0000000000
57385  32.564  -29.338  46.188 0.0000000000
56199  31.593  -30.073  46.546 0.0000000000
71888  38.183  -17.362  46.359 0.0000000000
70775  37.420  -17.919  46.378 0.0000000000
70790  35.980  -18.082  44.613 0.0000000000
71914  36.855  -17.538  44.367 0.0000000000
71931  36.218  -17.517  43.424 0.0000000000
71951  35.477  -17.877  42.941 0.0000000000
69537  33.416  -19.927  43.938 0.0000000000
70848  34.467  -19.214  40.960 0.0000000000
70847  35.037  -18.548  40.481 0.0000000000
94262  54.629  0.631  31.722 0.0000000000
93123  55.264  0.106  30.772 0.0000000000
94261  55.563  0.627  31.139 0.0000000000
91982  50.420  -1.660  32.397 0.0000000000
90877  50.436  -2.148  31.887 0.0000000000
73029  40.518  -15.796  45.558 0.0000000000
74192  40.053  -16.147  45.799 0.0000000000
73049  39.321  -16.124  44.571 0.0000000000
73050  38.280  -16.715  44.460 0.0000000000
44392  18.756  -40.293  47.466 0.0000000000
41765  21.410  -41.097  48.426 0.0000000000
43034  21.596  -40.824  48.311 0.0000000000
41784  20.964  -40.670  47.722 0.0000000000
43056  20.896  -40.719  47.191 0.0000000000
75425  42.953  -14.725  39.447 0.0000000000
76610  42.646  -13.850  39.418 0.0000000000
77783  42.255  -12.965  39.109 0.0000000000
40232  18.179  -43.349  57.145 0.0000000000
40250  17.873  -42.681  56.928 0.0000000000
40233  17.480  -43.068  57.570 0.0000000000
36428  9.296  -47.253  50.755 0.0000000000
35186  7.812  -48.234  50.427 0.0000000000
35168  7.281  -48.504  51.898 0.0000000000
64356  37.802  -25.681  54.195 0.0000000000
64371  37.242  -25.529  52.573 0.0000000000
64399  37.290  -25.247  51.045 0.0000000000
64398  37.940  -25.448  51.146 0.0000000000
63108  38.202  -25.813  50.850 0.0000000000
52845  25.961  -34.051  49.824 0.0000000000
51781  26.942  -34.028  50.499 0.0000000000
52844  27.087  -33.550  49.643 0.0000000000
52859  27.315  -32.876  48.888 0.0000000000
90864  51.208  -2.166  36.347 0.0000000000
90859  51.525  -2.557  37.010 0.0000000000
90863  51.685  -1.870  36.935 0.0000000000
94245  53.308  0.361  34.821 0.0000000000
93112  52.392  -0.108  34.669 0.0000000000
72014  40.768  -16.527  39.697 0.0000000000
72015  39.941  -16.762  39.452 0.0000000000
73131  39.441  -16.980  39.052 0.0000000000
72016  39.289  -17.137  39.126 0.0000000000
70843  38.301  -17.259  39.936 0.0000000000
70878  36.636  -17.782  38.103 0.0000000000
73064  43.071  -15.575  43.480 0.0000000000
71927  43.481  -15.558  42.817 0.0000000000
71963  43.265  -16.059  41.985 0.0000000000
71997  42.601  -16.417  40.576 0.0000000000
73127  42.748  -16.398  40.065 0.0000000000
72012  42.199  -16.450  40.087 0.0000000000
72013  41.489  -16.517  39.903 0.0000000000
44437  17.071  -41.387  45.474 0.0000000000
41771  14.991  -42.939  46.763 0.0000000000
43041  14.601  -42.597  47.602 0.0000000000
46981  28.722  -38.944  55.366 0.0000000000
48228  29.377  -37.955  55.160 0.0000000000
46995  28.372  -38.622  54.850 0.0000000000
47011  27.926  -38.239  54.474 0.0000000000
48252  27.349  -37.864  53.856 0.0000000000
45762  22.558  -39.315  48.969 0.0000000000
47057  23.695  -38.475  50.264 0.0000000000
47073  22.924  -38.361  49.305 0.0000000000
48290  23.566  -37.891  49.885 0.0000000000
48304  23.560  -37.274  50.114 0.0000000000
49478  23.485  -36.634  49.712 0.0000000000
49518  22.932  -37.060  46.244 0.0000000000
48352  22.875  -37.693  46.069 0.0000000000
48353  23.180  -38.013  45.345 0.0000000000
64551  33.718  -25.099  44.297 0.0000000000
83753  47.882  -8.226  38.417 0.0000000000
84973  48.987  -8.064  38.460 0.0000000000
87502  46.237  -5.504  35.358 0.0000000000
88645  46.741  -4.884  35.304 0.0000000000
88644  47.415  -4.470  35.444 0.0000000000
88643  48.171  -4.051  35.627 0.0000000000
89791  47.668  -3.724  34.327 0.0000000000
40378  21.236  -42.369  49.526 0.0000000000
38971  20.659  -43.184  51.854 0.0000000000
41699  23.255  -42.392  52.732 0.0000000000
41716  22.693  -42.706  50.935 0.0000000000
40358  21.855  -42.675  50.167 0.0000000000
81152  47.686  -10.364  39.897 0.0000000000
82432  45.947  -9.854  39.107 0.0000000000
41735  19.166  -40.724  50.113 0.0000000000
42967  17.904  -40.483  51.404 0.0000000000
42936  15.798  -40.989  53.726 0.0000000000
42989  14.439  -41.855  50.850 0.0000000000
40343  13.298  -43.418  49.901 0.0000000000
41596  12.361  -43.247  57.685 0.0000000000
41618  11.694  -43.392  56.274 0.0000000000
37660  11.174  -45.186  52.779 0.0000000000
38955  11.883  -44.642  51.464 0.0000000000
38973  12.103  -44.497  50.602 0.0000000000
69400  34.598  -20.425  49.949 0.0000000000
68098  33.949  -21.157  49.923 0.0000000000
65700  35.396  -24.100  52.781 0.0000000000
66909  34.123  -23.298  50.573 0.0000000000
63150  36.414  -25.905  47.832 0.0000000000
64495  35.859  -25.760  47.435 0.0000000000
63158  35.925  -26.041  47.281 0.0000000000
60747  35.403  -27.047  45.776 0.0000000000
59615  35.059  -27.461  44.989 0.0000000000
58488  34.107  -27.925  45.498 0.0000000000
58478  33.062  -28.833  45.376 0.0000000000
50603  31.379  -35.462  54.946 0.0000000000
50588  32.331  -35.340  55.811 0.0000000000
50602  32.031  -35.180  54.984 0.0000000000
51702  32.727  -34.774  54.768 0.0000000000
52815  32.425  -32.875  52.253 0.0000000000
52808  32.394  -33.116  53.017 0.0000000000
53914  32.484  -32.536  52.687 0.0000000000
55005  32.800  -32.063  53.461 0.0000000000
57274  33.503  -30.234  54.131 0.0000000000
58366  33.699  -29.561  53.458 0.0000000000
58379  33.872  -29.176  52.863 0.0000000000
58394  34.217  -29.043  52.267 0.0000000000
58393  34.493  -28.659  51.756 0.0000000000
57299  34.060  -29.030  51.410 0.0000000000
57320  33.326  -29.618  50.473 0.0000000000
53970  29.137  -31.496  47.680 0.0000000000
53968  30.445  -31.235  48.145 0.0000000000
55058  29.577  -30.972  47.157 0.0000000000
55072  29.534  -30.815  46.263 0.0000000000
55071  30.152  -30.657  46.630 0.0000000000
56202  29.382  -30.497  45.554 0.0000000000
70759  36.988  -18.527  46.814 0.0000000000
70776  36.627  -18.205  45.951 0.0000000000
69521  35.902  -18.244  45.122 0.0000000000
70791  35.490  -18.549  44.353 0.0000000000
69563  34.010  -19.892  41.477 0.0000000000
93125  53.492  -0.221  31.557 0.0000000000
94263  54.058  0.627  32.096 0.0000000000
70841  40.114  -16.901  40.379 0.0000000000
71966  40.347  -16.556  41.292 0.0000000000
73085  39.946  -15.984  42.624 0.0000000000
71968  38.304  -16.665  41.057 0.0000000000
71969  37.225  -17.030  41.096 0.0000000000
73027  42.455  -15.615  45.414 0.0000000000
71929  42.193  -15.710  42.660 0.0000000000
71944  41.943  -16.082  42.244 0.0000000000
44436  17.734  -40.703  45.350 0.0000000000
45821  17.350  -40.814  45.634 0.0000000000
45713  24.524  -39.563  52.680 0.0000000000
45714  23.831  -39.853  52.106 0.0000000000
45730  23.683  -39.625  51.299 0.0000000000
44391  22.186  -40.429  48.313 0.0000000000
44390  22.523  -40.112  48.739 0.0000000000
45778  22.452  -39.450  47.739 0.0000000000
45797  22.487  -39.129  46.945 0.0000000000
47103  22.427  -38.939  46.547 0.0000000000
45840  21.208  -40.560  44.318 0.0000000000
84998  45.275  -7.399  36.504 0.0000000000
38949  21.913  -43.709  52.612 0.0000000000
76579  45.343  -14.064  40.291 0.0000000000
76580  44.012  -13.734  39.586 0.0000000000
77767  44.329  -13.384  39.534 0.0000000000
77765  45.902  -12.609  40.162 0.0000000000
78864  45.459  -11.857  39.981 0.0000000000
78876  45.071  -11.699  39.594 0.0000000000
80000  45.472  -11.162  39.183 0.0000000000
80013  44.934  -11.489  39.318 0.0000000000
80016  42.284  -11.116  38.431 0.0000000000
81179  41.843  -10.607  37.605 0.0000000000
41666  19.117  -42.091  54.935 0.0000000000
41632  17.142  -42.172  56.759 0.0000000000
41668  15.768  -41.079  54.747 0.0000000000
41669  14.844  -41.423  54.343 0.0000000000
41670  14.005  -42.311  53.822 0.0000000000
37593  10.381  -45.038  56.630 0.0000000000
37612  10.536  -45.054  55.369 0.0000000000
37646  10.569  -45.685  53.289 0.0000000000
37661  10.759  -45.779  52.409 0.0000000000
37677  10.308  -46.184  51.146 0.0000000000
36442  9.857  -46.757  49.712 0.0000000000
65669  36.804  -25.021  54.092 0.0000000000
64458  36.304  -25.114  49.156 0.0000000000
65751  37.323  -24.547  49.944 0.0000000000
64434  37.016  -25.109  49.611 0.0000000000
64457  36.813  -25.362  48.903 0.0000000000
63149  36.924  -25.856  48.458 0.0000000000
61908  36.590  -26.257  48.143 0.0000000000
59586  36.055  -27.112  48.218 0.0000000000
50627  30.205  -34.947  52.568 0.0000000000
51741  30.706  -34.472  52.515 0.0000000000
51750  30.314  -33.886  52.046 0.0000000000
51761  29.645  -33.488  50.925 0.0000000000
51749  31.360  -33.205  51.564 0.0000000000
51748  31.886  -32.990  51.731 0.0000000000
52817  31.895  -32.773  51.271 0.0000000000
52824  32.183  -32.528  50.833 0.0000000000
53934  32.541  -32.182  50.390 0.0000000000
53935  32.120  -32.282  50.182 0.0000000000
52840  30.893  -32.222  49.520 0.0000000000
53958  29.631  -31.908  48.397 0.0000000000
53959  28.732  -32.078  48.285 0.0000000000
53971  28.201  -31.706  47.441 0.0000000000
69508  34.467  -19.538  45.911 0.0000000000
69538  32.990  -20.539  43.653 0.0000000000
94250  52.948  0.470  34.075 0.0000000000
94249  53.385  0.587  33.676 0.0000000000
91993  52.965  -1.385  30.899 0.0000000000
75428  40.237  -14.843  38.510 0.0000000000
73157  39.536  -16.112  38.707 0.0000000000
70858  39.499  -17.225  40.014 0.0000000000
70876  38.915  -17.339  39.274 0.0000000000
71926  44.245  -15.503  42.998 0.0000000000
74251  44.847  -15.407  40.983 0.0000000000
74259  44.215  -15.473  40.376 0.0000000000
74271  43.723  -15.478  39.936 0.0000000000
74272  43.119  -15.464  39.592 0.0000000000
74288  42.439  -15.407  39.507 0.0000000000
75427  41.196  -14.748  39.021 0.0000000000
48193  31.668  -36.936  57.972 0.0000000000
49364  32.021  -36.195  58.056 0.0000000000
49365  31.653  -36.772  57.668 0.0000000000
49394  31.102  -36.293  56.507 0.0000000000
48227  29.715  -37.165  55.656 0.0000000000
48226  30.325  -36.426  55.769 0.0000000000
49403  30.388  -36.183  55.394 0.0000000000
49410  30.170  -36.135  54.927 0.0000000000
49417  30.122  -35.685  54.223 0.0000000000
50621  29.394  -35.905  53.395 0.0000000000
47028  25.395  -38.635  52.931 0.0000000000
47027  26.242  -38.169  53.482 0.0000000000
48265  27.093  -37.363  53.397 0.0000000000
48279  24.620  -37.719  51.683 0.0000000000
48277  25.802  -36.908  52.612 0.0000000000
48264  27.805  -36.919  53.332 0.0000000000
49432  27.524  -36.427  53.082 0.0000000000
49446  28.034  -36.053  52.564 0.0000000000
50628  29.151  -35.648  52.788 0.0000000000
50638  28.290  -35.423  51.847 0.0000000000
50655  27.376  -35.063  51.313 0.0000000000
51765  25.922  -34.876  50.347 0.0000000000
50658  24.176  -35.792  49.958 0.0000000000
51766  25.077  -35.193  49.921 0.0000000000
52829  25.487  -34.831  49.943 0.0000000000
52846  25.195  -34.613  49.608 0.0000000000
51798  24.196  -34.673  47.768 0.0000000000
47142  21.924  -39.658  44.135 0.0000000000
87488  50.402  -5.175  37.774 0.0000000000
86255  47.567  -6.293  36.980 0.0000000000
87492  47.033  -5.375  36.231 0.0000000000
87489  49.722  -5.203  37.398 0.0000000000
88637  50.200  -4.463  37.236 0.0000000000
89777  49.926  -3.675  36.679 0.0000000000
89782  50.510  -2.895  36.442 0.0000000000
89784  48.685  -3.460  35.666 0.0000000000
89783  49.571  -2.872  36.020 0.0000000000
90869  49.936  -1.619  35.062 0.0000000000
91972  50.237  -1.304  34.235 0.0000000000
91973  49.687  -1.563  33.671 0.0000000000
41787  20.325  -40.707  48.034 0.0000000000
41769  20.129  -40.878  48.349 0.0000000000
41752  20.143  -41.601  49.134 0.0000000000
40380  20.349  -42.149  49.829 0.0000000000
38950  21.411  -43.748  52.276 0.0000000000
38951  21.010  -43.602  52.434 0.0000000000
38952  20.559  -43.281  52.526 0.0000000000
37659  20.985  -43.428  53.652 0.0000000000
38934  20.713  -43.300  53.315 0.0000000000
38953  20.406  -42.991  53.040 0.0000000000
40299  19.935  -42.536  53.321 0.0000000000
40249  18.625  -43.064  56.583 0.0000000000
38892  19.049  -43.642  56.866 0.0000000000
49342  32.294  -36.330  59.623 0.0000000000
48180  31.674  -36.968  58.410 0.0000000000
48194  31.194  -37.506  57.911 0.0000000000
46956  30.562  -38.149  57.727 0.0000000000
46968  29.848  -38.596  56.386 0.0000000000
46969  29.572  -39.140  56.182 0.0000000000
45685  28.271  -39.388  55.436 0.0000000000
45697  27.297  -39.395  54.759 0.0000000000
45699  25.658  -39.506  54.313 0.0000000000
44307  25.818  -40.657  54.498 0.0000000000
44322  24.955  -40.085  54.264 0.0000000000
44324  23.908  -40.413  52.600 0.0000000000
43002  22.759  -41.420  50.221 0.0000000000
41731  22.494  -42.332  50.055 0.0000000000
43003  22.758  -41.883  49.886 0.0000000000
41748  21.870  -41.621  48.818 0.0000000000
41766  21.169  -41.114  48.352 0.0000000000
82415  48.637  -9.504  39.514 0.0000000000
83744  48.459  -8.553  38.834 0.0000000000
84986  45.693  -7.852  37.268 0.0000000000
80001  45.192  -10.729  38.871 0.0000000000
81165  45.564  -10.277  38.984 0.0000000000
83756  45.202  -8.645  37.626 0.0000000000
83764  45.348  -8.090  37.224 0.0000000000
84999  44.497  -7.852  36.264 0.0000000000
43037  19.380  -40.400  48.250 0.0000000000
43038  18.893  -40.289  48.553 0.0000000000
43021  18.793  -40.509  49.119 0.0000000000
44376  15.810  -41.006  48.652 0.0000000000
42968  16.884  -40.533  51.479 0.0000000000
42950  16.418  -40.798  52.579 0.0000000000
44325  16.734  -40.570  51.067 0.0000000000
45732  16.444  -40.533  49.952 0.0000000000
45751  15.882  -40.766  49.292 0.0000000000
40237  11.222  -43.833  55.964 0.0000000000
41637  11.664  -43.477  55.904 0.0000000000
40284  11.642  -43.953  53.824 0.0000000000
40268  12.265  -43.352  54.482 0.0000000000
41671  12.860  -42.873  53.473 0.0000000000
40300  12.816  -43.111  51.891 0.0000000000
40345  12.269  -44.459  50.081 0.0000000000
40365  12.396  -44.369  49.480 0.0000000000
40364  13.092  -43.748  49.228 0.0000000000
32633  6.456  -49.402  52.037 0.0000000000
32648  5.795  -49.734  50.894 0.0000000000
31381  5.342  -50.162  50.621 0.0000000000
68160  34.003  -20.443  47.424 0.0000000000
69452  34.156  -20.428  48.351 0.0000000000
68161  33.486  -20.875  47.059 0.0000000000
68162  33.055  -21.894  46.746 0.0000000000
66953  32.631  -22.981  46.535 0.0000000000
66893  34.083  -21.672  50.707 0.0000000000
66927  33.536  -22.526  48.958 0.0000000000
65823  33.566  -24.547  46.545 0.0000000000
64533  33.621  -24.912  45.018 0.0000000000
63201  35.279  -26.192  44.016 0.0000000000
65790  35.126  -24.700  48.451 0.0000000000
65821  34.830  -25.242  47.476 0.0000000000
64513  35.068  -25.510  46.635 0.0000000000
61955  35.695  -26.645  43.440 0.0000000000
59643  35.873  -27.952  43.285 0.0000000000
59628  34.286  -28.019  43.174 0.0000000000
59617  34.317  -27.797  44.067 0.0000000000
59629  33.767  -28.474  42.553 0.0000000000
60658  38.512  -27.006  54.079 0.0000000000
50553  32.634  -35.271  58.063 0.0000000000
51629  33.379  -34.681  58.421 0.0000000000
51647  33.903  -34.316  58.166 0.0000000000
50587  32.923  -34.830  55.969 0.0000000000
51665  33.706  -34.031  57.362 0.0000000000
52725  34.257  -33.866  57.865 0.0000000000
56009  34.643  -31.518  57.241 0.0000000000
50618  31.661  -34.611  53.636 0.0000000000
51717  32.644  -34.213  54.324 0.0000000000
52785  33.097  -33.709  54.749 0.0000000000
53884  33.009  -33.212  54.265 0.0000000000
53883  33.492  -33.057  54.748 0.0000000000
53866  33.912  -33.061  55.338 0.0000000000
54948  34.120  -32.552  55.687 0.0000000000
56026  34.503  -31.470  56.614 0.0000000000
57212  34.597  -30.684  57.159 0.0000000000
57239  35.153  -29.138  56.353 0.0000000000
58353  35.530  -28.722  54.815 0.0000000000
58352  36.482  -28.491  54.586 0.0000000000
58351  37.224  -28.101  54.268 0.0000000000
59504  38.100  -27.318  53.410 0.0000000000
60672  38.226  -26.777  53.003 0.0000000000
60683  37.967  -26.578  51.860 0.0000000000
59534  37.645  -26.788  51.330 0.0000000000
59552  37.607  -26.723  50.735 0.0000000000
58392  35.320  -28.023  51.719 0.0000000000
58413  35.892  -27.629  50.878 0.0000000000
59568  36.396  -27.396  49.811 0.0000000000
58438  35.741  -27.749  49.346 0.0000000000
58448  35.568  -27.737  48.679 0.0000000000
58449  35.103  -28.081  48.284 0.0000000000
55031  32.576  -31.693  49.950 0.0000000000
55036  32.658  -31.143  49.881 0.0000000000
56165  32.724  -30.365  49.511 0.0000000000
55045  31.557  -31.220  48.520 0.0000000000
56166  32.520  -30.697  49.078 0.0000000000
57343  33.423  -29.518  49.076 0.0000000000
57354  34.066  -29.031  48.687 0.0000000000
58450  34.434  -28.667  48.078 0.0000000000
58461  34.853  -28.117  47.698 0.0000000000
58463  33.682  -28.559  46.871 0.0000000000
57395  32.493  -29.207  45.336 0.0000000000
56214  30.766  -29.953  45.222 0.0000000000
57396  31.767  -29.328  44.831 0.0000000000
73011  38.957  -16.774  46.300 0.0000000000
71913  37.597  -17.215  44.583 0.0000000000
71902  36.787  -17.742  45.275 0.0000000000
73070  37.352  -16.919  43.364 0.0000000000
73071  36.834  -17.110  43.104 0.0000000000
71970  36.211  -17.347  41.544 0.0000000000
70804  35.234  -18.566  43.567 0.0000000000
70813  34.305  -19.102  42.486 0.0000000000
70812  34.710  -18.601  42.560 0.0000000000
71971  35.429  -17.847  42.015 0.0000000000
70826  35.502  -17.783  41.019 0.0000000000
91976  50.403  -1.358  33.156 0.0000000000
90882  51.260  -2.145  31.468 0.0000000000
35119  8.997  -46.989  54.414 0.0000000000
35131  8.942  -46.956  54.147 0.0000000000
36403  9.186  -47.116  52.480 0.0000000000
37629  10.745  -44.870  54.522 0.0000000000
38972  12.300  -44.199  50.699 0.0000000000
38985  21.479  -43.042  51.338 0.0000000000
40218  12.095  -43.616  58.099 0.0000000000
40238  11.240  -43.872  56.405 0.0000000000
40252  11.599  -43.787  55.535 0.0000000000
40253  11.466  -43.592  56.004 0.0000000000
40339  21.702  -43.059  51.229 0.0000000000
40357  22.252  -42.639  50.369 0.0000000000
40394  20.815  -41.898  48.955 0.0000000000
41581  12.342  -43.519  58.151 0.0000000000
41597  11.764  -43.392  56.944 0.0000000000
41636  11.998  -43.176  55.869 0.0000000000
41750  21.302  -42.178  49.133 0.0000000000
42938  14.135  -42.175  53.129 0.0000000000
42965  23.921  -40.846  53.154 0.0000000000
42987  17.373  -40.445  51.044 0.0000000000
43035  21.243  -40.871  48.245 0.0000000000
43055  21.168  -40.636  47.637 0.0000000000
43075  21.101  -40.669  46.708 0.0000000000
44293  26.202  -41.343  54.622 0.0000000000
44306  26.425  -40.454  54.713 0.0000000000
44341  17.270  -40.444  50.289 0.0000000000
44342  16.864  -40.512  50.661 0.0000000000
44343  15.937  -40.740  50.382 0.0000000000
45673  29.170  -39.659  56.219 0.0000000000
45698  26.584  -39.760  54.650 0.0000000000
45733  15.950  -40.657  49.728 0.0000000000
45749  16.868  -40.451  49.458 0.0000000000
45764  16.441  -40.603  48.994 0.0000000000
45765  16.051  -40.718  49.079 0.0000000000
45800  17.228  -40.755  45.831 0.0000000000
45820  17.550  -40.665  45.628 0.0000000000
46958  29.568  -39.248  56.524 0.0000000000
46980  29.303  -38.684  55.674 0.0000000000
46994  29.009  -38.348  55.076 0.0000000000
47014  25.721  -38.863  53.719 0.0000000000
47040  24.262  -38.741  51.583 0.0000000000
47056  23.915  -38.297  51.126 0.0000000000
48266  25.918  -37.328  52.935 0.0000000000
48305  23.168  -37.469  49.353 0.0000000000
49363  32.305  -35.709  58.287 0.0000000000
49380  31.423  -36.717  57.174 0.0000000000
49402  30.952  -35.769  55.648 0.0000000000
49409  30.885  -35.695  54.931 0.0000000000
49411  29.620  -36.335  54.650 0.0000000000
49431  28.346  -36.322  53.201 0.0000000000
49433  26.731  -36.577  52.990 0.0000000000
49466  24.293  -36.689  50.507 0.0000000000
50528  33.250  -35.379  59.676 0.0000000000
50612  31.775  -34.740  54.127 0.0000000000
50629  28.478  -35.849  52.578 0.0000000000
50636  29.749  -34.435  52.186 0.0000000000
50641  25.433  -36.243  51.294 0.0000000000
51648  33.275  -34.562  57.623 0.0000000000
51666  33.306  -34.393  56.694 0.0000000000
51684  33.772  -33.976  56.580 0.0000000000
51731  31.597  -34.562  53.300 0.0000000000
51763  27.581  -34.376  51.042 0.0000000000
51782  26.401  -34.362  50.454 0.0000000000
51784  23.707  -35.678  48.571 0.0000000000
52771  33.948  -33.622  55.519 0.0000000000
52772  33.463  -33.888  55.320 0.0000000000
52784  33.552  -33.465  55.179 0.0000000000
52800  32.655  -33.548  53.835 0.0000000000
52809  32.194  -33.269  52.646 0.0000000000
52826  30.736  -32.700  50.458 0.0000000000
52827  30.209  -32.909  50.694 0.0000000000
52828  25.635  -34.577  49.967 0.0000000000
52839  31.478  -32.200  49.664 0.0000000000
52856  30.131  -32.100  49.071 0.0000000000
53903  33.113  -32.812  54.274 0.0000000000
53904  32.727  -32.837  53.652 0.0000000000
53924  32.480  -32.428  51.092 0.0000000000
53933  32.780  -32.133  50.929 0.0000000000
53944  32.295  -31.924  49.785 0.0000000000
53946  31.392  -31.868  49.314 0.0000000000
53955  31.658  -31.574  49.072 0.0000000000
53969  29.855  -31.291  47.975 0.0000000000
54913  34.862  -31.951  56.844 0.0000000000
54928  34.583  -32.649  56.896 0.0000000000
54987  33.116  -32.126  54.190 0.0000000000
55030  32.730  -31.471  50.445 0.0000000000
55037  32.441  -31.310  49.470 0.0000000000
55046  31.227  -31.187  48.252 0.0000000000
55054  31.816  -30.639  48.427 0.0000000000
55056  30.918  -30.995  47.848 0.0000000000
55069  31.227  -30.456  47.385 0.0000000000
56049  33.843  -31.019  55.402 0.0000000000
56096  33.373  -32.046  54.479 0.0000000000
56175  32.771  -29.876  49.087 0.0000000000
56188  31.651  -30.201  47.359 0.0000000000
56201  30.120  -30.504  45.727 0.0000000000
56213  31.411  -29.905  45.675 0.0000000000
57241  33.988  -30.844  55.662 0.0000000000
57319  33.961  -28.929  50.925 0.0000000000
57355  33.414  -29.349  48.320 0.0000000000
57372  32.636  -29.491  47.133 0.0000000000
57384  33.052  -28.917  46.703 0.0000000000
58338  34.660  -29.270  55.755 0.0000000000
58390  36.565  -27.416  51.877 0.0000000000
58414  35.469  -27.867  50.789 0.0000000000
58428  35.851  -27.702  50.220 0.0000000000
58451  33.877  -28.792  47.579 0.0000000000
58462  34.387  -28.246  47.186 0.0000000000
58477  33.496  -28.568  45.950 0.0000000000
58491  32.294  -28.716  44.024 0.0000000000
59505  37.659  -27.787  53.744 0.0000000000
59520  37.866  -27.034  52.383 0.0000000000
59535  37.065  -27.193  51.753 0.0000000000
59553  37.154  -26.933  50.491 0.0000000000
59554  36.387  -27.361  50.897 0.0000000000
59567  36.862  -27.105  49.337 0.0000000000
59577  36.362  -27.132  48.558 0.0000000000
59578  36.168  -27.474  48.900 0.0000000000
59587  35.651  -27.419  47.978 0.0000000000
59596  35.000  -27.741  46.993 0.0000000000
59607  35.151  -27.409  45.968 0.0000000000
60694  37.877  -26.533  50.769 0.0000000000
60695  37.582  -26.688  50.438 0.0000000000
60709  37.938  -26.399  50.215 0.0000000000
60710  37.517  -26.574  49.834 0.0000000000
60727  36.262  -26.759  48.103 0.0000000000
60736  36.103  -26.565  47.665 0.0000000000
60748  35.212  -27.335  45.309 0.0000000000
60756  35.345  -27.359  44.627 0.0000000000
61876  38.124  -26.232  51.327 0.0000000000
61886  38.125  -26.204  50.521 0.0000000000
61920  36.283  -26.455  47.824 0.0000000000
61921  35.971  -26.304  47.349 0.0000000000
61938  35.447  -26.587  45.082 0.0000000000
61954  35.481  -26.635  44.228 0.0000000000
63109  38.068  -25.569  50.337 0.0000000000
63119  38.134  -25.904  50.211 0.0000000000
64435  36.622  -24.602  49.528 0.0000000000
64480  36.921  -25.612  48.639 0.0000000000
64482  35.837  -25.209  48.488 0.0000000000
65771  36.442  -24.480  49.399 0.0000000000
65804  35.211  -25.089  48.126 0.0000000000
68211  32.992  -20.659  44.000 0.0000000000
69475  34.098  -20.414  47.923 0.0000000000
69495  33.634  -20.428  46.553 0.0000000000
69506  35.885  -18.402  45.562 0.0000000000
69549  34.286  -19.090  42.712 0.0000000000
70803  35.803  -18.090  43.936 0.0000000000
70856  40.960  -16.751  40.146 0.0000000000
70873  40.944  -16.699  39.917 0.0000000000
71915  36.201  -17.800  44.109 0.0000000000
71961  44.207  -15.620  42.308 0.0000000000
71981  43.731  -16.082  41.638 0.0000000000
71982  42.882  -16.346  41.373 0.0000000000
71983  41.836  -16.451  41.034 0.0000000000
72000  39.762  -16.917  39.365 0.0000000000
72001  39.550  -17.026  39.287 0.0000000000
73051  37.656  -16.977  44.057 0.0000000000
73063  43.962  -15.581  43.562 0.0000000000
73065  42.168  -15.573  43.394 0.0000000000
73089  36.632  -17.125  42.715 0.0000000000
73115  43.945  -16.162  41.032 0.0000000000
73117  40.997  -16.666  40.705 0.0000000000
73128  41.124  -16.635  40.496 0.0000000000
73129  40.994  -16.807  40.508 0.0000000000
73130  39.604  -16.871  39.196 0.0000000000
73139  43.273  -15.899  39.752 0.0000000000
73144  39.342  -16.981  38.814 0.0000000000
73154  42.137  -15.750  39.520 0.0000000000
74172  39.807  -16.369  46.113 0.0000000000
74191  41.740  -15.504  44.980 0.0000000000
74193  39.894  -16.285  45.921 0.0000000000
74205  42.048  -15.533  44.622 0.0000000000
74206  41.862  -15.517  44.770 0.0000000000
74270  44.052  -15.086  40.178 0.0000000000
74274  40.902  -15.856  39.371 0.0000000000
76581  43.860  -13.545  39.529 0.0000000000
77752  44.159  -13.558  39.547 0.0000000000
77753  44.059  -13.411  39.475 0.0000000000
82427  50.023  -8.707  38.937 0.0000000000
83752  48.651  -8.200  38.497 0.0000000000
90866  49.616  -2.165  35.362 0.0000000000
91988  51.832  -1.572  31.481 0.0000000000
93115  52.951  0.368  33.289 0.0000000000
93121  51.865  -0.620  32.430 0.0000000000
94256  53.724  0.693  32.671 0.0000000000
