#!ascii label  , from subject S5_08 vox2ras=TkReg
1024
109009  39.907  14.518  36.639 0.0000000000
111081  44.158  16.136  25.747 0.0000000000
114893  52.716  21.265  24.228 0.0000000000
107163  50.414  13.086  15.146 0.0000000000
103820  41.399  9.503  31.481 0.0000000000
112895  53.172  18.542  34.515 0.0000000000
108150  46.794  13.911  18.766 0.0000000000
113961  42.779  18.912  21.925 0.0000000000
111014  48.086  15.861  35.358 0.0000000000
109045  43.670  14.148  32.303 0.0000000000
104859  44.327  10.814  26.970 0.0000000000
115813  48.136  21.319  25.419 0.0000000000
114939  44.134  20.174  18.338 0.0000000000
112997  49.111  18.538  25.126 0.0000000000
113053  46.205  18.524  16.692 0.0000000000
115844  42.893  22.929  23.821 0.0000000000
109005  43.800  14.517  36.813 0.0000000000
108017  42.775  13.195  34.534 0.0000000000
104836  41.205  10.493  28.864 0.0000000000
114829  53.339  20.471  29.602 0.0000000000
114832  50.376  20.632  29.872 0.0000000000
115811  50.614  21.684  25.294 0.0000000000
115860  46.530  22.200  21.015 0.0000000000
116766  48.878  22.553  20.051 0.0000000000
111985  46.011  17.631  31.010 0.0000000000
112932  48.744  18.660  30.584 0.0000000000
112021  46.722  17.547  26.086 0.0000000000
108174  49.410  14.168  15.822 0.0000000000
111138  46.419  16.213  17.734 0.0000000000
110166  46.754  15.492  15.808 0.0000000000
112116  45.386  16.784  15.646 0.0000000000
107167  46.871  13.229  15.709 0.0000000000
103955  46.787  10.044  18.482 0.0000000000
108021  38.235  13.291  34.642 0.0000000000
105815  41.040  12.027  32.974 0.0000000000
113876  54.005  19.807  28.914 0.0000000000
108112  45.040  12.790  22.399 0.0000000000
110120  45.011  14.786  21.441 0.0000000000
107114  47.938  12.347  19.575 0.0000000000
107139  51.494  13.007  17.308 0.0000000000
111925  48.321  16.713  38.645 0.0000000000
109987  46.298  15.430  38.471 0.0000000000
110034  46.004  14.854  33.560 0.0000000000
111041  43.445  16.648  29.548 0.0000000000
105844  42.310  11.628  31.723 0.0000000000
109057  41.644  14.231  29.536 0.0000000000
108088  42.815  13.524  25.514 0.0000000000
105923  46.358  10.901  24.212 0.0000000000
108009  35.869  13.383  35.385 0.0000000000
115725  47.858  21.550  31.652 0.0000000000
115798  46.297  21.246  26.569 0.0000000000
115854  45.008  22.150  22.548 0.0000000000
113969  43.643  19.453  20.427 0.0000000000
112092  42.597  17.829  18.638 0.0000000000
111965  49.626  16.939  35.307 0.0000000000
113872  52.083  19.180  30.068 0.0000000000
113928  50.898  19.756  24.425 0.0000000000
112069  45.826  17.409  21.687 0.0000000000
113967  46.849  19.218  20.349 0.0000000000
114934  49.032  21.174  19.396 0.0000000000
114954  46.456  20.402  17.256 0.0000000000
113062  43.944  18.142  16.661 0.0000000000
116722  42.741  22.534  24.633 0.0000000000
116706  43.182  22.541  25.398 0.0000000000
109007  41.823  14.671  36.732 0.0000000000
108004  40.991  14.122  35.281 0.0000000000
115792  52.966  21.352  26.727 0.0000000000
115778  52.241  21.226  27.443 0.0000000000
115825  51.588  22.022  24.057 0.0000000000
116743  49.514  22.507  21.988 0.0000000000
116742  50.609  22.157  21.630 0.0000000000
112014  44.788  17.294  27.503 0.0000000000
112956  45.832  18.169  28.163 0.0000000000
111069  45.300  16.941  25.740 0.0000000000
108188  49.659  13.888  15.029 0.0000000000
109161  48.841  14.350  15.190 0.0000000000
108202  48.660  14.078  14.736 0.0000000000
109163  46.949  14.643  15.435 0.0000000000
107165  48.345  13.272  15.064 0.0000000000
106045  48.169  11.899  16.343 0.0000000000
107151  49.648  12.687  15.561 0.0000000000
105816  38.894  11.689  32.921 0.0000000000
113868  53.806  19.554  31.262 0.0000000000
112916  53.675  18.705  31.900 0.0000000000
105958  46.560  11.468  22.406 0.0000000000
107083  46.389  12.101  21.467 0.0000000000
105993  48.771  11.505  20.735 0.0000000000
107109  52.318  12.288  18.461 0.0000000000
107123  53.869  12.509  17.572 0.0000000000
108171  52.738  13.484  15.917 0.0000000000
108015  44.480  13.086  34.693 0.0000000000
109020  45.701  14.116  35.540 0.0000000000
109043  45.086  14.572  33.084 0.0000000000
111027  45.160  15.798  32.081 0.0000000000
110042  43.627  15.074  31.686 0.0000000000
104805  41.140  10.348  32.351 0.0000000000
105813  42.557  11.594  33.152 0.0000000000
104817  41.607  10.586  31.269 0.0000000000
104861  42.713  10.708  27.814 0.0000000000
106994  41.588  12.424  28.712 0.0000000000
107002  42.349  12.506  27.500 0.0000000000
109062  42.163  14.277  27.396 0.0000000000
107010  43.028  12.526  26.313 0.0000000000
107024  43.908  11.971  25.132 0.0000000000
104889  45.157  10.842  25.928 0.0000000000
104885  48.572  10.540  25.964 0.0000000000
115780  49.813  21.103  27.453 0.0000000000
114818  48.959  20.670  30.767 0.0000000000
114859  48.214  20.969  28.002 0.0000000000
115765  46.670  21.093  28.637 0.0000000000
115814  47.132  21.411  25.667 0.0000000000
116718  45.758  22.553  24.068 0.0000000000
116717  46.815  22.387  23.871 0.0000000000
114936  46.347  21.547  19.780 0.0000000000
114915  45.225  20.593  20.825 0.0000000000
113979  43.694  19.932  19.186 0.0000000000
113991  42.746  19.194  18.879 0.0000000000
113990  43.484  19.673  18.276 0.0000000000
110001  48.250  15.404  37.779 0.0000000000
110016  49.496  15.992  37.299 0.0000000000
111017  48.721  16.775  34.782 0.0000000000
112966  49.308  18.669  28.052 0.0000000000
112937  50.180  18.833  29.987 0.0000000000
112976  50.106  18.794  27.496 0.0000000000
113903  51.913  19.461  27.514 0.0000000000
113929  49.874  19.033  24.697 0.0000000000
109124  45.939  14.398  19.629 0.0000000000
111115  45.333  16.473  21.311 0.0000000000
110129  45.668  15.442  19.624 0.0000000000
112099  46.282  17.712  17.343 0.0000000000
113036  45.893  18.513  19.218 0.0000000000
113976  46.694  19.475  19.008 0.0000000000
113965  48.540  20.389  20.201 0.0000000000
113975  47.574  20.490  18.335 0.0000000000
114946  48.132  21.170  17.872 0.0000000000
114004  46.017  18.849  16.507 0.0000000000
110160  45.140  15.529  15.835 0.0000000000
112108  45.052  17.315  15.860 0.0000000000
110150  44.465  15.579  16.592 0.0000000000
110151  43.938  15.672  17.385 0.0000000000
111939  52.116  17.385  37.433 0.0000000000
114889  42.954  20.990  24.526 0.0000000000
113940  43.570  19.878  23.555 0.0000000000
110003  43.871  15.554  37.709 0.0000000000
108993  42.305  15.025  37.298 0.0000000000
109023  43.393  14.350  35.898 0.0000000000
106941  44.025  12.614  34.106 0.0000000000
103833  40.732  9.849  30.027 0.0000000000
114815  52.104  20.621  30.671 0.0000000000
115779  51.133  21.185  27.456 0.0000000000
115812  49.271  21.489  25.349 0.0000000000
116716  48.004  22.228  23.725 0.0000000000
115852  48.717  22.488  22.532 0.0000000000
116767  47.948  22.383  20.475 0.0000000000
115883  46.451  21.405  18.298 0.0000000000
111981  46.993  17.006  32.340 0.0000000000
111980  47.768  17.338  32.480 0.0000000000
112934  47.122  18.296  30.281 0.0000000000
112968  47.501  18.265  27.481 0.0000000000
112031  47.750  17.750  25.430 0.0000000000
108162  48.713  13.772  17.207 0.0000000000
109144  47.292  14.789  17.432 0.0000000000
110157  47.412  15.183  16.605 0.0000000000
110158  46.867  15.756  16.378 0.0000000000
111158  46.400  16.519  16.072 0.0000000000
112107  45.815  17.650  15.884 0.0000000000
111164  46.105  16.390  15.689 0.0000000000
110167  45.975  15.505  15.569 0.0000000000
108177  46.062  13.700  16.094 0.0000000000
104964  47.595  10.503  17.870 0.0000000000
107992  38.752  14.066  36.178 0.0000000000
108019  40.606  13.520  34.563 0.0000000000
108029  39.764  12.805  33.665 0.0000000000
106961  39.746  11.969  32.825 0.0000000000
103807  40.564  9.587  32.162 0.0000000000
114797  53.943  19.785  31.741 0.0000000000
114828  53.886  20.159  29.403 0.0000000000
114867  53.356  20.568  26.339 0.0000000000
109091  43.826  14.179  23.488 0.0000000000
110094  44.115  15.780  23.974 0.0000000000
108122  44.800  13.760  22.127 0.0000000000
108131  45.802  13.379  20.756 0.0000000000
107129  48.373  12.763  18.703 0.0000000000
106007  50.726  11.731  19.767 0.0000000000
107127  50.207  12.641  18.208 0.0000000000
107141  49.715  13.177  17.569 0.0000000000
108160  51.019  13.371  16.560 0.0000000000
108172  51.590  13.430  15.795 0.0000000000
107162  51.467  13.095  15.109 0.0000000000
106042  51.653  11.899  15.691 0.0000000000
110972  46.756  16.010  38.607 0.0000000000
108988  47.110  15.040  37.273 0.0000000000
108979  45.164  15.097  37.893 0.0000000000
109002  46.330  14.636  36.322 0.0000000000
111020  46.807  15.531  34.143 0.0000000000
111026  46.335  16.370  32.450 0.0000000000
111988  44.647  17.303  30.174 0.0000000000
111044  43.981  16.972  27.942 0.0000000000
108027  41.466  13.044  33.856 0.0000000000
105812  43.220  11.703  33.029 0.0000000000
108039  43.059  12.874  32.270 0.0000000000
105852  40.996  11.345  30.288 0.0000000000
108056  41.795  13.429  30.638 0.0000000000
109051  42.572  14.375  31.117 0.0000000000
110048  42.263  15.222  29.869 0.0000000000
110055  42.838  15.781  27.901 0.0000000000
110079  43.626  15.455  25.615 0.0000000000
108107  43.632  13.439  24.070 0.0000000000
105939  45.738  11.436  23.403 0.0000000000
105937  47.479  10.865  23.397 0.0000000000
104887  46.651  10.576  25.718 0.0000000000
105921  48.249  10.871  24.437 0.0000000000
107993  37.835  13.771  36.038 0.0000000000
106919  36.898  13.043  35.227 0.0000000000
106922  34.339  12.685  35.069 0.0000000000
115715  49.095  22.167  33.327 0.0000000000
116656  46.696  22.375  31.171 0.0000000000
116704  44.671  22.330  24.948 0.0000000000
116734  44.311  22.811  23.458 0.0000000000
114897  44.409  20.889  22.795 0.0000000000
116758  45.993  22.400  22.079 0.0000000000
113959  44.490  19.935  21.220 0.0000000000
113960  43.590  19.425  21.547 0.0000000000
111963  51.391  17.804  34.892 0.0000000000
111978  49.485  17.952  32.546 0.0000000000
112910  50.966  18.547  32.360 0.0000000000
112917  52.746  18.724  31.740 0.0000000000
113871  53.031  19.278  30.034 0.0000000000
113902  52.918  19.785  27.110 0.0000000000
114887  52.741  20.771  24.582 0.0000000000
111089  45.523  16.600  23.977 0.0000000000
112052  46.039  17.174  23.466 0.0000000000
113006  47.615  18.217  23.525 0.0000000000
111130  45.658  16.565  19.172 0.0000000000
113021  46.592  18.334  21.555 0.0000000000
113938  48.662  19.023  23.148 0.0000000000
113937  49.677  19.558  23.352 0.0000000000
114904  50.243  20.473  22.264 0.0000000000
115850  50.938  21.732  21.913 0.0000000000
116778  49.729  22.022  19.430 0.0000000000
115891  47.794  21.826  18.114 0.0000000000
114956  44.795  19.849  17.389 0.0000000000
113060  45.333  18.265  16.170 0.0000000000
114006  44.862  18.943  16.484 0.0000000000
113999  43.805  19.309  17.500 0.0000000000
112091  43.238  17.731  17.779 0.0000000000
103942  45.064  10.221  19.276 0.0000000000
115801  43.516  22.160  26.548 0.0000000000
109008  40.879  14.529  36.808 0.0000000000
109026  40.557  14.326  36.132 0.0000000000
115809  52.995  21.337  25.646 0.0000000000
115824  52.549  21.535  24.601 0.0000000000
116713  51.374  22.351  23.031 0.0000000000
115839  52.104  21.959  23.020 0.0000000000
111056  44.309  16.711  27.012 0.0000000000
112023  45.057  17.130  26.614 0.0000000000
111080  44.711  16.315  25.325 0.0000000000
108201  49.043  14.089  14.776 0.0000000000
108189  48.842  13.861  14.786 0.0000000000
107164  49.300  13.308  15.142 0.0000000000
107152  48.743  12.696  15.682 0.0000000000
112890  53.277  18.515  35.450 0.0000000000
112907  53.895  18.635  32.811 0.0000000000
112901  53.076  18.522  33.550 0.0000000000
104933  48.064  10.896  21.901 0.0000000000
105977  47.836  11.245  21.452 0.0000000000
105975  49.490  11.231  21.681 0.0000000000
106017  54.254  12.274  18.088 0.0000000000
107122  54.940  12.404  17.825 0.0000000000
107136  54.133  12.833  16.708 0.0000000000
113023  41.887  18.544  21.321 0.0000000000
108025  44.600  13.126  33.936 0.0000000000
109038  44.682  13.532  33.562 0.0000000000
109044  44.405  14.065  33.055 0.0000000000
110039  44.142  14.740  32.329 0.0000000000
104804  41.806  10.459  32.038 0.0000000000
104860  43.456  10.735  27.534 0.0000000000
105868  42.255  11.718  27.895 0.0000000000
105879  42.770  11.507  27.488 0.0000000000
107001  42.872  12.203  27.022 0.0000000000
105878  43.530  11.630  26.974 0.0000000000
105889  44.266  11.331  26.271 0.0000000000
104873  44.861  10.857  26.316 0.0000000000
115781  48.580  21.141  27.385 0.0000000000
115763  48.565  21.064  28.522 0.0000000000
115782  47.689  21.120  27.239 0.0000000000
114881  47.737  21.072  25.800 0.0000000000
115828  47.552  21.751  24.600 0.0000000000
114938  44.846  20.605  18.702 0.0000000000
114926  45.243  20.531  19.702 0.0000000000
110027  48.275  15.486  36.050 0.0000000000
111010  48.728  15.912  36.019 0.0000000000
111018  48.224  16.441  34.804 0.0000000000
112977  49.290  18.521  27.100 0.0000000000
112987  50.037  18.827  26.645 0.0000000000
113912  50.877  19.249  26.955 0.0000000000
113921  49.716  18.823  25.387 0.0000000000
110128  46.062  14.942  19.195 0.0000000000
112089  46.261  18.214  17.872 0.0000000000
113045  46.253  18.901  17.435 0.0000000000
113989  46.395  19.260  18.135 0.0000000000
113988  46.991  19.985  17.445 0.0000000000
109154  45.508  14.501  16.099 0.0000000000
111159  44.496  16.498  16.136 0.0000000000
109155  44.917  14.901  16.473 0.0000000000
109146  44.436  14.623  17.352 0.0000000000
115833  42.861  22.336  24.155 0.0000000000
115832  43.335  21.599  23.961 0.0000000000
114888  43.512  20.738  24.043 0.0000000000
110995  42.451  16.350  37.724 0.0000000000
110005  41.873  15.646  37.501 0.0000000000
108003  42.058  13.914  35.241 0.0000000000
109024  42.405  14.374  35.952 0.0000000000
108002  43.057  13.746  35.243 0.0000000000
108016  43.658  13.085  34.739 0.0000000000
106928  43.490  12.661  34.226 0.0000000000
114814  53.112  20.488  30.518 0.0000000000
114805  52.854  20.451  31.487 0.0000000000
114830  52.482  20.620  29.744 0.0000000000
115793  52.104  21.451  26.488 0.0000000000
115794  50.898  21.449  26.394 0.0000000000
115826  50.028  22.022  24.376 0.0000000000
116715  49.213  22.312  23.646 0.0000000000
116755  48.741  22.637  21.154 0.0000000000
116780  47.952  22.334  19.328 0.0000000000
115882  46.952  21.884  18.987 0.0000000000
115881  47.714  22.203  18.634 0.0000000000
112923  47.296  18.203  31.173 0.0000000000
112935  46.298  18.068  30.162 0.0000000000
112012  46.313  17.582  26.699 0.0000000000
112955  46.710  18.278  28.309 0.0000000000
112980  46.738  17.716  26.638 0.0000000000
112979  47.405  17.864  26.451 0.0000000000
112020  47.347  17.668  25.834 0.0000000000
108175  48.839  14.289  16.284 0.0000000000
109142  48.436  14.443  16.463 0.0000000000
109152  48.674  14.476  15.753 0.0000000000
109162  47.912  14.600  15.449 0.0000000000
110165  47.395  15.197  15.972 0.0000000000
108191  46.869  13.848  15.365 0.0000000000
109164  46.188  14.444  15.607 0.0000000000
108176  46.520  13.507  15.792 0.0000000000
107154  47.136  12.692  16.055 0.0000000000
106031  48.597  11.514  16.644 0.0000000000
104989  48.022  11.237  16.677 0.0000000000
108006  38.519  13.718  35.340 0.0000000000
108020  39.344  13.288  34.371 0.0000000000
106930  38.645  12.939  34.203 0.0000000000
106962  39.277  11.871  32.920 0.0000000000
105833  39.485  11.309  32.577 0.0000000000
104806  40.139  10.429  32.284 0.0000000000
114812  53.900  19.892  30.218 0.0000000000
114827  54.041  19.909  29.230 0.0000000000
114844  53.940  20.139  28.428 0.0000000000
113890  54.072  19.944  28.583 0.0000000000
109090  44.226  13.914  22.973 0.0000000000
109098  44.112  14.527  22.933 0.0000000000
108113  44.638  13.268  22.664 0.0000000000
107096  47.471  12.304  20.179 0.0000000000
107098  46.197  12.658  20.946 0.0000000000
107115  47.221  12.695  19.892 0.0000000000
108139  47.320  13.007  19.416 0.0000000000
105990  51.620  11.532  20.601 0.0000000000
106006  51.705  11.765  19.558 0.0000000000
107125  51.971  12.610  17.984 0.0000000000
107110  51.761  12.219  18.699 0.0000000000
107126  51.126  12.617  18.100 0.0000000000
107140  50.580  13.088  17.427 0.0000000000
108161  49.968  13.521  16.683 0.0000000000
108170  53.312  13.254  15.649 0.0000000000
108186  52.083  13.284  15.308 0.0000000000
108187  50.977  13.308  15.335 0.0000000000
107161  52.349  13.058  15.049 0.0000000000
110973  45.886  15.961  38.506 0.0000000000
110991  46.361  16.492  38.198 0.0000000000
109986  47.180  15.544  38.520 0.0000000000
108977  46.698  14.933  38.191 0.0000000000
108991  44.389  14.862  37.545 0.0000000000
109034  45.804  13.928  34.748 0.0000000000
109033  46.447  14.572  34.487 0.0000000000
109018  47.131  14.700  35.072 0.0000000000
110033  46.424  15.150  33.954 0.0000000000
111023  46.712  15.826  33.594 0.0000000000
110036  46.230  15.447  33.300 0.0000000000
111032  44.209  15.953  31.459 0.0000000000
111036  44.234  16.825  30.378 0.0000000000
111040  43.987  16.993  29.763 0.0000000000
112001  43.765  17.201  28.911 0.0000000000
111045  43.263  16.484  28.444 0.0000000000
108028  40.456  12.991  33.761 0.0000000000
106944  41.236  12.392  33.396 0.0000000000
105830  42.571  11.549  32.452 0.0000000000
105829  43.290  11.818  32.775 0.0000000000
106960  43.302  12.170  32.515 0.0000000000
106971  42.724  12.293  31.972 0.0000000000
103842  40.663  10.015  29.724 0.0000000000
104826  40.902  10.392  30.339 0.0000000000
105862  40.540  10.868  29.839 0.0000000000
108066  41.478  13.368  29.103 0.0000000000
106986  41.327  12.390  29.629 0.0000000000
108061  41.473  13.320  29.916 0.0000000000
108055  42.160  13.836  31.011 0.0000000000
109053  42.077  14.389  30.347 0.0000000000
110046  42.692  15.180  30.672 0.0000000000
110049  41.946  14.871  29.398 0.0000000000
109066  42.558  14.328  26.736 0.0000000000
110056  42.399  15.071  27.624 0.0000000000
110067  42.536  14.767  27.129 0.0000000000
110066  42.985  15.340  26.820 0.0000000000
109065  43.013  14.433  26.027 0.0000000000
109074  43.063  14.451  25.059 0.0000000000
108098  43.111  13.521  24.753 0.0000000000
105924  45.585  11.192  24.393 0.0000000000
105925  44.884  11.595  24.440 0.0000000000
105938  46.546  11.065  23.377 0.0000000000
104870  47.166  10.272  26.426 0.0000000000
104898  48.752  10.722  25.264 0.0000000000
105920  49.439  10.912  24.901 0.0000000000
109011  38.090  14.525  36.472 0.0000000000
109028  36.343  13.991  35.580 0.0000000000
109027  36.868  13.823  35.694 0.0000000000
106920  36.342  12.879  35.117 0.0000000000
106921  35.406  12.807  34.987 0.0000000000
114809  48.521  21.016  31.374 0.0000000000
115723  49.417  21.419  32.316 0.0000000000
115719  48.713  21.892  32.784 0.0000000000
116650  48.592  22.622  33.274 0.0000000000
116652  48.111  22.539  32.768 0.0000000000
117581  47.718  23.230  32.567 0.0000000000
115726  47.236  21.715  31.201 0.0000000000
115783  46.687  21.110  27.621 0.0000000000
115799  45.200  21.460  26.528 0.0000000000
115816  44.795  21.934  25.501 0.0000000000
116733  45.140  22.965  23.484 0.0000000000
116748  44.738  22.708  22.833 0.0000000000
115842  44.349  22.009  22.944 0.0000000000
116745  47.453  22.620  22.338 0.0000000000
116731  47.164  22.751  23.107 0.0000000000
116757  46.703  22.427  21.680 0.0000000000
113968  44.543  19.951  20.074 0.0000000000
113970  42.702  18.993  20.894 0.0000000000
113980  42.861  18.900  19.838 0.0000000000
113048  42.563  18.586  18.792 0.0000000000
111924  49.004  17.228  38.516 0.0000000000
111012  49.821  16.723  35.818 0.0000000000
109998  50.401  16.025  37.843 0.0000000000
111008  50.597  16.694  36.494 0.0000000000
111961  50.837  17.225  36.089 0.0000000000
111968  50.646  17.758  34.069 0.0000000000
112913  48.611  17.964  31.997 0.0000000000
111979  48.919  17.702  32.618 0.0000000000
112921  48.989  18.542  31.425 0.0000000000
113873  51.188  19.065  30.093 0.0000000000
112919  50.768  18.606  31.516 0.0000000000
112929  51.491  18.796  30.774 0.0000000000
112909  51.931  18.623  32.492 0.0000000000
112928  52.453  18.932  30.863 0.0000000000
113878  52.560  19.307  29.180 0.0000000000
113911  51.926  19.707  26.405 0.0000000000
113919  52.084  20.219  25.244 0.0000000000
113918  52.813  20.420  25.478 0.0000000000
113927  51.930  20.432  24.097 0.0000000000
110101  44.418  15.408  22.848 0.0000000000
111099  44.797  16.228  23.528 0.0000000000
111107  44.960  16.189  22.844 0.0000000000
112060  45.885  17.232  22.629 0.0000000000
112059  46.477  17.697  22.933 0.0000000000
112051  46.771  17.709  23.752 0.0000000000
112068  46.334  17.762  22.243 0.0000000000
110149  46.890  15.470  17.324 0.0000000000
110139  45.824  15.990  18.883 0.0000000000
111139  46.020  16.557  18.312 0.0000000000
113035  46.342  18.772  19.927 0.0000000000
113028  46.445  18.515  20.679 0.0000000000
113958  46.823  18.819  20.991 0.0000000000
113947  47.634  18.909  22.080 0.0000000000
113946  48.348  19.302  22.354 0.0000000000
114923  48.592  20.629  19.670 0.0000000000
114913  49.465  20.468  20.810 0.0000000000
114921  49.936  21.067  20.429 0.0000000000
114911  50.535  21.181  21.652 0.0000000000
115867  50.078  21.525  19.919 0.0000000000
116764  50.280  22.040  19.739 0.0000000000
115879  49.751  21.672  19.568 0.0000000000
114947  47.237  21.042  17.398 0.0000000000
114955  45.638  20.214  17.187 0.0000000000
112109  44.230  17.461  16.383 0.0000000000
113061  44.551  18.191  16.349 0.0000000000
113998  44.465  19.428  17.014 0.0000000000
114007  44.092  18.827  16.758 0.0000000000
113054  43.609  18.430  17.272 0.0000000000
112101  43.669  17.590  16.956 0.0000000000
109147  43.735  14.986  17.879 0.0000000000
110140  43.333  15.827  18.322 0.0000000000
103956  46.177  10.331  18.411 0.0000000000
103941  45.747  9.912  19.018 0.0000000000
116707  42.208  22.622  25.436 0.0000000000
116721  42.947  22.724  24.522 0.0000000000
108994  41.333  15.006  37.247 0.0000000000
109025  41.422  14.349  36.059 0.0000000000
115759  53.133  20.728  28.208 0.0000000000
115760  52.457  20.959  28.201 0.0000000000
115810  51.921  21.692  25.374 0.0000000000
116714  50.437  22.340  23.407 0.0000000000
116728  50.545  22.335  22.538 0.0000000000
116754  49.758  22.517  20.793 0.0000000000
111990  45.104  17.951  28.903 0.0000000000
112942  45.961  18.243  29.174 0.0000000000
111999  45.246  17.790  27.930 0.0000000000
112013  45.679  17.514  27.149 0.0000000000
112022  45.874  17.344  26.267 0.0000000000
109160  49.296  14.254  15.129 0.0000000000
109151  49.087  14.342  15.415 0.0000000000
109172  48.646  14.248  14.909 0.0000000000
108190  47.943  14.030  14.829 0.0000000000
107166  47.480  13.261  15.344 0.0000000000
107153  47.848  12.594  15.783 0.0000000000
106044  49.165  12.155  16.248 0.0000000000
106030  49.326  11.540  16.706 0.0000000000
108022  37.665  13.100  34.685 0.0000000000
106931  38.039  12.777  34.255 0.0000000000
106947  37.677  12.211  33.751 0.0000000000
112906  54.366  18.924  33.027 0.0000000000
112915  54.284  18.913  32.044 0.0000000000
112926  53.711  19.251  31.345 0.0000000000
107069  45.575  12.180  22.456 0.0000000000
107084  45.791  12.588  21.527 0.0000000000
105978  47.081  11.559  21.516 0.0000000000
105995  47.391  11.721  21.031 0.0000000000
106010  48.301  11.725  20.163 0.0000000000
106005  52.749  11.807  19.079 0.0000000000
106018  53.730  12.100  18.354 0.0000000000
107124  52.921  12.493  18.047 0.0000000000
107138  52.359  12.976  17.201 0.0000000000
108158  52.601  13.278  16.583 0.0000000000
107137  53.216  13.089  16.822 0.0000000000
107150  53.562  13.288  16.099 0.0000000000
110974  45.213  15.937  38.218 0.0000000000
108000  44.763  13.669  35.331 0.0000000000
109021  45.074  14.186  35.825 0.0000000000
108014  45.266  13.510  35.042 0.0000000000
109037  45.471  14.095  33.742 0.0000000000
110037  45.622  15.133  32.948 0.0000000000
110038  44.766  15.032  32.521 0.0000000000
110041  44.286  15.277  31.991 0.0000000000
111037  43.365  15.906  30.527 0.0000000000
105814  41.667  11.671  33.147 0.0000000000
105831  41.820  11.124  32.620 0.0000000000
104803  42.227  10.982  31.820 0.0000000000
104847  41.864  10.425  28.305 0.0000000000
105861  41.082  11.338  29.321 0.0000000000
105869  41.707  11.375  28.414 0.0000000000
106993  42.063  12.178  28.170 0.0000000000
108072  41.700  13.410  28.337 0.0000000000
109060  41.632  14.295  28.632 0.0000000000
108071  41.970  13.416  27.663 0.0000000000
107011  42.570  12.801  26.773 0.0000000000
108077  42.602  13.501  26.322 0.0000000000
107025  43.352  12.458  25.450 0.0000000000
105907  43.932  11.707  25.718 0.0000000000
105906  44.679  11.345  25.451 0.0000000000
104902  45.670  10.993  25.002 0.0000000000
104883  50.053  10.841  26.035 0.0000000000
115762  50.106  20.818  28.740 0.0000000000
114817  49.910  20.808  30.842 0.0000000000
114833  49.523  20.655  30.175 0.0000000000
115744  48.822  20.773  29.821 0.0000000000
115732  47.831  20.967  30.707 0.0000000000
115745  47.698  21.043  29.649 0.0000000000
115764  47.475  21.063  28.830 0.0000000000
114851  46.985  21.006  28.088 0.0000000000
115815  45.884  21.587  25.610 0.0000000000
115829  46.453  22.002  24.789 0.0000000000
117652  45.564  23.219  23.057 0.0000000000
115868  46.483  21.899  20.330 0.0000000000
115869  46.159  21.750  20.646 0.0000000000
114925  45.969  21.323  20.364 0.0000000000
109985  48.063  15.679  38.500 0.0000000000
109984  48.992  15.778  38.417 0.0000000000
110000  49.278  15.702  37.846 0.0000000000
111009  49.472  16.272  36.459 0.0000000000
111969  49.366  17.180  34.522 0.0000000000
112953  48.532  18.561  28.719 0.0000000000
112938  49.447  18.652  29.829 0.0000000000
112952  49.368  18.654  28.965 0.0000000000
112965  50.130  18.799  28.400 0.0000000000
113894  50.881  19.051  28.822 0.0000000000
113893  51.804  19.295  28.503 0.0000000000
113920  50.570  19.289  25.722 0.0000000000
109114  45.463  14.411  20.456 0.0000000000
110110  45.202  15.706  22.013 0.0000000000
110119  45.136  15.353  20.979 0.0000000000
111122  45.481  16.427  20.235 0.0000000000
111150  46.261  16.867  17.612 0.0000000000
112090  45.922  17.609  18.466 0.0000000000
113977  46.130  19.031  18.696 0.0000000000
113956  48.747  19.929  20.943 0.0000000000
113966  47.743  20.166  19.893 0.0000000000
114935  48.346  20.834  18.861 0.0000000000
114945  48.577  21.367  18.678 0.0000000000
113987  47.554  20.713  17.593 0.0000000000
113996  46.108  19.465  16.900 0.0000000000
111166  45.151  16.413  15.680 0.0000000000
111160  43.930  16.916  16.659 0.0000000000
111151  44.087  16.292  16.816 0.0000000000
112891  52.270  18.266  35.243 0.0000000000
115819  42.302  21.697  24.974 0.0000000000
113950  42.843  18.971  22.990 0.0000000000
110004  42.849  15.582  37.656 0.0000000000
108992  43.299  14.880  37.483 0.0000000000
109006  42.810  14.614  36.776 0.0000000000
108001  43.967  13.613  35.298 0.0000000000
108037  44.226  13.004  33.342 0.0000000000
103832  41.403  9.496  30.604 0.0000000000
103841  41.313  9.541  29.452 0.0000000000
103840  41.984  9.035  29.071 0.0000000000
103850  42.059  9.573  28.613 0.0000000000
104846  42.521  10.187  28.177 0.0000000000
103862  43.506  10.051  27.865 0.0000000000
103861  44.087  10.077  27.557 0.0000000000
104858  45.270  10.408  26.849 0.0000000000
114806  51.719  20.717  31.682 0.0000000000
114831  51.490  20.641  29.854 0.0000000000
114847  51.965  20.700  28.975 0.0000000000
115761  51.513  20.969  28.299 0.0000000000
114848  51.081  20.676  29.114 0.0000000000
115795  49.599  21.353  26.360 0.0000000000
115827  48.729  21.817  24.496 0.0000000000
116730  48.437  22.458  22.879 0.0000000000
116756  47.725  22.517  21.463 0.0000000000
115840  49.220  22.460  22.485 0.0000000000
116744  48.509  22.601  22.130 0.0000000000
116768  47.066  22.318  20.830 0.0000000000
116781  47.257  22.184  19.974 0.0000000000
114937  45.978  21.195  19.043 0.0000000000
111022  47.221  16.464  33.181 0.0000000000
111976  47.741  16.945  33.811 0.0000000000
111983  47.496  17.779  31.684 0.0000000000
112933  47.928  18.449  30.444 0.0000000000
112941  46.904  18.366  29.322 0.0000000000
112940  47.792  18.453  29.483 0.0000000000
112967  48.439  18.494  27.740 0.0000000000
112978  48.395  18.217  26.739 0.0000000000
112989  48.243  18.050  25.648 0.0000000000
108163  47.896  14.035  17.590 0.0000000000
109133  46.909  14.516  18.135 0.0000000000
110148  47.384  15.050  17.079 0.0000000000
109153  47.961  14.779  16.142 0.0000000000
111149  46.495  16.605  16.902 0.0000000000
112106  46.244  17.541  16.334 0.0000000000
112114  46.134  17.083  15.805 0.0000000000
112115  45.723  16.979  15.623 0.0000000000
111165  45.631  16.366  15.605 0.0000000000
110159  45.673  14.988  15.670 0.0000000000
107156  45.807  13.024  16.593 0.0000000000
104965  46.646  10.647  17.924 0.0000000000
104990  47.683  11.424  16.621 0.0000000000
104979  47.332  11.042  17.056 0.0000000000
107991  39.338  14.307  36.311 0.0000000000
108005  39.724  14.029  35.615 0.0000000000
106945  40.290  12.369  33.157 0.0000000000
106946  38.980  12.394  33.494 0.0000000000
105832  40.713  11.444  32.632 0.0000000000
103806  41.115  9.580  31.921 0.0000000000
114798  53.655  19.911  32.309 0.0000000000
114804  53.669  20.146  31.260 0.0000000000
113865  54.204  19.419  32.204 0.0000000000
114803  54.114  20.045  31.242 0.0000000000
114845  53.485  20.426  28.768 0.0000000000
115758  53.535  20.464  28.255 0.0000000000
115791  53.232  20.883  27.093 0.0000000000
114877  53.401  20.953  25.884 0.0000000000
110087  43.623  15.192  24.585 0.0000000000
110086  44.230  15.794  24.908 0.0000000000
110095  43.799  14.989  23.713 0.0000000000
109107  44.976  14.237  21.718 0.0000000000
108121  45.173  13.249  21.808 0.0000000000
109115  45.142  14.557  21.151 0.0000000000
108141  45.805  13.834  20.051 0.0000000000
108140  46.556  13.410  19.672 0.0000000000
108149  47.585  13.481  18.456 0.0000000000
105991  50.627  11.587  20.749 0.0000000000
106008  49.778  11.731  19.892 0.0000000000
107111  50.882  12.174  18.898 0.0000000000
107113  48.991  12.266  19.247 0.0000000000
108148  48.444  13.216  18.172 0.0000000000
108173  50.452  13.624  15.754 0.0000000000
108159  51.985  13.286  16.526 0.0000000000
106053  51.022  12.779  15.207 0.0000000000
106052  51.610  12.618  15.262 0.0000000000
106051  52.472  12.513  15.367 0.0000000000
110971  47.730  16.254  38.678 0.0000000000
110018  47.854  15.300  36.599 0.0000000000
110028  47.598  15.306  35.544 0.0000000000
110993  44.533  16.289  37.877 0.0000000000
110002  44.785  15.536  37.913 0.0000000000
109988  45.516  15.463  38.270 0.0000000000
109003  45.561  14.459  36.535 0.0000000000
108990  45.290  14.733  37.427 0.0000000000
108989  46.136  14.781  37.371 0.0000000000
109001  46.974  15.100  35.968 0.0000000000
110030  47.326  15.150  34.838 0.0000000000
111019  47.355  16.003  34.435 0.0000000000
111030  46.193  16.970  31.480 0.0000000000
111031  45.324  16.741  31.123 0.0000000000
111987  45.261  17.660  30.126 0.0000000000
112000  44.508  17.488  28.449 0.0000000000
108018  41.705  13.483  34.557 0.0000000000
108026  42.292  12.984  33.982 0.0000000000
106943  42.256  12.194  33.673 0.0000000000
106929  42.889  12.587  33.977 0.0000000000
106942  43.334  12.155  33.611 0.0000000000
106959  43.708  12.184  33.068 0.0000000000
108038  43.658  13.085  32.734 0.0000000000
104816  42.057  11.155  31.535 0.0000000000
105845  41.708  11.634  31.175 0.0000000000
106979  41.516  12.467  30.496 0.0000000000
106972  42.046  12.603  31.310 0.0000000000
108048  42.629  13.386  31.577 0.0000000000
109050  43.150  14.238  31.638 0.0000000000
110043  42.975  14.924  31.299 0.0000000000
111038  42.739  15.604  30.209 0.0000000000
111042  42.763  15.880  29.667 0.0000000000
109059  41.898  14.675  27.997 0.0000000000
110052  42.272  15.305  28.743 0.0000000000
111046  42.813  16.156  28.979 0.0000000000
111057  43.490  16.295  27.397 0.0000000000
109082  43.374  14.297  24.303 0.0000000000
108106  44.106  13.306  23.429 0.0000000000
107039  43.646  12.654  24.625 0.0000000000
107053  44.592  12.368  23.565 0.0000000000
107052  45.187  12.034  23.171 0.0000000000
105959  46.101  11.562  22.893 0.0000000000
105957  47.782  10.922  22.392 0.0000000000
105956  48.798  10.892  22.811 0.0000000000
104872  45.515  10.587  26.325 0.0000000000
104888  45.647  10.767  25.587 0.0000000000
104900  47.004  10.691  25.022 0.0000000000
104886  47.608  10.457  25.832 0.0000000000
104899  47.921  10.672  25.122 0.0000000000
105922  47.268  10.773  24.250 0.0000000000
105936  48.556  10.955  23.631 0.0000000000
109010  39.021  14.717  36.630 0.0000000000
108007  37.468  13.409  35.218 0.0000000000
109012  37.021  14.295  36.199 0.0000000000
107994  37.189  13.700  35.742 0.0000000000
106932  37.072  12.745  34.590 0.0000000000
105802  35.503  11.619  34.123 0.0000000000
117590  46.432  23.147  30.924 0.0000000000
115733  46.878  21.547  30.481 0.0000000000
115734  46.263  21.777  30.064 0.0000000000
116665  45.714  22.311  30.094 0.0000000000
115817  43.879  22.164  25.819 0.0000000000
116705  44.151  22.391  25.024 0.0000000000
116720  43.695  22.714  24.346 0.0000000000
116719  44.744  22.588  24.347 0.0000000000
115843  43.491  22.436  23.681 0.0000000000
114898  43.903  21.143  23.477 0.0000000000
113939  44.145  20.175  23.030 0.0000000000
113949  43.593  19.493  22.566 0.0000000000
116746  46.231  22.910  22.620 0.0000000000
116747  45.393  22.724  22.576 0.0000000000
115861  46.068  21.965  21.195 0.0000000000
114905  45.397  21.449  21.876 0.0000000000
114906  45.074  21.068  22.106 0.0000000000
113948  44.334  20.044  22.259 0.0000000000
110969  49.563  16.397  38.558 0.0000000000
111007  51.457  16.708  37.165 0.0000000000
111960  51.610  17.608  36.245 0.0000000000
112896  52.062  18.331  34.238 0.0000000000
111970  48.384  16.941  34.346 0.0000000000
111974  49.713  17.819  33.238 0.0000000000
112920  49.861  18.512  31.433 0.0000000000
112911  50.044  18.277  32.303 0.0000000000
111973  50.427  18.068  33.376 0.0000000000
112903  51.074  18.372  33.227 0.0000000000
112902  52.078  18.463  33.331 0.0000000000
112908  52.975  18.581  32.629 0.0000000000
112927  53.124  18.924  30.976 0.0000000000
113877  53.502  19.470  29.006 0.0000000000
113892  52.870  19.494  28.193 0.0000000000
113891  53.741  19.818  27.991 0.0000000000
113901  53.349  20.170  26.803 0.0000000000
114878  53.138  20.707  25.525 0.0000000000
111090  44.818  16.242  24.440 0.0000000000
111079  45.544  16.631  24.881 0.0000000000
112033  46.239  17.222  25.334 0.0000000000
111098  45.392  16.692  23.127 0.0000000000
112043  46.899  17.502  24.628 0.0000000000
112042  47.680  17.731  24.796 0.0000000000
112998  48.390  18.185  24.706 0.0000000000
110138  46.275  15.455  18.528 0.0000000000
112074  45.619  17.342  20.695 0.0000000000
112080  45.746  17.414  19.675 0.0000000000
113029  45.981  18.096  20.216 0.0000000000
113022  45.960  18.027  21.001 0.0000000000
113014  46.837  18.205  22.423 0.0000000000
113012  48.128  18.731  23.098 0.0000000000
113004  49.132  18.722  24.310 0.0000000000
113936  51.106  20.296  23.594 0.0000000000
113935  51.807  20.660  23.558 0.0000000000
114894  52.319  21.131  23.579 0.0000000000
115849  51.509  21.785  22.435 0.0000000000
116741  51.209  22.004  22.073 0.0000000000
116753  50.376  22.156  20.453 0.0000000000
116779  48.795  22.151  19.103 0.0000000000
115890  48.460  21.770  18.423 0.0000000000
116790  48.147  22.236  18.575 0.0000000000
115892  46.812  21.496  18.002 0.0000000000
114948  46.065  21.013  17.811 0.0000000000
114949  44.915  20.348  17.839 0.0000000000
113059  45.976  18.355  16.245 0.0000000000
114005  45.662  18.935  16.458 0.0000000000
113997  45.289  19.499  16.872 0.0000000000
114950  44.182  19.880  17.815 0.0000000000
113047  43.128  18.738  18.173 0.0000000000
111152  43.563  16.712  17.422 0.0000000000
111140  42.981  16.900  18.274 0.0000000000
106043  50.465  12.101  15.915 0.0000000000
103851  41.483  9.946  28.705 0.0000000000
104827  40.454  10.353  29.938 0.0000000000
104837  40.730  10.422  29.517 0.0000000000
104845  43.072  10.258  27.954 0.0000000000
104862  42.306  10.573  28.000 0.0000000000
104884  49.485  10.782  25.933 0.0000000000
104901  46.153  10.831  24.991 0.0000000000
104922  48.385  10.837  22.195 0.0000000000
104931  48.926  11.005  21.749 0.0000000000
104932  48.431  10.972  21.752 0.0000000000
105853  40.547  10.746  30.137 0.0000000000
105877  43.964  11.381  26.654 0.0000000000
105880  42.184  11.017  27.846 0.0000000000
105890  43.658  11.790  26.256 0.0000000000
105904  49.863  10.899  25.687 0.0000000000
105905  45.288  11.176  24.992 0.0000000000
105940  45.142  11.665  23.752 0.0000000000
105976  48.540  11.264  21.285 0.0000000000
105992  49.673  11.547  20.796 0.0000000000
105994  47.833  11.722  20.574 0.0000000000
106009  48.873  11.719  19.994 0.0000000000
106019  53.257  11.946  18.637 0.0000000000
106029  49.941  11.470  16.754 0.0000000000
106046  47.244  11.824  16.486 0.0000000000
106927  43.958  12.765  34.446 0.0000000000
106958  43.987  12.563  33.612 0.0000000000
107003  41.927  12.799  28.065 0.0000000000
107038  44.265  12.090  24.538 0.0000000000
107054  44.025  12.761  24.033 0.0000000000
107068  46.041  12.077  21.947 0.0000000000
107070  44.975  12.526  22.827 0.0000000000
107097  46.929  12.370  20.642 0.0000000000
107112  49.933  12.210  19.047 0.0000000000
107128  49.148  12.769  18.249 0.0000000000
107142  45.891  12.412  16.933 0.0000000000
107999  45.230  13.837  35.362 0.0000000000
108008  36.729  13.408  35.477 0.0000000000
108024  45.179  13.446  34.435 0.0000000000
108047  43.239  13.537  32.110 0.0000000000
108049  42.105  13.335  31.159 0.0000000000
108078  42.322  13.468  27.020 0.0000000000
108089  42.795  13.925  24.986 0.0000000000
108099  42.948  13.932  24.757 0.0000000000
108130  46.309  12.925  20.466 0.0000000000
108192  46.384  13.870  15.650 0.0000000000
108200  49.230  14.063  14.712 0.0000000000
108976  47.493  15.196  38.189 0.0000000000
108978  45.817  14.907  38.139 0.0000000000
109004  44.731  14.449  36.715 0.0000000000
109019  46.480  14.389  35.322 0.0000000000
109022  44.304  14.282  35.870 0.0000000000
109032  47.017  14.821  34.685 0.0000000000
109036  46.107  14.636  33.927 0.0000000000
109054  41.677  13.869  30.109 0.0000000000
109056  41.979  14.698  29.787 0.0000000000
109063  41.759  14.037  27.949 0.0000000000
109075  42.922  14.162  24.870 0.0000000000
109083  43.076  14.135  24.680 0.0000000000
109097  44.488  14.306  22.389 0.0000000000
109106  45.326  13.980  21.193 0.0000000000
109123  46.438  14.457  19.008 0.0000000000
109132  47.494  14.284  17.718 0.0000000000
109135  43.569  14.697  18.600 0.0000000000
109143  47.830  14.566  17.008 0.0000000000
109170  49.377  14.164  14.886 0.0000000000
109171  49.149  14.252  14.919 0.0000000000
109982  50.375  15.981  38.087 0.0000000000
109983  49.888  15.891  38.281 0.0000000000
109999  50.081  15.905  37.810 0.0000000000
110017  48.747  15.732  36.901 0.0000000000
110031  46.942  15.133  34.414 0.0000000000
110045  43.255  15.349  31.058 0.0000000000
110051  42.806  15.942  28.513 0.0000000000
110053  41.785  14.719  29.060 0.0000000000
110078  44.188  15.944  25.386 0.0000000000
110100  45.010  15.945  22.494 0.0000000000
110102  43.950  14.796  23.202 0.0000000000
110111  44.890  14.972  21.907 0.0000000000
110168  45.456  15.969  15.622 0.0000000000
110970  48.618  16.278  38.685 0.0000000000
110989  50.044  16.254  37.188 0.0000000000
111013  48.980  16.520  35.399 0.0000000000
111015  47.594  15.527  35.048 0.0000000000
111025  47.083  16.793  32.624 0.0000000000
111028  44.628  15.515  31.994 0.0000000000
111033  43.602  15.598  31.186 0.0000000000
111035  44.851  17.151  30.459 0.0000000000
111070  44.536  16.612  26.123 0.0000000000
111071  43.782  16.178  26.410 0.0000000000
111106  45.426  16.501  22.306 0.0000000000
111964  50.446  17.275  35.447 0.0000000000
111967  51.361  17.973  34.234 0.0000000000
111971  47.881  16.622  34.402 0.0000000000
111975  48.608  17.360  33.526 0.0000000000
111984  46.826  17.459  31.712 0.0000000000
111991  44.388  17.366  29.553 0.0000000000
111992  43.884  17.077  29.469 0.0000000000
112030  48.020  17.856  25.415 0.0000000000
112032  47.113  17.543  25.351 0.0000000000
112041  48.057  17.824  25.169 0.0000000000
112044  46.198  17.110  24.347 0.0000000000
112050  47.367  17.859  24.185 0.0000000000
112100  46.130  17.199  17.923 0.0000000000
112897  51.412  18.187  33.818 0.0000000000
112904  50.407  18.261  32.921 0.0000000000
112912  49.309  18.138  32.052 0.0000000000
112918  51.738  18.734  31.621 0.0000000000
112922  48.097  18.178  31.422 0.0000000000
112924  46.601  18.166  30.985 0.0000000000
112930  50.540  18.730  30.629 0.0000000000
112931  49.612  18.702  30.648 0.0000000000
112939  48.641  18.519  29.658 0.0000000000
112951  50.131  18.801  29.244 0.0000000000
112954  47.641  18.440  28.494 0.0000000000
112969  46.501  17.905  27.310 0.0000000000
112970  45.813  17.852  27.627 0.0000000000
112988  49.354  18.538  26.039 0.0000000000
112990  47.692  17.813  25.839 0.0000000000
112999  47.914  18.107  24.194 0.0000000000
113005  48.526  18.586  23.746 0.0000000000
113007  47.043  18.076  23.060 0.0000000000
113013  47.538  18.574  22.654 0.0000000000
113020  47.211  18.626  22.002 0.0000000000
113046  46.150  18.594  18.313 0.0000000000
113870  53.722  19.608  30.095 0.0000000000
113874  50.662  18.948  30.067 0.0000000000
113879  51.561  19.221  29.370 0.0000000000
113880  50.760  19.024  29.582 0.0000000000
113904  50.958  19.042  27.931 0.0000000000
113909  53.303  20.297  26.243 0.0000000000
113910  52.944  20.125  25.953 0.0000000000
113930  43.157  20.107  24.229 0.0000000000
113945  49.390  20.006  21.910 0.0000000000
113955  49.402  20.221  21.236 0.0000000000
113957  47.454  19.194  21.300 0.0000000000
113978  44.506  20.319  19.389 0.0000000000
114808  49.310  21.096  31.517 0.0000000000
114810  48.078  20.965  31.223 0.0000000000
114813  53.768  20.185  30.352 0.0000000000
114819  48.337  20.779  30.935 0.0000000000
114843  54.155  19.999  28.815 0.0000000000
114846  52.806  20.618  28.880 0.0000000000
114849  47.876  21.009  28.296 0.0000000000
114850  47.346  20.987  28.256 0.0000000000
114858  53.500  20.290  27.368 0.0000000000
114860  47.830  20.993  27.823 0.0000000000
114861  47.301  21.024  27.805 0.0000000000
114868  53.304  20.380  25.989 0.0000000000
114869  47.800  20.917  26.077 0.0000000000
114870  47.496  21.039  25.999 0.0000000000
114879  52.756  20.585  25.198 0.0000000000
114880  48.035  20.942  25.853 0.0000000000
114886  52.911  21.149  24.848 0.0000000000
114895  51.561  20.843  23.133 0.0000000000
114896  50.729  20.475  22.970 0.0000000000
114902  51.798  21.429  22.909 0.0000000000
114903  51.108  21.133  22.432 0.0000000000
114912  49.952  20.619  21.295 0.0000000000
114914  45.546  21.390  21.414 0.0000000000
114920  50.344  21.276  20.910 0.0000000000
114922  49.166  20.675  20.174 0.0000000000
114924  46.269  21.573  20.175 0.0000000000
114933  49.643  21.232  19.868 0.0000000000
114957  44.277  19.648  17.453 0.0000000000
115720  48.185  21.979  32.289 0.0000000000
115724  48.653  21.463  31.996 0.0000000000
115731  48.466  20.765  30.546 0.0000000000
115743  49.677  20.707  29.632 0.0000000000
115746  46.779  21.275  29.547 0.0000000000
115776  53.402  20.587  27.783 0.0000000000
115777  52.987  21.097  27.566 0.0000000000
115796  48.336  21.056  26.265 0.0000000000
115797  47.359  21.133  26.502 0.0000000000
115808  53.350  21.089  26.270 0.0000000000
115818  43.393  22.357  26.012 0.0000000000
115830  45.453  22.201  24.889 0.0000000000
115831  44.936  22.291  24.925 0.0000000000
115838  52.372  21.583  23.846 0.0000000000
115841  48.953  22.392  22.634 0.0000000000
115851  48.976  22.510  22.382 0.0000000000
115853  45.551  21.869  22.049 0.0000000000
115859  50.526  21.763  21.110 0.0000000000
115866  50.403  21.699  20.230 0.0000000000
115878  50.204  21.790  19.754 0.0000000000
115880  48.977  21.736  19.182 0.0000000000
115893  46.442  21.330  17.966 0.0000000000
116649  49.084  22.687  33.761 0.0000000000
116653  47.676  22.448  32.212 0.0000000000
116655  47.226  22.392  31.676 0.0000000000
116664  46.192  22.390  30.606 0.0000000000
116727  51.339  22.125  22.435 0.0000000000
116729  49.482  22.363  22.808 0.0000000000
116732  45.961  23.069  23.247 0.0000000000
116735  43.187  22.983  23.876 0.0000000000
116736  42.770  22.963  24.094 0.0000000000
116765  49.771  22.342  19.823 0.0000000000
116777  50.084  21.911  19.582 0.0000000000
116789  48.346  22.087  18.405 0.0000000000
117578  48.690  23.342  33.520 0.0000000000
117582  47.338  23.149  31.978 0.0000000000
117653  45.308  23.206  23.092 0.0000000000
117654  44.903  23.083  23.202 0.0000000000
117660  45.776  23.206  22.935 0.0000000000
117661  45.509  23.148  22.857 0.0000000000
117662  44.960  23.118  22.940 0.0000000000
