#!ascii label  , from subject S5_08 vox2ras=TkReg
1055
58524  31.487  -29.684  41.892 0.0000000000
81233  44.546  -9.826  33.223 0.0000000000
68337  36.612  -21.785  36.935 0.0000000000
40396  13.320  -44.272  46.765 0.0000000000
51818  24.114  -34.502  47.079 0.0000000000
72049  37.807  -17.833  36.633 0.0000000000
43110  19.208  -42.301  42.529 0.0000000000
39021  17.463  -45.773  45.358 0.0000000000
47182  23.461  -39.761  41.871 0.0000000000
82491  49.447  -9.981  32.935 0.0000000000
61970  35.878  -26.720  42.456 0.0000000000
64626  36.008  -24.746  39.447 0.0000000000
58521  37.134  -29.864  41.545 0.0000000000
88664  46.581  -5.018  33.781 0.0000000000
86330  49.992  -5.787  30.819 0.0000000000
81206  41.212  -10.849  35.682 0.0000000000
76638  45.432  -14.840  34.703 0.0000000000
74326  40.609  -16.394  34.746 0.0000000000
68345  41.697  -21.662  36.060 0.0000000000
54009  29.062  -33.930  43.078 0.0000000000
33961  11.629  -49.645  46.289 0.0000000000
33954  7.985  -48.699  46.846 0.0000000000
31382  4.999  -50.547  50.039 0.0000000000
56204  27.412  -30.674  45.253 0.0000000000
50756  26.332  -36.583  43.008 0.0000000000
68271  32.984  -21.228  40.331 0.0000000000
68269  36.494  -22.378  40.307 0.0000000000
89807  53.540  -3.209  30.113 0.0000000000
81231  46.426  -10.369  33.014 0.0000000000
80067  46.921  -12.290  33.675 0.0000000000
59629  33.767  -28.474  42.553 0.0000000000
59665  35.675  -28.548  40.620 0.0000000000
57452  34.278  -30.099  40.732 0.0000000000
85029  43.756  -7.845  34.878 0.0000000000
87503  45.548  -5.940  35.066 0.0000000000
85041  45.205  -7.340  33.249 0.0000000000
85053  47.205  -7.243  31.947 0.0000000000
27307  3.937  -54.702  46.850 0.0000000000
77816  40.985  -13.357  34.808 0.0000000000
76644  39.429  -14.272  35.779 0.0000000000
70917  37.212  -19.466  36.384 0.0000000000
69652  39.616  -20.122  35.281 0.0000000000
68334  39.105  -22.416  36.615 0.0000000000
67083  39.021  -23.104  38.013 0.0000000000
39023  15.436  -45.615  45.490 0.0000000000
37727  16.294  -47.465  46.589 0.0000000000
36488  14.558  -47.703  46.085 0.0000000000
35226  13.552  -49.049  46.959 0.0000000000
36490  12.709  -47.545  45.858 0.0000000000
36462  9.330  -47.280  48.300 0.0000000000
33945  6.583  -49.109  48.079 0.0000000000
53981  25.762  -32.148  46.217 0.0000000000
54012  25.816  -33.388  43.354 0.0000000000
51866  24.498  -34.893  43.802 0.0000000000
40459  23.531  -44.855  42.919 0.0000000000
43094  25.429  -42.854  43.697 0.0000000000
63235  40.072  -25.081  41.263 0.0000000000
65891  35.542  -23.624  39.918 0.0000000000
75430  38.664  -15.672  37.158 0.0000000000
70878  36.636  -17.782  38.103 0.0000000000
70896  35.932  -19.217  37.371 0.0000000000
40440  20.965  -45.617  42.934 0.0000000000
37764  19.698  -46.825  45.443 0.0000000000
40443  17.987  -44.144  44.165 0.0000000000
41788  16.178  -43.408  45.688 0.0000000000
43041  14.601  -42.597  47.602 0.0000000000
49551  23.372  -36.866  44.322 0.0000000000
47141  22.220  -39.016  44.121 0.0000000000
44493  21.872  -41.695  41.978 0.0000000000
64534  33.369  -24.626  44.556 0.0000000000
63222  32.270  -24.780  42.042 0.0000000000
63259  35.636  -25.861  40.492 0.0000000000
60794  38.769  -27.967  40.036 0.0000000000
90878  49.754  -2.612  31.815 0.0000000000
88687  47.754  -5.210  31.810 0.0000000000
85051  49.081  -7.895  31.696 0.0000000000
81223  42.446  -10.229  34.607 0.0000000000
78921  44.418  -12.447  33.957 0.0000000000
77828  42.838  -13.114  34.130 0.0000000000
75457  43.534  -15.691  34.620 0.0000000000
73178  43.785  -18.283  35.076 0.0000000000
73196  39.056  -17.260  35.319 0.0000000000
70928  41.205  -19.349  35.115 0.0000000000
56259  29.656  -31.598  41.189 0.0000000000
55128  32.692  -32.005  41.381 0.0000000000
82456  43.105  -9.163  36.749 0.0000000000
38999  11.897  -44.902  48.751 0.0000000000
36477  11.002  -46.895  46.937 0.0000000000
35239  10.026  -48.809  46.136 0.0000000000
31409  9.292  -51.432  46.735 0.0000000000
31429  7.417  -51.494  46.476 0.0000000000
32688  4.947  -51.614  46.802 0.0000000000
31397  3.587  -51.915  48.196 0.0000000000
30021  2.549  -51.995  50.498 0.0000000000
56229  28.785  -30.066  43.649 0.0000000000
56231  27.249  -31.550  42.988 0.0000000000
52938  27.538  -34.817  43.329 0.0000000000
48404  24.641  -38.395  41.907 0.0000000000
69610  34.771  -20.540  38.105 0.0000000000
65894  32.188  -23.631  40.147 0.0000000000
67086  34.315  -22.231  38.754 0.0000000000
68313  36.398  -22.539  37.931 0.0000000000
56224  36.003  -31.799  43.706 0.0000000000
87583  55.732  -5.275  28.054 0.0000000000
89809  51.818  -3.808  30.766 0.0000000000
85105  54.430  -6.794  28.866 0.0000000000
81232  45.344  -10.132  33.048 0.0000000000
81219  46.840  -11.207  33.318 0.0000000000
81220  45.752  -10.980  33.432 0.0000000000
58523  32.301  -29.225  42.160 0.0000000000
59658  33.906  -28.994  40.955 0.0000000000
58537  32.411  -29.462  41.123 0.0000000000
83809  43.817  -8.913  33.934 0.0000000000
85042  44.566  -7.544  33.795 0.0000000000
82495  44.982  -9.196  33.137 0.0000000000
83807  45.649  -8.375  32.902 0.0000000000
27308  3.376  -54.585  46.622 0.0000000000
77797  39.484  -13.447  36.650 0.0000000000
76614  39.329  -14.142  37.146 0.0000000000
69641  36.747  -20.601  36.404 0.0000000000
69639  38.289  -20.897  35.714 0.0000000000
68335  38.235  -22.375  36.629 0.0000000000
67101  39.517  -22.830  37.353 0.0000000000
67103  37.903  -22.800  37.226 0.0000000000
40411  13.759  -44.891  45.993 0.0000000000
37747  15.328  -46.996  45.849 0.0000000000
37748  14.047  -46.688  45.757 0.0000000000
36489  13.658  -47.479  45.892 0.0000000000
39025  13.241  -45.513  46.235 0.0000000000
53974  25.338  -32.835  46.972 0.0000000000
52890  24.568  -33.662  45.327 0.0000000000
52891  23.904  -34.528  45.778 0.0000000000
39038  22.950  -46.267  44.404 0.0000000000
68195  31.858  -22.696  44.355 0.0000000000
64567  39.756  -24.421  42.223 0.0000000000
70862  35.621  -17.927  39.144 0.0000000000
40462  20.000  -44.520  42.634 0.0000000000
40442  19.143  -44.711  43.597 0.0000000000
41817  18.915  -43.698  42.924 0.0000000000
43080  16.602  -42.385  45.526 0.0000000000
43039  15.879  -41.886  46.589 0.0000000000
41771  14.991  -42.939  46.763 0.0000000000
48353  23.180  -38.013  45.345 0.0000000000
44495  20.388  -41.475  42.684 0.0000000000
44471  21.500  -40.978  42.678 0.0000000000
41854  20.494  -43.025  41.877 0.0000000000
41834  21.202  -44.235  42.158 0.0000000000
63220  33.754  -25.381  42.882 0.0000000000
63237  36.055  -26.132  41.592 0.0000000000
58544  36.099  -29.137  40.380 0.0000000000
59672  37.505  -28.034  39.755 0.0000000000
59655  38.174  -28.838  40.925 0.0000000000
59653  40.006  -28.458  41.436 0.0000000000
58501  39.028  -30.122  42.983 0.0000000000
87515  46.164  -5.379  34.190 0.0000000000
89798  47.829  -3.827  32.480 0.0000000000
88675  47.474  -4.504  32.447 0.0000000000
83805  47.792  -9.167  32.253 0.0000000000
85052  48.094  -7.741  31.765 0.0000000000
83818  48.458  -8.540  31.922 0.0000000000
80048  41.575  -10.862  35.024 0.0000000000
80062  42.934  -11.319  34.174 0.0000000000
80064  41.407  -11.398  34.722 0.0000000000
75459  41.298  -15.461  34.596 0.0000000000
76641  41.973  -14.683  34.458 0.0000000000
75458  42.420  -15.643  34.508 0.0000000000
73191  44.127  -17.329  34.842 0.0000000000
73193  42.227  -17.577  34.780 0.0000000000
73159  38.190  -16.918  37.120 0.0000000000
74328  38.728  -16.344  35.799 0.0000000000
73197  38.574  -17.227  35.696 0.0000000000
69637  40.158  -20.974  35.354 0.0000000000
70929  40.074  -19.247  35.073 0.0000000000
69636  41.328  -20.681  35.338 0.0000000000
70913  43.283  -19.934  35.463 0.0000000000
55133  29.149  -32.374  41.819 0.0000000000
55108  30.306  -32.897  41.811 0.0000000000
81179  41.843  -10.607  37.605 0.0000000000
82457  42.457  -9.635  36.165 0.0000000000
82472  42.547  -9.314  35.384 0.0000000000
39020  18.513  -46.218  45.428 0.0000000000
37744  18.127  -46.635  45.983 0.0000000000
35227  12.948  -49.421  46.562 0.0000000000
33941  13.232  -50.186  48.754 0.0000000000
33952  12.077  -50.448  47.098 0.0000000000
32673  11.308  -50.712  47.456 0.0000000000
37697  11.382  -45.568  49.395 0.0000000000
37711  11.671  -45.762  48.049 0.0000000000
37731  10.776  -46.407  47.917 0.0000000000
35218  8.732  -47.848  47.801 0.0000000000
36493  9.637  -48.315  46.588 0.0000000000
35240  9.219  -48.769  46.421 0.0000000000
32675  9.864  -50.890  46.519 0.0000000000
32684  8.247  -50.304  46.064 0.0000000000
31428  8.276  -51.219  46.292 0.0000000000
32685  7.489  -50.581  46.278 0.0000000000
33934  5.851  -49.499  48.773 0.0000000000
32677  5.550  -50.316  47.061 0.0000000000
32668  4.931  -50.646  47.708 0.0000000000
31413  4.422  -51.662  47.157 0.0000000000
31383  4.431  -51.029  49.267 0.0000000000
55073  29.083  -30.815  46.020 0.0000000000
56215  29.884  -29.962  44.847 0.0000000000
56217  28.039  -30.337  44.425 0.0000000000
56230  27.981  -30.699  43.173 0.0000000000
56218  27.074  -31.031  44.134 0.0000000000
52939  26.124  -34.389  43.076 0.0000000000
51864  26.375  -35.542  43.057 0.0000000000
48406  23.542  -39.023  42.243 0.0000000000
49568  23.530  -37.064  42.925 0.0000000000
47181  24.272  -39.490  41.938 0.0000000000
44450  25.713  -41.714  43.704 0.0000000000
77826  44.734  -13.435  34.098 0.0000000000
77825  45.793  -13.373  34.177 0.0000000000
76637  46.450  -14.870  34.848 0.0000000000
69583  33.961  -19.899  40.450 0.0000000000
70881  34.397  -19.398  39.209 0.0000000000
69612  33.802  -20.717  39.351 0.0000000000
63262  32.835  -25.172  40.897 0.0000000000
64588  31.612  -24.234  40.948 0.0000000000
64604  34.139  -24.311  39.811 0.0000000000
68244  35.706  -22.863  40.751 0.0000000000
67060  34.420  -22.824  39.321 0.0000000000
67059  35.103  -22.779  39.701 0.0000000000
67085  34.899  -22.577  38.955 0.0000000000
68297  36.464  -22.531  39.157 0.0000000000
68296  37.709  -22.698  38.945 0.0000000000
56243  34.210  -31.661  42.156 0.0000000000
88705  54.345  -4.370  29.265 0.0000000000
88684  50.260  -4.197  31.072 0.0000000000
90883  50.505  -2.740  31.427 0.0000000000
87563  51.118  -5.470  30.503 0.0000000000
85095  53.052  -7.099  29.634 0.0000000000
85094  54.191  -7.286  29.435 0.0000000000
44474  19.326  -41.349  43.173 0.0000000000
43095  17.836  -42.063  43.670 0.0000000000
82492  48.232  -9.894  32.752 0.0000000000
81228  49.302  -10.583  33.394 0.0000000000
81218  47.907  -11.281  33.458 0.0000000000
59644  35.338  -28.003  42.542 0.0000000000
60788  35.834  -27.966  41.246 0.0000000000
59657  34.569  -28.600  41.125 0.0000000000
58545  35.191  -29.392  40.593 0.0000000000
57437  36.044  -30.020  41.073 0.0000000000
86257  45.958  -6.587  36.372 0.0000000000
85013  44.755  -7.009  35.170 0.0000000000
86289  45.395  -6.494  33.782 0.0000000000
86301  45.801  -6.470  32.854 0.0000000000
86300  46.639  -6.476  32.295 0.0000000000
85054  46.286  -7.147  32.471 0.0000000000
83806  46.753  -8.831  32.539 0.0000000000
28692  4.876  -54.014  47.164 0.0000000000
80029  40.800  -11.359  36.080 0.0000000000
80049  40.883  -11.610  35.215 0.0000000000
78912  40.197  -12.531  35.738 0.0000000000
76643  39.931  -14.294  35.360 0.0000000000
75460  40.158  -15.283  34.929 0.0000000000
70916  37.781  -18.857  36.115 0.0000000000
70931  38.268  -19.365  35.670 0.0000000000
69654  38.096  -20.134  35.749 0.0000000000
69638  39.144  -21.005  35.480 0.0000000000
68346  40.659  -21.765  35.846 0.0000000000
67100  40.483  -22.865  37.354 0.0000000000
67082  39.914  -23.072  38.046 0.0000000000
52912  29.653  -35.535  43.582 0.0000000000
39022  16.477  -45.656  45.489 0.0000000000
37745  17.172  -46.657  45.835 0.0000000000
37746  16.304  -46.713  45.766 0.0000000000
37728  15.912  -47.742  46.821 0.0000000000
36476  15.012  -48.309  46.853 0.0000000000
35236  13.462  -48.267  45.973 0.0000000000
35237  12.428  -48.785  45.893 0.0000000000
37699  10.210  -46.449  49.381 0.0000000000
35203  8.575  -47.622  49.011 0.0000000000
35219  7.843  -48.149  48.362 0.0000000000
33955  7.447  -48.754  47.217 0.0000000000
33932  7.394  -48.388  49.077 0.0000000000
33933  6.603  -48.950  49.417 0.0000000000
32648  5.795  -49.734  50.894 0.0000000000
55075  26.207  -31.617  45.964 0.0000000000
55085  26.197  -31.914  44.573 0.0000000000
55086  25.522  -32.502  44.933 0.0000000000
52940  25.015  -34.121  43.454 0.0000000000
51865  25.197  -35.193  43.191 0.0000000000
43124  23.510  -42.901  42.210 0.0000000000
44470  24.931  -41.734  42.749 0.0000000000
41832  24.588  -43.455  43.098 0.0000000000
74321  45.414  -16.548  35.157 0.0000000000
68245  32.791  -21.168  41.300 0.0000000000
64624  37.646  -24.809  39.565 0.0000000000
65909  36.072  -24.075  39.695 0.0000000000
64586  37.923  -23.828  41.027 0.0000000000
67004  36.441  -23.004  41.410 0.0000000000
91987  52.594  -1.089  31.393 0.0000000000
28681  1.323  -53.529  47.905 0.0000000000
73158  39.000  -16.775  38.102 0.0000000000
72028  38.064  -17.302  37.798 0.0000000000
72029  37.606  -18.004  37.235 0.0000000000
70895  37.087  -18.457  37.292 0.0000000000
70918  36.530  -19.647  36.758 0.0000000000
69627  36.054  -20.609  36.908 0.0000000000
39039  21.921  -46.460  44.364 0.0000000000
37741  21.123  -47.372  45.793 0.0000000000
39040  20.693  -46.518  44.438 0.0000000000
39041  19.272  -46.160  44.847 0.0000000000
39043  17.571  -45.248  45.125 0.0000000000
41819  17.566  -43.323  44.277 0.0000000000
40427  16.801  -43.827  45.214 0.0000000000
40408  16.765  -44.692  45.351 0.0000000000
40409  15.748  -44.499  45.608 0.0000000000
41790  14.720  -43.450  46.366 0.0000000000
40395  13.741  -43.614  46.920 0.0000000000
51837  23.571  -35.706  45.641 0.0000000000
50723  23.474  -36.621  45.602 0.0000000000
49536  23.257  -37.710  44.702 0.0000000000
47162  22.835  -39.253  42.790 0.0000000000
47142  21.924  -39.658  44.135 0.0000000000
45877  22.288  -40.894  42.151 0.0000000000
44492  22.906  -41.765  41.857 0.0000000000
41852  22.635  -43.702  41.928 0.0000000000
40460  22.419  -45.120  42.497 0.0000000000
65841  32.845  -24.027  44.886 0.0000000000
65842  32.151  -23.615  44.243 0.0000000000
64571  32.949  -24.872  43.164 0.0000000000
63240  33.252  -25.371  41.660 0.0000000000
63282  35.616  -25.537  39.661 0.0000000000
60796  36.423  -27.515  40.043 0.0000000000
60805  37.161  -27.078  39.572 0.0000000000
63280  37.258  -25.537  39.315 0.0000000000
61994  40.387  -26.152  40.467 0.0000000000
61968  41.466  -27.356  42.252 0.0000000000
90874  48.752  -2.218  32.899 0.0000000000
89804  48.846  -3.864  31.531 0.0000000000
87552  49.304  -5.455  31.095 0.0000000000
86299  47.177  -6.485  31.925 0.0000000000
86317  48.887  -6.427  31.254 0.0000000000
81222  43.459  -10.492  33.891 0.0000000000
81221  44.541  -10.678  33.416 0.0000000000
80061  43.965  -11.495  33.829 0.0000000000
78922  43.408  -12.283  34.120 0.0000000000
76652  44.068  -13.783  34.101 0.0000000000
77829  41.617  -13.176  34.304 0.0000000000
76654  42.425  -13.952  34.242 0.0000000000
75456  44.693  -15.826  34.926 0.0000000000
74322  44.629  -16.933  35.008 0.0000000000
73176  45.527  -17.999  35.314 0.0000000000
75442  38.782  -14.893  36.747 0.0000000000
74327  39.545  -16.288  35.166 0.0000000000
73195  40.028  -17.330  34.972 0.0000000000
72065  39.471  -18.261  35.094 0.0000000000
72064  40.580  -18.341  35.007 0.0000000000
73194  41.128  -17.442  34.805 0.0000000000
72062  42.532  -18.593  35.040 0.0000000000
57427  30.134  -30.123  41.610 0.0000000000
57441  31.440  -30.480  40.760 0.0000000000
56258  30.703  -31.417  40.908 0.0000000000
55106  32.016  -32.966  41.840 0.0000000000
83781  43.521  -8.433  35.644 0.0000000000
83794  42.822  -8.929  34.691 0.0000000000
40382  13.127  -43.759  48.010 0.0000000000
40383  12.541  -44.328  48.396 0.0000000000
39009  12.324  -45.173  47.350 0.0000000000
37729  11.931  -46.100  46.942 0.0000000000
37751  11.696  -46.679  46.641 0.0000000000
36491  11.397  -47.373  46.276 0.0000000000
36478  10.333  -46.902  47.434 0.0000000000
36492  10.322  -47.970  46.490 0.0000000000
35238  11.016  -48.709  45.863 0.0000000000
32674  10.548  -50.796  46.962 0.0000000000
31393  10.098  -51.572  47.789 0.0000000000
30070  6.650  -52.773  47.260 0.0000000000
33956  6.547  -49.582  46.891 0.0000000000
31430  6.403  -52.039  46.600 0.0000000000
30086  5.620  -52.693  46.869 0.0000000000
30087  4.798  -52.770  46.638 0.0000000000
30088  3.708  -52.745  46.697 0.0000000000
30073  2.721  -53.005  47.265 0.0000000000
31374  3.799  -51.588  49.846 0.0000000000
30055  2.981  -52.203  48.689 0.0000000000
30056  2.496  -52.836  48.221 0.0000000000
58506  31.364  -29.301  43.019 0.0000000000
57397  30.614  -29.370  44.063 0.0000000000
57409  29.891  -29.919  42.986 0.0000000000
57429  28.541  -30.627  42.031 0.0000000000
56245  28.132  -31.295  42.173 0.0000000000
55111  27.731  -32.801  42.664 0.0000000000
55094  26.300  -32.462  43.336 0.0000000000
54011  27.021  -33.413  42.995 0.0000000000
54010  28.101  -33.824  43.226 0.0000000000
51853  23.941  -35.318  44.590 0.0000000000
49567  24.586  -37.017  42.470 0.0000000000
49566  25.659  -37.294  42.756 0.0000000000
45857  25.555  -40.420  42.854 0.0000000000
47161  25.825  -39.208  42.710 0.0000000000
48383  26.129  -38.315  42.993 0.0000000000
78920  45.454  -12.615  33.818 0.0000000000
70863  35.019  -18.570  39.388 0.0000000000
70897  35.260  -19.579  37.925 0.0000000000
68338  35.846  -21.616  37.366 0.0000000000
66984  31.648  -22.942  43.091 0.0000000000
67006  31.756  -22.634  40.852 0.0000000000
68300  32.641  -21.801  39.906 0.0000000000
65893  33.468  -23.713  39.763 0.0000000000
67061  33.483  -22.564  39.284 0.0000000000
68299  33.298  -21.501  39.439 0.0000000000
68315  34.351  -21.379  38.543 0.0000000000
68314  35.203  -22.062  38.151 0.0000000000
56271  32.946  -31.023  40.684 0.0000000000
57439  34.331  -30.833  41.549 0.0000000000
57406  36.530  -31.318  43.342 0.0000000000
57393  37.335  -31.212  44.286 0.0000000000
57392  38.464  -30.755  44.006 0.0000000000
88709  56.177  -4.406  28.013 0.0000000000
89800  51.722  -2.677  31.007 0.0000000000
88695  52.946  -3.824  30.366 0.0000000000
86339  52.081  -6.369  30.107 0.0000000000
87574  53.114  -5.566  29.608 0.0000000000
87573  53.844  -5.294  29.106 0.0000000000
86349  54.779  -6.455  28.443 0.0000000000
86347  56.768  -6.804  27.938 0.0000000000
58538  31.777  -29.923  40.894 0.0000000000
82496  44.193  -9.209  33.505 0.0000000000
83808  44.337  -8.251  33.623 0.0000000000
27309  2.552  -54.474  46.624 0.0000000000
68350  37.173  -21.412  36.355 0.0000000000
68336  37.458  -22.215  36.760 0.0000000000
52871  24.750  -33.745  47.018 0.0000000000
37761  22.662  -46.750  45.043 0.0000000000
37739  23.725  -46.798  45.544 0.0000000000
41836  19.585  -43.423  42.331 0.0000000000
40463  19.356  -44.138  42.801 0.0000000000
41837  18.771  -42.904  42.788 0.0000000000
43128  19.829  -41.824  42.514 0.0000000000
43127  20.448  -42.114  42.131 0.0000000000
41855  19.866  -42.538  42.176 0.0000000000
63219  34.905  -25.827  42.831 0.0000000000
63218  35.720  -26.127  42.662 0.0000000000
58534  36.533  -29.632  40.923 0.0000000000
58533  37.452  -29.195  41.089 0.0000000000
58532  38.215  -29.170  41.496 0.0000000000
58519  38.762  -29.406  42.125 0.0000000000
58502  38.323  -30.056  42.612 0.0000000000
88654  46.700  -4.771  34.650 0.0000000000
88663  47.060  -4.375  33.700 0.0000000000
87527  46.736  -5.091  32.968 0.0000000000
83804  48.899  -9.251  32.364 0.0000000000
83803  49.930  -9.145  32.447 0.0000000000
28678  6.760  -53.322  48.199 0.0000000000
74325  41.758  -16.551  34.564 0.0000000000
73179  38.247  -17.126  36.173 0.0000000000
72066  38.387  -18.133  35.588 0.0000000000
54035  29.224  -33.451  42.384 0.0000000000
54034  30.164  -33.498  42.274 0.0000000000
54008  30.001  -34.061  42.812 0.0000000000
81191  41.422  -10.750  36.615 0.0000000000
81190  42.304  -9.969  36.850 0.0000000000
81205  41.893  -10.139  35.716 0.0000000000
33960  12.478  -49.752  46.490 0.0000000000
37712  11.023  -46.031  48.431 0.0000000000
35229  8.203  -48.403  47.183 0.0000000000
35241  8.689  -48.610  46.662 0.0000000000
33964  8.408  -49.162  46.407 0.0000000000
33965  7.495  -49.694  46.448 0.0000000000
32658  5.205  -50.192  49.001 0.0000000000
32667  5.267  -50.182  48.053 0.0000000000
32659  4.802  -50.636  48.417 0.0000000000
56190  27.746  -30.910  45.993 0.0000000000
55059  28.759  -31.110  46.651 0.0000000000
56203  28.462  -30.619  45.643 0.0000000000
48405  24.048  -38.610  41.928 0.0000000000
77815  45.257  -14.037  34.426 0.0000000000
69584  33.384  -20.510  40.887 0.0000000000
69600  33.507  -20.599  39.969 0.0000000000
69599  33.979  -19.978  39.586 0.0000000000
64628  34.093  -25.068  39.781 0.0000000000
64605  33.216  -24.693  40.177 0.0000000000
64627  35.026  -24.679  39.597 0.0000000000
68270  35.702  -22.712  40.341 0.0000000000
68298  35.639  -22.591  39.395 0.0000000000
68268  37.474  -22.071  40.241 0.0000000000
90888  53.937  -2.128  30.214 0.0000000000
89812  54.551  -3.358  29.583 0.0000000000
89813  54.033  -3.912  29.841 0.0000000000
87551  49.935  -4.967  30.912 0.0000000000
87564  50.344  -5.452  30.739 0.0000000000
44455  18.912  -40.825  43.942 0.0000000000
44475  18.658  -41.294  43.571 0.0000000000
44435  18.993  -40.559  45.154 0.0000000000
44454  19.731  -40.757  44.126 0.0000000000
82493  47.116  -9.735  32.691 0.0000000000
81230  47.520  -10.528  33.049 0.0000000000
59656  35.280  -28.235  41.514 0.0000000000
59645  34.500  -28.329  42.060 0.0000000000
59667  34.080  -29.292  40.762 0.0000000000
59666  34.585  -29.053  40.708 0.0000000000
58546  34.388  -29.518  40.684 0.0000000000
57451  34.773  -29.789  40.680 0.0000000000
85014  44.143  -7.731  35.513 0.0000000000
85028  44.126  -7.643  34.409 0.0000000000
85027  44.807  -7.018  34.129 0.0000000000
85055  45.753  -7.130  32.776 0.0000000000
83821  45.866  -7.593  32.731 0.0000000000
82494  46.039  -9.444  32.848 0.0000000000
27297  4.491  -54.575  47.288 0.0000000000
80018  40.973  -11.727  37.008 0.0000000000
80030  40.455  -11.970  36.311 0.0000000000
78892  40.115  -12.467  36.541 0.0000000000
76624  39.213  -14.205  36.298 0.0000000000
77818  39.681  -13.461  35.855 0.0000000000
70932  37.765  -19.684  35.976 0.0000000000
68348  38.680  -21.731  36.039 0.0000000000
68347  39.618  -21.795  35.910 0.0000000000
68333  40.059  -22.394  36.618 0.0000000000
67057  39.489  -22.875  38.740 0.0000000000
81180  41.380  -11.076  37.322 0.0000000000
36487  15.351  -47.831  46.449 0.0000000000
37749  13.111  -46.671  46.041 0.0000000000
33943  7.510  -48.351  48.637 0.0000000000
32656  6.297  -49.423  50.403 0.0000000000
53973  26.102  -32.197  47.247 0.0000000000
55061  26.785  -31.512  46.691 0.0000000000
55076  25.794  -32.214  45.521 0.0000000000
52916  24.271  -34.382  44.550 0.0000000000
52915  24.586  -33.718  44.187 0.0000000000
52941  24.497  -34.246  43.900 0.0000000000
41851  23.418  -43.995  42.310 0.0000000000
43109  24.326  -43.126  42.702 0.0000000000
41816  24.254  -44.422  43.355 0.0000000000
68228  32.551  -21.133  42.392 0.0000000000
68246  32.066  -21.842  41.643 0.0000000000
63257  39.303  -25.145  40.209 0.0000000000
64601  37.330  -24.153  40.069 0.0000000000
64585  38.858  -24.334  41.082 0.0000000000
64549  39.535  -23.900  42.633 0.0000000000
65868  37.865  -23.295  41.912 0.0000000000
66993  37.425  -23.027  42.035 0.0000000000
70894  37.545  -17.703  37.648 0.0000000000
72050  37.524  -18.580  36.760 0.0000000000
39059  21.180  -46.038  43.500 0.0000000000
39060  19.949  -45.844  43.883 0.0000000000
40424  19.062  -45.393  44.297 0.0000000000
40425  18.514  -45.083  44.490 0.0000000000
39042  18.086  -45.568  44.960 0.0000000000
40426  17.498  -44.541  44.894 0.0000000000
43096  17.418  -42.208  44.421 0.0000000000
41804  16.661  -43.215  45.345 0.0000000000
41772  14.288  -43.230  46.854 0.0000000000
50706  23.360  -36.268  46.533 0.0000000000
49518  22.932  -37.060  46.244 0.0000000000
48368  22.904  -38.134  44.453 0.0000000000
43125  22.291  -42.678  41.814 0.0000000000
40461  21.201  -45.011  42.399 0.0000000000
40480  22.028  -44.438  42.036 0.0000000000
39076  21.309  -45.688  42.895 0.0000000000
39058  22.355  -45.975  43.722 0.0000000000
65856  32.491  -24.072  44.017 0.0000000000
64552  33.076  -24.580  43.998 0.0000000000
63238  35.306  -25.898  41.650 0.0000000000
63239  34.245  -25.675  41.711 0.0000000000
63260  34.619  -25.653  40.716 0.0000000000
61998  35.745  -26.084  39.892 0.0000000000
60797  36.078  -27.906  40.593 0.0000000000
60787  36.115  -27.405  40.894 0.0000000000
60795  38.030  -28.050  39.773 0.0000000000
59673  37.131  -27.696  39.696 0.0000000000
60804  38.069  -27.366  39.545 0.0000000000
62011  37.738  -26.357  39.253 0.0000000000
60803  39.106  -27.138  39.682 0.0000000000
62010  39.048  -26.283  39.466 0.0000000000
60793  39.561  -27.286  40.037 0.0000000000
59625  40.434  -29.200  42.521 0.0000000000
60776  41.068  -27.701  42.052 0.0000000000
87493  46.460  -5.765  36.105 0.0000000000
90873  49.062  -1.756  33.542 0.0000000000
90871  48.681  -2.276  33.814 0.0000000000
88674  47.960  -3.994  32.145 0.0000000000
89797  48.486  -3.333  32.252 0.0000000000
88686  48.367  -4.523  31.651 0.0000000000
85070  48.532  -7.198  31.446 0.0000000000
78923  42.333  -12.185  34.191 0.0000000000
77827  43.823  -13.167  34.098 0.0000000000
76653  43.411  -13.915  34.097 0.0000000000
78911  40.879  -12.663  34.923 0.0000000000
76640  43.013  -14.754  34.377 0.0000000000
74323  43.906  -16.710  34.709 0.0000000000
73192  43.423  -17.714  34.849 0.0000000000
73177  44.440  -17.917  35.152 0.0000000000
72046  44.956  -18.900  35.423 0.0000000000
70930  39.039  -19.223  35.271 0.0000000000
72063  41.599  -18.386  35.028 0.0000000000
70927  41.884  -19.019  35.094 0.0000000000
57443  29.801  -30.779  41.197 0.0000000000
54033  31.031  -33.515  42.086 0.0000000000
55107  31.115  -32.887  41.735 0.0000000000
83780  44.054  -8.089  36.184 0.0000000000
82485  42.698  -9.431  34.672 0.0000000000
82484  43.286  -9.418  34.208 0.0000000000
37763  20.380  -46.970  45.199 0.0000000000
37722  20.713  -47.730  46.346 0.0000000000
37742  20.102  -47.270  45.853 0.0000000000
37726  16.912  -47.318  46.557 0.0000000000
35217  14.222  -49.269  48.154 0.0000000000
41756  13.464  -43.457  48.784 0.0000000000
40365  12.396  -44.369  49.480 0.0000000000
37730  11.242  -46.513  47.309 0.0000000000
36461  9.758  -46.652  48.839 0.0000000000
36479  9.541  -47.712  47.185 0.0000000000
33962  10.557  -49.711  46.309 0.0000000000
30068  7.859  -52.589  47.346 0.0000000000
31411  7.404  -52.236  46.901 0.0000000000
30069  7.319  -52.695  47.302 0.0000000000
31412  6.955  -52.446  46.961 0.0000000000
32687  5.546  -51.235  46.542 0.0000000000
31431  5.321  -52.076  46.688 0.0000000000
28704  5.114  -53.195  46.738 0.0000000000
31414  3.897  -52.022  47.459 0.0000000000
31433  4.179  -52.145  46.996 0.0000000000
30089  2.866  -53.371  46.784 0.0000000000
30072  3.240  -52.485  47.769 0.0000000000
31373  4.253  -51.189  50.487 0.0000000000
30019  3.899  -51.399  51.185 0.0000000000
30036  3.030  -51.879  49.684 0.0000000000
30037  2.110  -52.347  49.172 0.0000000000
58505  32.298  -28.901  43.172 0.0000000000
56228  29.435  -29.730  44.104 0.0000000000
57398  29.903  -29.677  44.042 0.0000000000
57408  30.665  -29.604  43.218 0.0000000000
57428  29.213  -30.308  41.859 0.0000000000
57410  28.746  -30.375  42.656 0.0000000000
56246  27.668  -32.087  42.456 0.0000000000
53994  25.584  -32.719  44.054 0.0000000000
54037  27.797  -33.305  42.909 0.0000000000
52913  28.649  -35.739  43.645 0.0000000000
52914  27.856  -35.608  43.524 0.0000000000
50741  23.593  -36.349  44.608 0.0000000000
50742  23.370  -36.617  43.870 0.0000000000
48385  24.078  -37.760  42.072 0.0000000000
48384  25.214  -38.119  42.180 0.0000000000
45858  25.110  -40.994  42.649 0.0000000000
44469  25.342  -41.216  42.994 0.0000000000
44449  26.274  -41.201  43.926 0.0000000000
45837  26.047  -40.963  43.557 0.0000000000
45856  26.136  -39.852  43.187 0.0000000000
80060  45.050  -11.701  33.603 0.0000000000
69611  34.176  -20.306  38.795 0.0000000000
70880  34.815  -19.247  38.562 0.0000000000
69628  35.396  -20.640  37.493 0.0000000000
65857  31.908  -23.816  43.455 0.0000000000
66972  31.677  -23.117  44.014 0.0000000000
65870  31.633  -23.720  42.352 0.0000000000
65879  31.518  -23.641  41.187 0.0000000000
67029  32.310  -22.465  40.042 0.0000000000
64603  34.772  -24.040  39.752 0.0000000000
65892  34.488  -23.639  39.768 0.0000000000
67027  34.037  -23.234  39.536 0.0000000000
67062  32.812  -22.217  39.575 0.0000000000
67087  33.803  -21.802  38.866 0.0000000000
68312  37.276  -22.769  37.589 0.0000000000
68295  39.032  -22.610  39.482 0.0000000000
56273  31.804  -31.239  40.695 0.0000000000
57454  32.549  -30.656  40.595 0.0000000000
56272  32.474  -31.171  40.693 0.0000000000
56242  34.894  -31.608  42.656 0.0000000000
57425  34.688  -31.231  42.239 0.0000000000
57424  35.422  -31.103  42.410 0.0000000000
57391  39.318  -30.742  44.485 0.0000000000
88710  55.229  -4.450  28.625 0.0000000000
87592  56.510  -5.457  27.657 0.0000000000
86360  56.599  -6.225  27.733 0.0000000000
91983  49.872  -2.134  32.333 0.0000000000
89801  51.261  -3.279  31.034 0.0000000000
89808  52.320  -3.154  30.633 0.0000000000
88696  52.337  -4.290  30.414 0.0000000000
86338  52.780  -6.393  29.682 0.0000000000
86337  53.770  -6.375  29.220 0.0000000000
88706  53.399  -4.487  29.925 0.0000000000
87585  54.376  -5.900  28.731 0.0000000000
86350  54.364  -6.409  28.821 0.0000000000
80059  46.206  -11.953  33.535 0.0000000000
58522  33.080  -28.818  42.405 0.0000000000
59646  33.803  -28.698  41.695 0.0000000000
58536  33.164  -29.144  41.460 0.0000000000
58547  33.505  -29.591  40.752 0.0000000000
83792  43.874  -7.999  34.075 0.0000000000
78883  39.757  -12.868  36.864 0.0000000000
77786  39.771  -13.337  37.363 0.0000000000
69640  37.541  -20.557  36.021 0.0000000000
68349  37.847  -21.608  36.157 0.0000000000
67102  38.622  -22.863  37.305 0.0000000000
40410  14.407  -44.209  45.915 0.0000000000
39024  14.333  -45.657  45.595 0.0000000000
35186  7.812  -48.234  50.427 0.0000000000
53982  25.415  -32.870  45.957 0.0000000000
39057  23.366  -45.722  43.739 0.0000000000
40439  24.279  -45.044  43.881 0.0000000000
39037  23.991  -46.065  44.634 0.0000000000
68213  31.905  -22.328  43.793 0.0000000000
61953  41.282  -26.300  42.893 0.0000000000
64584  39.439  -24.510  41.540 0.0000000000
63217  40.373  -24.894  42.506 0.0000000000
70861  36.504  -17.582  39.022 0.0000000000
70879  35.613  -18.416  38.394 0.0000000000
40441  20.363  -45.379  43.104 0.0000000000
43079  16.981  -42.278  45.056 0.0000000000
44438  16.673  -41.756  45.698 0.0000000000
43060  16.142  -42.395  46.082 0.0000000000
43061  15.613  -42.688  46.391 0.0000000000
44472  20.870  -41.069  43.168 0.0000000000
45860  21.282  -40.626  43.672 0.0000000000
44494  21.031  -41.561  42.302 0.0000000000
43126  21.253  -42.432  41.844 0.0000000000
41853  21.503  -43.609  41.875 0.0000000000
41835  20.659  -43.970  42.208 0.0000000000
63203  33.890  -25.283  43.723 0.0000000000
59664  36.721  -28.377  39.997 0.0000000000
58543  36.868  -29.030  40.332 0.0000000000
59663  37.734  -28.530  40.226 0.0000000000
59662  38.540  -28.506  40.583 0.0000000000
60785  39.720  -27.811  40.719 0.0000000000
59654  39.035  -28.805  41.151 0.0000000000
58518  39.690  -29.456  42.385 0.0000000000
58500  40.169  -29.907  43.104 0.0000000000
87502  46.237  -5.504  35.358 0.0000000000
88645  46.741  -4.884  35.304 0.0000000000
89793  48.236  -2.984  33.534 0.0000000000
89794  47.616  -3.647  33.101 0.0000000000
83819  47.437  -8.277  32.055 0.0000000000
83817  49.502  -8.610  32.005 0.0000000000
80063  42.023  -11.335  34.558 0.0000000000
76642  41.004  -14.206  34.764 0.0000000000
74324  42.897  -16.673  34.539 0.0000000000
74310  38.449  -16.348  36.630 0.0000000000
69651  40.599  -20.080  35.188 0.0000000000
69650  41.172  -20.021  35.187 0.0000000000
70915  41.483  -19.937  35.228 0.0000000000
70914  42.165  -19.693  35.274 0.0000000000
69635  42.503  -20.870  35.616 0.0000000000
56260  28.981  -31.825  41.696 0.0000000000
55132  29.614  -32.338  41.513 0.0000000000
55109  29.482  -32.871  41.947 0.0000000000
81178  42.813  -10.039  37.843 0.0000000000
81189  42.715  -9.690  37.168 0.0000000000
82471  43.013  -8.889  35.695 0.0000000000
39019  18.981  -46.374  45.418 0.0000000000
37743  19.142  -46.765  45.810 0.0000000000
37724  18.662  -47.373  46.574 0.0000000000
33950  13.742  -49.815  47.892 0.0000000000
33951  13.071  -50.076  47.274 0.0000000000
33942  12.533  -50.451  48.075 0.0000000000
32665  11.806  -50.856  48.343 0.0000000000
38987  11.963  -44.869  49.855 0.0000000000
35228  8.991  -48.224  46.900 0.0000000000
33963  9.556  -49.497  46.188 0.0000000000
32683  9.219  -50.380  46.062 0.0000000000
31427  8.793  -50.925  46.091 0.0000000000
31410  8.372  -52.134  47.048 0.0000000000
33946  5.828  -49.645  47.734 0.0000000000
33935  5.499  -49.827  48.401 0.0000000000
32678  4.818  -50.989  47.043 0.0000000000
31396  4.178  -51.167  47.987 0.0000000000
56216  28.983  -30.035  44.772 0.0000000000
51863  27.339  -35.666  43.379 0.0000000000
51852  27.020  -36.178  43.310 0.0000000000
48386  23.054  -38.149  42.894 0.0000000000
47180  24.980  -39.155  42.097 0.0000000000
41814  25.431  -43.340  44.215 0.0000000000
43093  25.794  -42.802  44.368 0.0000000000
77814  46.089  -14.066  34.608 0.0000000000
69563  34.010  -19.892  41.477 0.0000000000
70864  34.348  -19.171  39.972 0.0000000000
63241  32.450  -24.974  41.541 0.0000000000
64587  31.833  -24.411  41.634 0.0000000000
64606  32.139  -24.510  40.766 0.0000000000
65895  31.895  -24.139  40.536 0.0000000000
67026  35.067  -23.070  40.117 0.0000000000
55105  32.954  -32.575  41.776 0.0000000000
56244  33.700  -32.296  42.090 0.0000000000
56227  34.104  -32.354  42.729 0.0000000000
56226  34.720  -32.226  43.126 0.0000000000
56211  35.759  -32.218  44.241 0.0000000000
88704  54.862  -3.908  29.158 0.0000000000
89803  49.474  -3.398  31.419 0.0000000000
90884  49.984  -2.956  31.331 0.0000000000
89802  50.379  -3.393  31.202 0.0000000000
88683  50.811  -3.846  31.082 0.0000000000
88697  51.264  -4.384  30.747 0.0000000000
85104  55.022  -7.161  28.619 0.0000000000
85093  55.251  -7.660  29.378 0.0000000000
43111  18.349  -41.913  43.062 0.0000000000
44456  18.051  -41.180  44.143 0.0000000000
44453  20.731  -40.742  44.265 0.0000000000
44473  20.189  -41.080  43.357 0.0000000000
44496  19.941  -41.435  42.925 0.0000000000
81229  48.554  -10.553  33.255 0.0000000000
81217  48.912  -11.189  33.615 0.0000000000
60777  35.883  -27.538  42.164 0.0000000000
60778  35.703  -28.019  41.873 0.0000000000
58535  35.819  -29.691  40.712 0.0000000000
86268  45.567  -6.402  35.612 0.0000000000
86279  45.247  -6.426  34.703 0.0000000000
87516  45.699  -5.901  34.439 0.0000000000
87529  45.845  -5.914  33.572 0.0000000000
87528  46.270  -5.506  33.356 0.0000000000
87541  46.369  -5.815  32.702 0.0000000000
87542  45.944  -5.845  33.017 0.0000000000
83820  46.505  -7.932  32.385 0.0000000000
28691  5.568  -53.492  47.423 0.0000000000
80050  40.506  -11.808  35.798 0.0000000000
77817  40.419  -13.400  35.235 0.0000000000
78893  39.776  -12.923  36.259 0.0000000000
78913  39.850  -12.955  35.941 0.0000000000
69653  38.718  -20.135  35.486 0.0000000000
67099  41.599  -22.943  37.266 0.0000000000
67081  40.838  -23.326  38.114 0.0000000000
52937  28.804  -34.709  43.395 0.0000000000
52936  29.807  -34.757  43.208 0.0000000000
35225  14.231  -48.411  46.465 0.0000000000
35235  14.008  -47.994  46.000 0.0000000000
36443  9.329  -47.217  49.633 0.0000000000
35230  7.780  -48.450  47.681 0.0000000000
35220  7.603  -48.493  47.934 0.0000000000
33944  7.296  -48.594  48.408 0.0000000000
33917  7.294  -48.478  49.979 0.0000000000
32657  5.713  -49.780  49.904 0.0000000000
55060  27.692  -31.282  46.653 0.0000000000
55074  27.066  -31.185  45.972 0.0000000000
55084  26.596  -31.048  45.190 0.0000000000
53995  25.003  -33.042  44.667 0.0000000000
54013  25.090  -33.319  43.825 0.0000000000
50757  25.317  -36.217  42.735 0.0000000000
44491  23.986  -41.716  42.020 0.0000000000
45875  24.495  -40.597  42.115 0.0000000000
43123  24.355  -42.467  42.509 0.0000000000
43108  24.909  -42.863  43.055 0.0000000000
41815  24.846  -43.861  43.840 0.0000000000
41802  25.106  -44.297  44.600 0.0000000000
75455  45.847  -15.717  34.991 0.0000000000
64625  36.879  -24.810  39.450 0.0000000000
64602  36.582  -24.263  39.712 0.0000000000
65890  36.547  -23.664  40.290 0.0000000000
64569  38.465  -23.750  41.648 0.0000000000
65876  37.398  -23.364  41.425 0.0000000000
65878  36.177  -23.244  40.839 0.0000000000
67005  35.815  -23.073  40.881 0.0000000000
68243  36.424  -22.685  41.194 0.0000000000
90889  52.936  -1.991  30.629 0.0000000000
86315  50.505  -6.636  30.758 0.0000000000
86329  50.580  -6.131  30.616 0.0000000000
28694  1.696  -53.811  47.287 0.0000000000
74292  39.123  -15.948  37.928 0.0000000000
74293  38.612  -16.346  37.389 0.0000000000
37740  22.416  -47.382  45.869 0.0000000000
37762  21.546  -47.013  45.074 0.0000000000
39061  19.344  -45.547  44.167 0.0000000000
41818  18.134  -43.129  43.519 0.0000000000
41803  17.106  -43.207  44.916 0.0000000000
40444  17.506  -43.827  44.557 0.0000000000
40407  17.321  -45.067  45.227 0.0000000000
41789  15.272  -43.522  46.094 0.0000000000
52872  24.038  -34.458  46.680 0.0000000000
49535  23.572  -37.330  45.104 0.0000000000
49552  23.073  -37.222  43.889 0.0000000000
47163  22.133  -39.740  43.472 0.0000000000
45859  21.836  -40.365  43.099 0.0000000000
47183  22.557  -40.024  42.326 0.0000000000
45876  23.311  -40.764  41.874 0.0000000000
40479  22.868  -44.489  42.224 0.0000000000
39074  22.770  -45.596  43.095 0.0000000000
66971  31.925  -23.164  44.745 0.0000000000
64572  32.174  -24.518  42.661 0.0000000000
63221  32.782  -25.045  42.325 0.0000000000
63261  33.668  -25.431  40.722 0.0000000000
63284  34.145  -25.407  40.173 0.0000000000
61983  36.169  -26.736  41.363 0.0000000000
63258  36.245  -26.231  40.885 0.0000000000
61997  36.038  -26.594  40.221 0.0000000000
62013  36.044  -26.043  39.724 0.0000000000
63281  36.388  -25.534  39.470 0.0000000000
63279  38.286  -25.357  39.443 0.0000000000
63256  40.076  -25.735  40.381 0.0000000000
63234  40.606  -25.834  40.728 0.0000000000
60784  40.587  -27.634  41.437 0.0000000000
61969  41.302  -26.884  41.905 0.0000000000
91977  49.563  -1.704  32.886 0.0000000000
90879  49.223  -2.636  32.321 0.0000000000
89796  49.196  -2.941  31.915 0.0000000000
88685  49.337  -4.388  31.216 0.0000000000
87540  47.142  -5.700  32.088 0.0000000000
87554  47.749  -5.768  31.736 0.0000000000
85071  47.891  -7.198  31.614 0.0000000000
86318  47.838  -6.476  31.626 0.0000000000
87553  48.309  -5.651  31.511 0.0000000000
86316  49.909  -6.435  30.932 0.0000000000
82483  43.884  -9.825  33.531 0.0000000000
76639  44.274  -14.551  34.361 0.0000000000
78924  41.369  -11.996  34.401 0.0000000000
76655  41.742  -14.008  34.419 0.0000000000
74309  45.184  -17.294  35.251 0.0000000000
75443  38.673  -15.680  36.301 0.0000000000
75462  38.814  -15.740  35.907 0.0000000000
75461  39.161  -15.201  35.751 0.0000000000
72061  43.347  -18.550  35.047 0.0000000000
72048  43.050  -19.164  35.157 0.0000000000
72047  43.915  -18.980  35.152 0.0000000000
57426  31.047  -30.192  41.376 0.0000000000
57442  30.680  -30.630  40.943 0.0000000000
57456  31.264  -30.973  40.574 0.0000000000
56257  31.610  -31.645  41.060 0.0000000000
55131  30.419  -32.284  41.275 0.0000000000
55130  31.340  -32.268  41.315 0.0000000000
55129  32.185  -32.235  41.360 0.0000000000
85015  43.635  -8.019  35.138 0.0000000000
83782  42.889  -8.624  35.147 0.0000000000
83793  43.513  -8.345  34.529 0.0000000000
82497  43.772  -9.316  33.766 0.0000000000
37723  19.698  -47.518  46.508 0.0000000000
41755  13.848  -43.224  47.961 0.0000000000
40381  13.464  -43.671  47.423 0.0000000000
40397  12.768  -44.415  47.478 0.0000000000
39008  12.814  -44.784  46.868 0.0000000000
39026  12.602  -46.037  46.535 0.0000000000
37750  12.247  -46.727  46.281 0.0000000000
37713  10.432  -46.323  48.565 0.0000000000
33953  11.229  -50.293  46.766 0.0000000000
32682  9.970  -50.249  46.381 0.0000000000
28690  6.247  -53.078  47.532 0.0000000000
33966  7.016  -50.120  46.494 0.0000000000
32686  6.492  -50.645  46.468 0.0000000000
32676  6.134  -50.067  46.808 0.0000000000
30085  6.178  -52.576  46.967 0.0000000000
30071  6.038  -52.874  47.233 0.0000000000
28705  4.373  -53.780  46.725 0.0000000000
31432  4.596  -52.181  46.826 0.0000000000
28706  3.221  -53.790  46.577 0.0000000000
28693  2.261  -53.507  47.056 0.0000000000
31384  3.594  -51.572  48.963 0.0000000000
30020  3.463  -51.688  50.695 0.0000000000
28680  2.031  -53.332  47.724 0.0000000000
28666  1.823  -53.019  48.348 0.0000000000
65840  33.555  -24.621  45.712 0.0000000000
58492  31.620  -29.036  43.862 0.0000000000
58507  30.826  -29.716  42.659 0.0000000000
58525  30.657  -29.880  42.080 0.0000000000
57444  28.955  -31.004  41.565 0.0000000000
57411  28.317  -30.716  42.473 0.0000000000
55110  28.540  -32.516  42.139 0.0000000000
54036  28.361  -33.335  42.666 0.0000000000
56219  26.624  -31.726  43.558 0.0000000000
56232  26.700  -31.972  43.055 0.0000000000
55093  27.042  -32.367  42.802 0.0000000000
50759  23.425  -36.731  43.489 0.0000000000
50758  24.058  -36.104  43.390 0.0000000000
45874  24.827  -39.908  42.285 0.0000000000
49565  26.560  -37.529  43.346 0.0000000000
78919  46.501  -12.676  33.877 0.0000000000
75454  46.913  -15.811  35.104 0.0000000000
70846  35.583  -17.805  40.051 0.0000000000
72003  35.327  -18.248  39.011 0.0000000000
72019  35.211  -18.504  38.798 0.0000000000
68229  31.867  -21.947  42.776 0.0000000000
66995  31.670  -22.772  41.986 0.0000000000
68272  32.381  -21.833  40.647 0.0000000000
67028  33.474  -23.167  39.545 0.0000000000
65912  32.716  -22.810  39.673 0.0000000000
68316  33.916  -21.161  38.994 0.0000000000
67084  38.141  -23.110  37.968 0.0000000000
67058  38.655  -22.881  38.628 0.0000000000
58549  32.036  -30.359  40.627 0.0000000000
58548  32.584  -30.041  40.650 0.0000000000
57453  33.410  -30.604  40.751 0.0000000000
56254  33.865  -31.242  41.570 0.0000000000
57438  35.284  -30.166  41.139 0.0000000000
57423  36.501  -30.428  41.852 0.0000000000
57422  37.267  -30.134  42.073 0.0000000000
56210  36.390  -31.928  44.379 0.0000000000
57394  36.819  -31.549  44.173 0.0000000000
57405  37.603  -30.550  42.899 0.0000000000
58487  39.429  -30.414  43.753 0.0000000000
91988  51.832  -1.572  31.481 0.0000000000
90881  52.108  -2.117  31.084 0.0000000000
87576  51.789  -5.894  30.257 0.0000000000
87562  51.924  -5.160  30.330 0.0000000000
87575  52.391  -5.762  30.001 0.0000000000
88707  52.647  -5.080  30.076 0.0000000000
88711  54.513  -5.125  28.704 0.0000000000
87584  55.015  -5.627  28.295 0.0000000000
86348  55.788  -6.396  28.027 0.0000000000
28707  2.453  -53.854  46.715 0.0000000000
31408  9.976  -51.214  46.977 0.0000000000
33957  5.999  -49.859  47.093 0.0000000000
37760  23.359  -46.546  44.870 0.0000000000
39075  21.904  -45.719  42.935 0.0000000000
40438  24.842  -44.692  44.415 0.0000000000
40481  21.481  -44.335  42.109 0.0000000000
41833  24.108  -43.831  42.890 0.0000000000
44451  25.239  -42.278  43.323 0.0000000000
54032  31.569  -33.383  41.964 0.0000000000
56189  28.169  -30.966  46.269 0.0000000000
56212  35.140  -32.277  43.863 0.0000000000
56225  35.419  -31.892  43.314 0.0000000000
56255  33.246  -31.542  41.294 0.0000000000
56256  32.337  -31.631  41.087 0.0000000000
56274  31.328  -31.284  40.768 0.0000000000
57404  38.364  -30.396  43.122 0.0000000000
57407  35.894  -31.581  43.153 0.0000000000
57440  33.725  -31.056  41.229 0.0000000000
57455  31.907  -30.804  40.536 0.0000000000
58520  37.809  -29.715  42.007 0.0000000000
59624  40.983  -29.081  42.971 0.0000000000
59640  40.959  -28.494  42.334 0.0000000000
59641  40.207  -28.814  42.048 0.0000000000
59642  39.521  -28.966  41.858 0.0000000000
59652  40.588  -28.228  41.841 0.0000000000
60775  41.556  -27.820  42.471 0.0000000000
60786  39.029  -28.312  40.604 0.0000000000
60802  39.531  -26.931  39.832 0.0000000000
61981  40.501  -26.679  40.913 0.0000000000
61982  39.969  -27.078  40.388 0.0000000000
61995  39.909  -26.453  40.102 0.0000000000
61996  39.659  -25.858  39.936 0.0000000000
62009  39.421  -26.722  39.733 0.0000000000
62012  36.658  -26.401  39.580 0.0000000000
63216  40.957  -25.743  41.840 0.0000000000
63236  39.445  -24.733  41.003 0.0000000000
63255  40.373  -25.938  40.295 0.0000000000
63283  34.788  -25.473  39.908 0.0000000000
64548  40.137  -24.187  43.188 0.0000000000
64551  33.718  -25.099  44.297 0.0000000000
64553  32.462  -24.423  43.487 0.0000000000
64568  39.093  -23.962  42.007 0.0000000000
64570  33.513  -25.042  43.606 0.0000000000
64600  38.282  -24.516  40.133 0.0000000000
64607  31.798  -24.260  40.719 0.0000000000
64629  33.751  -25.202  40.133 0.0000000000
65855  38.414  -23.079  42.248 0.0000000000
65867  38.591  -23.427  42.074 0.0000000000
65869  37.205  -23.152  41.842 0.0000000000
65877  36.812  -23.217  41.280 0.0000000000
65880  31.671  -24.017  40.653 0.0000000000
65889  37.212  -23.603  40.814 0.0000000000
65910  35.647  -24.287  39.628 0.0000000000
65911  33.018  -23.188  39.611 0.0000000000
66994  36.905  -23.022  41.911 0.0000000000
68194  32.197  -22.164  44.714 0.0000000000
72002  35.490  -18.074  38.971 0.0000000000
72018  35.458  -18.241  38.803 0.0000000000
80019  40.503  -12.204  36.766 0.0000000000
80058  47.181  -12.094  33.577 0.0000000000
80068  46.683  -12.270  33.659 0.0000000000
86267  46.126  -6.072  36.040 0.0000000000
87565  49.895  -5.421  30.894 0.0000000000
88698  50.572  -4.897  30.755 0.0000000000
89806  54.220  -2.744  29.860 0.0000000000
91978  49.368  -2.172  32.523 0.0000000000
91984  49.571  -2.399  32.269 0.0000000000
