#!ascii label  , from subject S5_08 vox2ras=TkReg
880
125418  49.037  32.581  27.314 0.0000000000
128731  50.629  36.684  27.998 0.0000000000
121010  53.650  27.347  34.869 0.0000000000
123401  43.729  30.369  30.448 0.0000000000
121067  46.301  26.889  29.569 0.0000000000
126407  48.186  33.403  21.096 0.0000000000
128713  45.720  35.903  30.091 0.0000000000
127984  45.511  35.267  25.639 0.0000000000
116592  52.768  22.963  39.221 0.0000000000
114789  52.047  20.607  34.780 0.0000000000
126349  52.656  33.343  26.026 0.0000000000
122633  53.468  29.117  29.240 0.0000000000
125367  53.194  32.320  32.098 0.0000000000
121745  51.202  28.452  35.784 0.0000000000
130895  44.505  40.145  25.063 0.0000000000
128043  48.895  34.965  22.115 0.0000000000
119388  49.180  25.091  32.804 0.0000000000
124352  46.337  31.200  29.307 0.0000000000
121814  45.242  28.261  30.786 0.0000000000
123397  47.523  29.822  30.265 0.0000000000
124444  48.269  31.731  23.986 0.0000000000
124412  45.812  31.927  26.503 0.0000000000
127168  43.547  35.091  28.900 0.0000000000
115664  51.082  21.719  39.143 0.0000000000
113814  53.581  19.553  37.618 0.0000000000
112840  50.703  18.186  38.312 0.0000000000
132126  46.790  42.281  26.354 0.0000000000
127176  51.947  35.359  27.152 0.0000000000
126325  53.298  33.687  28.938 0.0000000000
127911  52.302  35.766  30.568 0.0000000000
123373  48.192  30.541  32.388 0.0000000000
124314  50.596  30.972  32.864 0.0000000000
121012  49.137  27.675  34.760 0.0000000000
120174  49.763  26.313  37.278 0.0000000000
127964  48.288  35.241  26.273 0.0000000000
128004  47.612  35.108  24.460 0.0000000000
127979  50.690  35.723  25.181 0.0000000000
128000  51.578  35.092  24.017 0.0000000000
121037  54.081  27.439  31.227 0.0000000000
120256  51.693  26.726  30.065 0.0000000000
120216  52.544  26.608  33.333 0.0000000000
120274  44.199  26.116  29.353 0.0000000000
118547  44.394  24.341  28.770 0.0000000000
128080  47.551  35.966  18.801 0.0000000000
128059  45.045  35.292  20.683 0.0000000000
128711  47.866  36.986  29.893 0.0000000000
129404  50.099  37.308  31.142 0.0000000000
130879  39.833  39.331  27.248 0.0000000000
129490  42.575  37.823  25.797 0.0000000000
127955  45.515  34.826  27.465 0.0000000000
119354  53.061  26.186  37.336 0.0000000000
118475  52.329  24.051  36.140 0.0000000000
115670  53.695  21.779  37.521 0.0000000000
112899  54.422  18.960  34.044 0.0000000000
125432  51.552  32.372  25.803 0.0000000000
124347  51.378  30.916  29.296 0.0000000000
124371  53.680  31.538  28.176 0.0000000000
124334  54.438  30.849  29.813 0.0000000000
122583  53.715  29.399  32.852 0.0000000000
125377  51.858  33.007  31.663 0.0000000000
124298  52.923  30.869  33.957 0.0000000000
122548  52.929  29.090  35.827 0.0000000000
120152  51.624  26.509  38.190 0.0000000000
118432  50.209  24.596  39.301 0.0000000000
132746  44.467  42.581  26.467 0.0000000000
130920  45.896  39.308  22.686 0.0000000000
128788  46.111  36.146  21.956 0.0000000000
128808  47.889  36.434  19.962 0.0000000000
128054  50.333  34.493  20.901 0.0000000000
125468  50.796  33.308  23.195 0.0000000000
121063  49.874  27.489  28.864 0.0000000000
119439  47.691  25.742  28.356 0.0000000000
117601  45.814  23.308  30.199 0.0000000000
116646  50.141  22.553  34.968 0.0000000000
125402  47.667  32.163  28.215 0.0000000000
124351  47.269  31.232  29.441 0.0000000000
124350  48.242  31.226  29.538 0.0000000000
125449  48.701  32.058  25.588 0.0000000000
124428  46.988  31.681  25.083 0.0000000000
125436  47.458  32.367  26.737 0.0000000000
124397  46.190  32.178  27.710 0.0000000000
115671  49.474  20.951  38.197 0.0000000000
113806  50.353  19.284  38.304 0.0000000000
113807  49.443  19.304  38.048 0.0000000000
117621  42.735  23.350  27.868 0.0000000000
127949  51.368  36.191  27.482 0.0000000000
127937  52.281  35.314  29.029 0.0000000000
128720  51.528  36.790  29.268 0.0000000000
122586  47.437  30.045  32.871 0.0000000000
122576  48.654  29.311  33.386 0.0000000000
128732  49.619  36.316  27.829 0.0000000000
127963  49.305  35.687  26.210 0.0000000000
127962  50.445  36.101  26.446 0.0000000000
127961  51.331  35.628  26.214 0.0000000000
121017  53.672  27.420  33.657 0.0000000000
120226  53.341  27.222  31.665 0.0000000000
120211  53.310  26.546  34.301 0.0000000000
122603  41.998  29.186  31.301 0.0000000000
121799  43.282  28.250  31.328 0.0000000000
121052  45.879  27.433  30.399 0.0000000000
121053  45.010  27.187  30.676 0.0000000000
120258  45.443  26.685  29.802 0.0000000000
119431  44.259  25.821  28.774 0.0000000000
120284  45.485  26.006  28.398 0.0000000000
127274  47.744  35.104  19.151 0.0000000000
127276  46.119  35.733  19.525 0.0000000000
126422  46.284  34.412  20.426 0.0000000000
123429  43.671  30.964  29.813 0.0000000000
123402  42.752  30.589  30.413 0.0000000000
128712  46.544  36.475  29.989 0.0000000000
129426  47.706  37.563  30.944 0.0000000000
129427  46.753  37.442  31.369 0.0000000000
127929  44.238  35.288  29.510 0.0000000000
127943  44.212  34.992  28.615 0.0000000000
127927  46.029  35.543  29.354 0.0000000000
127940  47.188  35.289  28.366 0.0000000000
117520  52.932  23.749  38.388 0.0000000000
116601  53.641  22.857  37.915 0.0000000000
115661  53.556  22.057  38.170 0.0000000000
112875  53.164  18.346  36.396 0.0000000000
112889  54.133  18.976  35.722 0.0000000000
112894  54.150  18.659  34.768 0.0000000000
125431  52.427  32.691  25.842 0.0000000000
124395  52.962  31.871  27.042 0.0000000000
125414  53.038  32.413  26.727 0.0000000000
125375  53.374  33.066  30.974 0.0000000000
124335  54.188  31.773  30.029 0.0000000000
124328  53.767  31.719  31.281 0.0000000000
123379  54.115  30.595  31.405 0.0000000000
124318  53.595  31.466  32.409 0.0000000000
127153  50.129  34.960  31.100 0.0000000000
127152  51.276  35.070  31.334 0.0000000000
126315  51.017  33.942  31.332 0.0000000000
122574  50.895  29.620  33.775 0.0000000000
123364  51.732  30.320  33.622 0.0000000000
122564  51.963  29.499  34.838 0.0000000000
122563  52.824  29.590  35.100 0.0000000000
121744  51.876  28.795  36.036 0.0000000000
121726  52.689  28.218  37.099 0.0000000000
120970  51.379  27.371  37.203 0.0000000000
120155  48.503  25.887  38.175 0.0000000000
119318  49.817  25.172  39.104 0.0000000000
131514  44.490  40.980  26.028 0.0000000000
131526  45.821  40.761  25.563 0.0000000000
130913  45.118  39.251  23.354 0.0000000000
128751  43.648  36.272  25.826 0.0000000000
129489  43.204  37.531  25.375 0.0000000000
128763  44.547  36.185  24.808 0.0000000000
128027  48.853  35.042  23.278 0.0000000000
128045  46.596  35.531  22.456 0.0000000000
128044  47.807  35.208  22.349 0.0000000000
128797  47.429  36.291  20.609 0.0000000000
128069  48.339  35.657  20.436 0.0000000000
128068  48.674  35.552  19.956 0.0000000000
128042  49.900  34.898  21.956 0.0000000000
126360  51.857  34.285  25.406 0.0000000000
127216  51.625  34.494  24.014 0.0000000000
125445  52.096  32.990  25.304 0.0000000000
125446  51.521  32.835  24.757 0.0000000000
123421  52.110  30.268  29.446 0.0000000000
123422  50.806  30.242  29.704 0.0000000000
121823  51.636  28.246  29.278 0.0000000000
119402  49.988  25.967  31.004 0.0000000000
120268  49.684  26.226  28.807 0.0000000000
119417  48.274  25.266  30.510 0.0000000000
118535  46.925  24.913  29.586 0.0000000000
118511  47.821  24.675  31.249 0.0000000000
115697  52.577  21.347  35.923 0.0000000000
117555  51.624  23.278  35.922 0.0000000000
115708  51.251  21.393  35.165 0.0000000000
123428  44.585  30.828  29.873 0.0000000000
122622  44.728  29.187  30.861 0.0000000000
123399  45.662  30.006  30.452 0.0000000000
122620  46.861  29.183  30.483 0.0000000000
121812  47.200  28.439  30.334 0.0000000000
125484  47.955  32.009  22.464 0.0000000000
124354  44.472  31.398  29.186 0.0000000000
115655  51.794  22.217  39.359 0.0000000000
114739  52.832  20.817  38.635 0.0000000000
114740  51.871  20.579  38.730 0.0000000000
112852  52.038  18.273  37.903 0.0000000000
127188  52.422  33.906  26.571 0.0000000000
126328  53.394  33.147  27.709 0.0000000000
126329  52.615  33.838  28.040 0.0000000000
127165  53.122  34.160  29.687 0.0000000000
126312  53.180  34.348  30.868 0.0000000000
125379  49.308  32.347  31.502 0.0000000000
125370  50.355  31.927  32.025 0.0000000000
123372  49.240  30.419  32.555 0.0000000000
122575  49.769  29.462  33.537 0.0000000000
121763  50.269  28.495  34.639 0.0000000000
120189  50.384  27.103  36.559 0.0000000000
120984  49.354  26.930  36.161 0.0000000000
120175  48.671  26.167  37.353 0.0000000000
120156  47.493  25.993  38.337 0.0000000000
130886  43.381  40.056  25.938 0.0000000000
127966  46.205  34.989  26.224 0.0000000000
128005  46.558  35.210  24.573 0.0000000000
127982  47.441  34.987  25.418 0.0000000000
128003  48.729  35.166  24.351 0.0000000000
128002  49.870  35.365  24.216 0.0000000000
128026  49.997  35.184  23.073 0.0000000000
128001  50.879  35.364  24.062 0.0000000000
127189  51.849  34.533  26.058 0.0000000000
121059  54.072  28.068  29.540 0.0000000000
120265  52.385  27.138  29.215 0.0000000000
120242  53.462  27.161  30.581 0.0000000000
120244  51.697  26.638  31.326 0.0000000000
120229  50.886  26.110  32.969 0.0000000000
114805  52.854  20.451  31.487 0.0000000000
114800  51.418  20.738  32.754 0.0000000000
119420  42.381  25.653  30.376 0.0000000000
121039  43.680  27.586  31.236 0.0000000000
120261  42.978  26.212  30.577 0.0000000000
119433  42.646  25.539  29.280 0.0000000000
119444  42.939  25.170  28.586 0.0000000000
118548  43.237  24.288  28.528 0.0000000000
117620  43.694  23.317  28.463 0.0000000000
129546  46.557  37.655  19.076 0.0000000000
128824  45.163  37.028  19.685 0.0000000000
128722  49.932  37.090  28.946 0.0000000000
129423  50.346  37.477  30.470 0.0000000000
129424  49.511  37.587  30.720 0.0000000000
129405  49.102  37.416  31.401 0.0000000000
127898  49.188  36.105  31.242 0.0000000000
126317  48.481  33.539  31.219 0.0000000000
125380  48.040  32.566  31.465 0.0000000000
130200  40.970  38.769  27.059 0.0000000000
129479  42.084  37.611  26.416 0.0000000000
127986  44.066  35.624  26.188 0.0000000000
127967  45.507  35.034  26.522 0.0000000000
127953  47.314  34.960  27.491 0.0000000000
127939  47.979  35.653  28.075 0.0000000000
120188  53.409  26.829  36.508 0.0000000000
119366  53.070  25.708  35.332 0.0000000000
118465  53.227  25.110  37.009 0.0000000000
116614  53.419  22.639  37.140 0.0000000000
115696  53.294  21.025  36.149 0.0000000000
114747  54.101  20.668  37.124 0.0000000000
113832  54.150  19.935  35.883 0.0000000000
114787  53.944  19.926  34.555 0.0000000000
125417  50.126  32.527  27.125 0.0000000000
124374  50.068  31.716  28.725 0.0000000000
125398  51.782  32.112  27.621 0.0000000000
124372  52.701  31.631  27.818 0.0000000000
123444  53.978  30.460  28.588 0.0000000000
125388  53.737  32.516  28.395 0.0000000000
124370  54.364  31.039  28.641 0.0000000000
122641  54.572  29.872  29.025 0.0000000000
121809  54.650  28.610  30.465 0.0000000000
121796  54.038  28.342  31.824 0.0000000000
121771  53.519  28.287  34.397 0.0000000000
128678  51.632  36.534  31.121 0.0000000000
127151  52.147  35.134  31.340 0.0000000000
125376  52.696  33.223  31.775 0.0000000000
125369  51.426  32.166  32.208 0.0000000000
125368  52.541  32.242  32.629 0.0000000000
125362  53.248  31.999  32.973 0.0000000000
124297  53.259  30.636  34.136 0.0000000000
122562  53.394  29.164  35.133 0.0000000000
121760  53.434  28.227  35.449 0.0000000000
120170  53.236  27.226  37.229 0.0000000000
119355  52.793  26.331  37.926 0.0000000000
118448  52.094  24.888  38.465 0.0000000000
120153  50.629  26.288  38.258 0.0000000000
118449  51.313  24.746  38.914 0.0000000000
117509  51.996  23.209  39.458 0.0000000000
116585  50.739  22.823  39.432 0.0000000000
132745  45.681  42.693  26.704 0.0000000000
130903  46.560  40.193  24.356 0.0000000000
130919  46.940  39.815  22.650 0.0000000000
128030  45.866  35.676  23.800 0.0000000000
129511  45.257  37.472  22.456 0.0000000000
129523  46.368  37.378  21.105 0.0000000000
129535  47.094  37.706  20.476 0.0000000000
130244  47.626  38.500  19.958 0.0000000000
128821  47.901  36.577  19.150 0.0000000000
128079  48.482  35.504  19.304 0.0000000000
126426  49.348  34.044  19.915 0.0000000000
127229  50.781  34.573  22.360 0.0000000000
127254  51.050  33.765  21.534 0.0000000000
125500  49.844  33.096  21.906 0.0000000000
125470  49.804  32.363  23.193 0.0000000000
125448  49.644  32.133  25.284 0.0000000000
123423  49.640  30.314  29.833 0.0000000000
121810  48.589  28.850  30.126 0.0000000000
121065  47.979  27.185  29.089 0.0000000000
121072  50.365  27.036  28.306 0.0000000000
121074  48.447  26.729  28.416 0.0000000000
120282  47.103  26.107  28.156 0.0000000000
119440  46.654  25.463  28.571 0.0000000000
118537  45.223  24.106  29.188 0.0000000000
119367  52.379  25.313  35.294 0.0000000000
118492  50.844  24.724  34.982 0.0000000000
118494  49.503  24.130  34.388 0.0000000000
114801  50.561  21.082  32.991 0.0000000000
117579  48.234  23.290  33.026 0.0000000000
111923  50.120  17.256  38.430 0.0000000000
110988  50.627  16.324  37.651 0.0000000000
125401  48.559  32.269  28.174 0.0000000000
124376  47.970  31.828  28.898 0.0000000000
125435  48.403  32.462  26.520 0.0000000000
125419  48.041  32.463  27.455 0.0000000000
125420  47.088  32.330  27.648 0.0000000000
114742  49.880  20.337  38.260 0.0000000000
128730  51.311  36.627  28.466 0.0000000000
127938  52.003  36.071  28.700 0.0000000000
128739  50.277  36.307  27.309 0.0000000000
127950  50.721  36.322  27.320 0.0000000000
122624  42.892  29.795  30.860 0.0000000000
122602  43.021  29.005  31.210 0.0000000000
121051  46.743  27.627  30.098 0.0000000000
120272  45.825  26.356  28.846 0.0000000000
127265  48.437  34.140  19.781 0.0000000000
127267  46.899  34.697  19.716 0.0000000000
126408  47.177  33.499  21.122 0.0000000000
122625  42.124  29.965  30.853 0.0000000000
128699  47.014  37.205  30.592 0.0000000000
128700  45.782  36.841  31.043 0.0000000000
127913  44.939  35.755  30.311 0.0000000000
127928  45.091  35.331  29.442 0.0000000000
116591  53.331  22.723  38.556 0.0000000000
112890  53.277  18.515  35.450 0.0000000000
125430  52.954  32.758  26.206 0.0000000000
126348  53.136  32.809  26.384 0.0000000000
126316  49.759  33.689  31.158 0.0000000000
122565  51.023  29.241  34.456 0.0000000000
122573  51.624  29.679  34.132 0.0000000000
121762  51.178  28.750  35.025 0.0000000000
121761  51.745  28.874  35.410 0.0000000000
121736  51.570  28.361  36.357 0.0000000000
120982  50.934  27.751  36.468 0.0000000000
119338  48.369  25.545  38.822 0.0000000000
131528  44.103  40.517  25.722 0.0000000000
132129  43.933  41.613  26.281 0.0000000000
131527  44.809  40.485  25.411 0.0000000000
128750  44.219  35.954  25.416 0.0000000000
128007  45.010  35.610  25.206 0.0000000000
128057  47.858  35.578  21.107 0.0000000000
128056  48.917  35.179  21.030 0.0000000000
126350  51.876  34.076  25.701 0.0000000000
126359  51.785  33.693  25.115 0.0000000000
126358  52.303  33.121  25.539 0.0000000000
122634  52.450  29.166  29.433 0.0000000000
121822  52.775  28.239  29.228 0.0000000000
119403  49.192  25.479  31.454 0.0000000000
119416  49.332  25.533  30.130 0.0000000000
119404  48.537  24.897  31.852 0.0000000000
114778  52.457  20.890  35.395 0.0000000000
115707  52.020  21.164  35.399 0.0000000000
124353  45.409  31.272  29.234 0.0000000000
123427  45.530  30.708  29.927 0.0000000000
123425  47.438  30.558  29.967 0.0000000000
123398  46.643  29.935  30.362 0.0000000000
122619  47.673  29.133  30.371 0.0000000000
124457  48.120  31.759  23.388 0.0000000000
124458  47.472  31.569  23.171 0.0000000000
124445  47.202  31.481  24.144 0.0000000000
124429  46.017  31.580  25.329 0.0000000000
124446  46.124  31.321  24.334 0.0000000000
124378  46.182  31.780  28.659 0.0000000000
124379  45.273  31.808  28.482 0.0000000000
113805  51.575  19.168  38.279 0.0000000000
112839  51.381  18.019  38.194 0.0000000000
111939  52.116  17.385  37.433 0.0000000000
111921  51.583  17.342  38.102 0.0000000000
132744  46.515  42.841  26.576 0.0000000000
133916  46.489  44.443  26.938 0.0000000000
127175  52.352  34.377  27.185 0.0000000000
127924  52.319  35.561  29.660 0.0000000000
127166  52.654  34.653  29.389 0.0000000000
127162  52.575  35.029  30.324 0.0000000000
127149  52.950  34.794  30.700 0.0000000000
124322  48.979  31.219  31.895 0.0000000000
125371  49.685  31.641  31.914 0.0000000000
121773  49.018  28.719  33.820 0.0000000000
122584  49.169  29.764  32.997 0.0000000000
121772  49.742  28.817  34.080 0.0000000000
121764  49.434  28.184  34.265 0.0000000000
120995  49.995  27.846  35.423 0.0000000000
120201  47.800  26.571  35.962 0.0000000000
120192  47.790  26.408  36.662 0.0000000000
120176  47.603  26.132  37.461 0.0000000000
127965  47.149  34.862  26.450 0.0000000000
127980  49.637  35.669  25.265 0.0000000000
121048  53.959  27.475  30.105 0.0000000000
120254  53.442  27.215  30.040 0.0000000000
120227  52.569  26.871  32.124 0.0000000000
120228  51.673  26.525  32.567 0.0000000000
120245  50.806  26.316  31.795 0.0000000000
120217  51.625  26.155  33.754 0.0000000000
119405  41.773  25.885  31.001 0.0000000000
120247  42.437  26.440  31.272 0.0000000000
122600  44.272  28.734  31.147 0.0000000000
121797  44.525  28.482  31.047 0.0000000000
120259  44.597  26.497  30.021 0.0000000000
121054  44.147  26.976  30.797 0.0000000000
120260  43.719  26.268  30.169 0.0000000000
119419  43.083  25.835  29.947 0.0000000000
119432  43.523  25.767  29.131 0.0000000000
119442  44.879  25.486  28.561 0.0000000000
119443  43.859  25.224  28.567 0.0000000000
129545  47.366  37.671  19.046 0.0000000000
128822  47.077  36.852  18.824 0.0000000000
127268  45.927  35.062  19.947 0.0000000000
128082  45.990  36.146  19.467 0.0000000000
128070  45.386  36.009  19.917 0.0000000000
128071  44.446  35.962  20.591 0.0000000000
128710  49.173  37.224  29.463 0.0000000000
129442  48.892  37.519  30.222 0.0000000000
129425  48.647  37.688  30.990 0.0000000000
127899  47.680  36.129  31.745 0.0000000000
130889  40.657  39.434  26.797 0.0000000000
130878  40.343  39.147  27.168 0.0000000000
128743  41.576  37.018  26.905 0.0000000000
128742  42.604  36.301  26.809 0.0000000000
128741  43.253  36.037  26.422 0.0000000000
127942  45.283  34.937  28.558 0.0000000000
127956  44.422  35.055  27.588 0.0000000000
127968  44.598  35.230  26.673 0.0000000000
127192  46.136  34.788  26.691 0.0000000000
127954  46.518  34.804  27.688 0.0000000000
128724  47.799  35.961  28.910 0.0000000000
128723  48.806  36.331  28.786 0.0000000000
119357  53.274  25.835  36.302 0.0000000000
115681  53.573  21.476  36.724 0.0000000000
113803  53.302  20.242  38.311 0.0000000000
114738  53.600  20.984  38.076 0.0000000000
112888  54.423  19.165  35.376 0.0000000000
113851  54.204  19.392  35.824 0.0000000000
113850  54.311  19.538  35.439 0.0000000000
114760  54.031  20.123  35.573 0.0000000000
113859  54.135  19.544  34.318 0.0000000000
113863  53.867  19.590  33.304 0.0000000000
113862  54.315  19.242  33.272 0.0000000000
125416  51.261  32.297  26.824 0.0000000000
125399  50.762  32.349  27.954 0.0000000000
124394  53.297  31.874  27.322 0.0000000000
123445  53.051  30.809  28.604 0.0000000000
124346  54.150  31.742  28.934 0.0000000000
124345  54.613  31.055  29.172 0.0000000000
123443  54.537  30.447  28.848 0.0000000000
123418  54.624  30.295  29.349 0.0000000000
122631  54.649  29.440  29.507 0.0000000000
122617  54.696  29.263  30.254 0.0000000000
123370  53.748  30.470  32.651 0.0000000000
122599  54.121  29.449  31.627 0.0000000000
121782  53.617  28.365  33.174 0.0000000000
128697  50.805  37.266  30.913 0.0000000000
128679  50.877  36.829  31.280 0.0000000000
126314  52.062  34.177  31.603 0.0000000000
124320  50.952  31.510  32.596 0.0000000000
123363  52.489  30.554  33.922 0.0000000000
124319  51.778  31.753  32.909 0.0000000000
124312  52.459  31.333  33.443 0.0000000000
125363  52.978  31.849  33.278 0.0000000000
124311  53.332  31.248  33.468 0.0000000000
123356  53.292  29.987  34.523 0.0000000000
122547  53.278  28.757  35.862 0.0000000000
121742  53.414  28.309  36.358 0.0000000000
121733  53.308  28.176  36.946 0.0000000000
120151  52.189  26.623  38.022 0.0000000000
120171  52.663  26.936  37.795 0.0000000000
119334  52.428  26.093  38.318 0.0000000000
120190  49.859  26.744  36.559 0.0000000000
120173  50.838  26.802  37.217 0.0000000000
119336  50.413  25.406  38.873 0.0000000000
118431  50.983  24.388  39.210 0.0000000000
117522  51.380  24.170  39.157 0.0000000000
117510  51.141  23.696  39.419 0.0000000000
116584  51.547  22.820  39.504 0.0000000000
133321  43.725  43.492  26.343 0.0000000000
133918  44.242  44.474  26.506 0.0000000000
130912  46.302  39.692  23.583 0.0000000000
131539  46.136  40.502  24.997 0.0000000000
130219  46.552  39.068  21.963 0.0000000000
128029  46.726  35.412  23.657 0.0000000000
128046  46.056  35.607  23.123 0.0000000000
128799  46.009  36.722  21.687 0.0000000000
129524  45.830  37.611  21.778 0.0000000000
128809  47.282  36.840  20.360 0.0000000000
129534  47.462  37.446  19.953 0.0000000000
130245  47.393  38.588  20.383 0.0000000000
129544  47.533  37.558  19.539 0.0000000000
128055  49.687  34.857  20.885 0.0000000000
128067  49.454  34.863  20.008 0.0000000000
127272  49.206  34.519  19.700 0.0000000000
128066  49.920  34.450  20.478 0.0000000000
128025  50.945  34.998  22.903 0.0000000000
128024  51.447  34.842  23.430 0.0000000000
126375  50.931  33.676  23.066 0.0000000000
127228  51.092  34.371  22.863 0.0000000000
126389  50.663  33.578  22.440 0.0000000000
126404  50.644  33.791  21.638 0.0000000000
125481  50.390  33.233  22.470 0.0000000000
125482  49.969  32.955  22.321 0.0000000000
125469  50.497  33.049  23.029 0.0000000000
125447  50.620  32.347  24.955 0.0000000000
125433  50.493  32.365  26.022 0.0000000000
124373  51.360  31.654  28.611 0.0000000000
124348  50.428  31.072  29.395 0.0000000000
121824  50.469  28.337  29.400 0.0000000000
122636  50.014  29.330  29.777 0.0000000000
121825  49.173  28.310  29.793 0.0000000000
121826  48.348  27.775  29.641 0.0000000000
121064  48.882  27.339  28.953 0.0000000000
120266  51.669  26.773  28.971 0.0000000000
121070  51.453  26.923  28.659 0.0000000000
120278  50.842  26.744  28.554 0.0000000000
120269  49.181  26.036  28.778 0.0000000000
120280  48.932  26.307  28.381 0.0000000000
119438  48.308  25.939  28.280 0.0000000000
118527  46.581  23.878  30.619 0.0000000000
118536  46.216  24.538  29.438 0.0000000000
117611  45.596  23.786  29.575 0.0000000000
117612  45.069  23.247  29.575 0.0000000000
117602  45.349  22.809  30.008 0.0000000000
118474  52.996  24.720  36.286 0.0000000000
118487  52.801  25.143  35.700 0.0000000000
117572  51.000  23.316  35.604 0.0000000000
118489  51.379  24.298  35.626 0.0000000000
118490  50.711  23.815  35.450 0.0000000000
119378  50.343  24.953  34.537 0.0000000000
117575  49.698  23.394  34.822 0.0000000000
114816  50.988  20.792  30.799 0.0000000000
114807  50.421  21.078  31.925 0.0000000000
124377  47.072  31.745  28.704 0.0000000000
124427  47.992  31.660  24.908 0.0000000000
125450  47.736  32.058  25.806 0.0000000000
124411  46.808  31.929  26.086 0.0000000000
125437  46.668  32.283  27.012 0.0000000000
125421  46.669  32.299  27.464 0.0000000000
124396  46.754  32.092  28.228 0.0000000000
115665  49.831  21.552  38.618 0.0000000000
114741  50.767  20.446  38.586 0.0000000000
127170  52.210  34.904  28.299 0.0000000000
127171  51.869  35.693  27.903 0.0000000000
127925  51.993  36.361  29.849 0.0000000000
122585  48.380  29.911  32.932 0.0000000000
121765  48.534  27.989  34.141 0.0000000000
127951  48.968  35.795  27.022 0.0000000000
128740  49.751  36.074  26.950 0.0000000000
121025  53.643  27.617  32.378 0.0000000000
120215  53.326  26.992  32.905 0.0000000000
120273  44.926  26.183  28.974 0.0000000000
127275  46.832  35.455  19.338 0.0000000000
127256  45.493  34.462  20.853 0.0000000000
123430  42.951  31.112  29.762 0.0000000000
124336  42.280  31.031  30.075 0.0000000000
123380  41.446  29.782  31.154 0.0000000000
128698  47.527  37.306  30.479 0.0000000000
127167  43.828  35.027  28.966 0.0000000000
127172  43.935  35.062  28.655 0.0000000000
127941  46.284  35.095  28.506 0.0000000000
127926  46.973  35.857  29.206 0.0000000000
118447  52.687  25.114  37.738 0.0000000000
117536  53.072  23.893  37.347 0.0000000000
112850  53.489  18.918  37.273 0.0000000000
112874  53.750  18.866  36.853 0.0000000000
125415  52.365  32.138  26.760 0.0000000000
125385  53.672  32.731  29.564 0.0000000000
123395  54.213  31.015  30.549 0.0000000000
123394  54.498  30.148  30.215 0.0000000000
127897  50.499  36.046  31.242 0.0000000000
123365  50.645  30.258  33.155 0.0000000000
124313  51.368  31.086  33.159 0.0000000000
123357  52.756  30.264  34.479 0.0000000000
122549  52.314  29.117  35.547 0.0000000000
122542  52.429  28.909  36.114 0.0000000000
121735  52.262  28.503  36.641 0.0000000000
120969  52.029  27.781  37.218 0.0000000000
120172  51.825  26.989  37.619 0.0000000000
120154  49.562  25.965  38.171 0.0000000000
119337  49.329  25.484  38.737 0.0000000000
119319  49.218  25.116  39.256 0.0000000000
132128  45.266  41.709  26.368 0.0000000000
132147  45.347  41.035  25.923 0.0000000000
131540  45.465  40.451  25.121 0.0000000000
128752  42.826  37.104  26.050 0.0000000000
128764  43.800  36.992  24.963 0.0000000000
128028  47.698  35.173  23.437 0.0000000000
128058  47.171  35.530  21.730 0.0000000000
128798  46.779  36.337  21.188 0.0000000000
127204  51.867  34.680  24.987 0.0000000000
126367  51.393  33.689  23.875 0.0000000000
125457  51.044  33.108  23.609 0.0000000000
122635  51.242  29.274  29.582 0.0000000000
120257  50.786  26.362  30.515 0.0000000000
120267  50.615  26.350  29.184 0.0000000000
119415  50.039  25.974  29.842 0.0000000000
119428  48.590  25.737  29.035 0.0000000000
119429  47.465  25.281  29.439 0.0000000000
119418  47.657  25.078  30.225 0.0000000000
118526  47.215  24.643  30.317 0.0000000000
118513  46.704  23.574  31.199 0.0000000000
117554  52.210  23.252  36.321 0.0000000000
116616  51.976  22.633  36.158 0.0000000000
116635  51.345  22.376  35.712 0.0000000000
116645  50.737  22.134  35.247 0.0000000000
122623  43.800  29.565  30.838 0.0000000000
123400  44.669  30.134  30.445 0.0000000000
122621  45.881  29.198  30.582 0.0000000000
123426  46.489  30.629  29.973 0.0000000000
121813  46.286  28.379  30.498 0.0000000000
125502  48.537  32.889  21.864 0.0000000000
125503  47.521  32.800  21.783 0.0000000000
124471  46.568  31.621  22.641 0.0000000000
124398  45.055  32.068  27.499 0.0000000000
124380  44.284  31.760  28.356 0.0000000000
127930  43.351  35.214  29.360 0.0000000000
115654  52.398  22.275  39.185 0.0000000000
115662  52.973  21.909  38.695 0.0000000000
115663  52.183  21.555  39.046 0.0000000000
113804  52.686  19.844  38.383 0.0000000000
113816  52.017  18.816  38.060 0.0000000000
113815  52.491  19.000  37.943 0.0000000000
112851  53.001  18.426  37.308 0.0000000000
111938  52.579  17.825  36.809 0.0000000000
126337  53.229  32.889  26.807 0.0000000000
126338  52.830  33.534  27.027 0.0000000000
126326  52.719  34.277  28.692 0.0000000000
126322  53.298  33.751  30.099 0.0000000000
124321  50.006  31.169  32.368 0.0000000000
123371  50.068  30.584  32.759 0.0000000000
123366  49.806  30.034  32.912 0.0000000000
122566  50.316  29.152  34.119 0.0000000000
121746  50.642  28.328  35.321 0.0000000000
120994  50.666  28.102  35.755 0.0000000000
120983  49.891  27.257  36.120 0.0000000000
120191  48.799  26.619  36.425 0.0000000000
119339  47.406  25.681  38.975 0.0000000000
130896  43.787  39.882  25.375 0.0000000000
127983  46.367  35.031  25.485 0.0000000000
127981  48.534  35.263  25.329 0.0000000000
127978  51.479  35.306  25.045 0.0000000000
127205  51.862  34.545  25.569 0.0000000000
127190  51.857  34.409  25.815 0.0000000000
121821  53.743  28.451  29.268 0.0000000000
121060  53.161  27.582  29.419 0.0000000000
120255  52.785  27.040  29.789 0.0000000000
120243  52.640  26.920  30.899 0.0000000000
119387  50.005  25.859  32.318 0.0000000000
114792  53.263  20.071  33.313 0.0000000000
114793  52.271  20.409  33.597 0.0000000000
114799  52.556  20.418  32.517 0.0000000000
119421  41.484  25.382  30.424 0.0000000000
122601  43.851  28.879  31.214 0.0000000000
121038  44.434  27.809  31.045 0.0000000000
120246  43.338  26.767  31.036 0.0000000000
119434  41.770  25.222  29.427 0.0000000000
119445  42.191  25.215  28.609 0.0000000000
128081  46.616  36.166  19.158 0.0000000000
129547  45.544  37.712  19.537 0.0000000000
125504  46.505  32.820  21.695 0.0000000000
126409  46.084  33.655  21.069 0.0000000000
129453  50.432  37.276  29.223 0.0000000000
129454  50.224  37.372  29.375 0.0000000000
128680  49.733  36.911  31.495 0.0000000000
127154  48.800  34.840  31.111 0.0000000000
124329  48.353  31.801  31.603 0.0000000000
130199  41.475  38.603  26.667 0.0000000000
130191  41.127  38.320  27.183 0.0000000000
129480  41.446  37.841  26.941 0.0000000000
127985  44.601  35.584  25.745 0.0000000000
127957  43.498  35.281  27.678 0.0000000000
127969  43.569  35.581  26.707 0.0000000000
127952  48.108  35.333  27.191 0.0000000000
128733  48.716  35.880  27.784 0.0000000000
120199  53.541  26.561  35.510 0.0000000000
117553  52.780  23.479  36.755 0.0000000000
116615  52.741  22.275  36.507 0.0000000000
115682  53.077  21.501  36.375 0.0000000000
114777  53.202  20.493  35.443 0.0000000000
113833  54.079  19.648  36.345 0.0000000000
114761  53.770  20.411  36.211 0.0000000000
114776  54.045  20.088  34.912 0.0000000000
114788  53.364  20.097  34.346 0.0000000000
125400  49.603  32.353  28.088 0.0000000000
123446  52.174  31.109  28.848 0.0000000000
123420  53.226  29.900  29.001 0.0000000000
123419  53.916  29.706  28.824 0.0000000000
125397  53.533  32.344  27.431 0.0000000000
122642  54.312  29.956  28.825 0.0000000000
122632  54.230  29.286  29.055 0.0000000000
121820  54.330  28.706  29.413 0.0000000000
121047  54.419  28.180  30.034 0.0000000000
121036  54.591  27.946  30.804 0.0000000000
123378  54.398  29.696  30.845 0.0000000000
121795  54.521  28.616  31.105 0.0000000000
129439  51.156  37.310  29.936 0.0000000000
127912  51.946  36.549  30.682 0.0000000000
127895  52.135  35.871  31.070 0.0000000000
127896  51.475  35.964  31.267 0.0000000000
127150  52.720  35.191  31.032 0.0000000000
126313  52.854  34.300  31.432 0.0000000000
125378  50.670  32.779  31.514 0.0000000000
123362  53.672  30.311  33.770 0.0000000000
122572  53.434  29.303  33.997 0.0000000000
120993  53.603  27.484  35.921 0.0000000000
120968  52.876  27.741  37.338 0.0000000000
119333  52.794  25.987  37.902 0.0000000000
117521  51.988  23.890  39.021 0.0000000000
119335  51.504  25.803  38.778 0.0000000000
115656  51.303  22.385  39.395 0.0000000000
132127  46.405  42.017  26.496 0.0000000000
132146  46.187  41.289  26.052 0.0000000000
131525  46.667  40.888  25.528 0.0000000000
130902  47.076  40.386  24.358 0.0000000000
130931  47.037  39.553  21.427 0.0000000000
130209  43.744  38.548  24.553 0.0000000000
130905  43.914  39.178  24.592 0.0000000000
128006  45.468  35.546  24.729 0.0000000000
128762  45.074  35.958  24.534 0.0000000000
129501  44.410  37.621  23.358 0.0000000000
130212  44.655  38.515  23.055 0.0000000000
130221  45.041  38.427  22.721 0.0000000000
130220  45.576  38.407  22.318 0.0000000000
130234  46.157  38.452  21.723 0.0000000000
130233  46.677  38.555  20.996 0.0000000000
130940  47.696  39.029  20.064 0.0000000000
130254  47.427  38.427  19.575 0.0000000000
128807  48.300  36.219  19.512 0.0000000000
128820  48.432  36.038  19.372 0.0000000000
127273  48.580  34.694  19.430 0.0000000000
126427  48.937  34.166  19.652 0.0000000000
126419  48.858  33.710  20.197 0.0000000000
128041  50.367  34.927  21.837 0.0000000000
127244  50.709  34.335  21.827 0.0000000000
127263  50.304  34.138  20.640 0.0000000000
126418  49.798  33.759  20.524 0.0000000000
126406  49.167  33.347  21.141 0.0000000000
125483  49.058  32.554  22.549 0.0000000000
125471  48.724  31.949  23.336 0.0000000000
125460  48.878  31.827  23.941 0.0000000000
125458  50.583  32.522  23.920 0.0000000000
125459  49.563  31.943  24.185 0.0000000000
124426  48.884  31.736  24.718 0.0000000000
125434  49.417  32.449  26.310 0.0000000000
124375  48.959  31.746  28.815 0.0000000000
124349  49.305  31.151  29.501 0.0000000000
123424  48.446  30.348  29.974 0.0000000000
123396  48.138  29.601  30.210 0.0000000000
121811  48.094  28.505  30.087 0.0000000000
121050  47.577  27.755  29.833 0.0000000000
121066  47.134  27.060  29.307 0.0000000000
121061  51.906  27.330  28.943 0.0000000000
121062  50.896  27.486  28.806 0.0000000000
120279  49.972  26.607  28.447 0.0000000000
121073  49.402  26.949  28.240 0.0000000000
120270  47.537  26.601  28.506 0.0000000000
120271  46.671  26.496  28.653 0.0000000000
120283  46.220  26.046  28.296 0.0000000000
119441  45.780  25.563  28.485 0.0000000000
118546  45.428  24.856  28.685 0.0000000000
119430  46.793  25.097  29.218 0.0000000000
118545  46.027  25.103  28.669 0.0000000000
118538  44.767  23.761  29.118 0.0000000000
119375  52.984  26.001  34.646 0.0000000000
120212  52.533  26.209  34.238 0.0000000000
119368  51.901  24.958  35.358 0.0000000000
119381  51.062  25.843  33.969 0.0000000000
119382  50.345  25.630  33.682 0.0000000000
114794  51.065  20.772  33.868 0.0000000000
115712  50.786  21.131  34.546 0.0000000000
115713  50.259  21.346  34.062 0.0000000000
115722  49.980  21.337  32.703 0.0000000000
115717  50.035  21.385  33.341 0.0000000000
116647  49.507  22.638  34.390 0.0000000000
117576  49.163  23.414  34.110 0.0000000000
118496  48.885  24.190  33.455 0.0000000000
118499  48.708  24.533  32.835 0.0000000000
118500  48.153  24.115  32.473 0.0000000000
118512  47.201  23.921  31.514 0.0000000000
112841  49.783  18.224  38.258 0.0000000000
110968  50.571  16.514  38.275 0.0000000000
110967  51.195  16.906  38.259 0.0000000000
110987  51.354  16.761  37.898 0.0000000000
111922  50.988  17.303  38.369 0.0000000000
111959  52.446  18.023  36.404 0.0000000000
112876  52.512  18.215  35.977 0.0000000000
112893  54.591  19.053  34.980 0.0000000000
112900  53.997  18.655  33.789 0.0000000000
113860  53.659  19.788  33.826 0.0000000000
113866  54.102  19.475  32.769 0.0000000000
114790  51.265  20.920  34.596 0.0000000000
114795  50.469  21.126  33.540 0.0000000000
115698  51.802  21.631  35.717 0.0000000000
115709  50.464  21.722  34.776 0.0000000000
115710  49.982  22.035  34.394 0.0000000000
115714  49.611  21.970  33.768 0.0000000000
115718  49.434  21.632  33.067 0.0000000000
116583  52.149  22.675  39.460 0.0000000000
116634  52.040  22.023  36.099 0.0000000000
116636  50.682  22.743  35.404 0.0000000000
117573  50.343  23.346  35.307 0.0000000000
117589  46.860  23.135  31.493 0.0000000000
118450  50.755  24.783  39.094 0.0000000000
118476  51.921  23.727  35.981 0.0000000000
118488  52.379  24.742  35.730 0.0000000000
118493  50.289  24.181  35.007 0.0000000000
118497  48.483  23.757  33.140 0.0000000000
118501  47.563  23.653  32.181 0.0000000000
118525  47.729  24.960  30.597 0.0000000000
119376  52.496  25.735  34.751 0.0000000000
119377  51.406  25.442  34.711 0.0000000000
119379  49.895  24.543  34.513 0.0000000000
119383  49.640  24.799  33.936 0.0000000000
119389  48.638  24.676  32.514 0.0000000000
119426  49.956  26.112  29.234 0.0000000000
119427  49.478  25.899  29.259 0.0000000000
120213  52.033  25.917  34.387 0.0000000000
120218  50.982  25.917  33.594 0.0000000000
120277  51.225  26.806  28.623 0.0000000000
120281  47.998  26.196  28.229 0.0000000000
120967  53.249  27.855  37.140 0.0000000000
120980  53.430  27.676  36.725 0.0000000000
120981  51.674  28.144  36.716 0.0000000000
120996  48.906  27.203  35.627 0.0000000000
121011  49.721  27.977  34.721 0.0000000000
121049  53.369  27.305  29.816 0.0000000000
121058  54.363  28.422  29.663 0.0000000000
121071  51.129  26.997  28.477 0.0000000000
121724  53.268  28.029  37.122 0.0000000000
121725  53.084  28.192  37.153 0.0000000000
121734  53.041  28.591  36.850 0.0000000000
121743  53.121  28.760  36.303 0.0000000000
121798  44.012  28.303  31.277 0.0000000000
121819  54.619  28.743  29.833 0.0000000000
122541  52.785  28.814  36.383 0.0000000000
122598  54.540  29.092  30.843 0.0000000000
122618  48.260  29.124  30.237 0.0000000000
122637  48.880  29.436  30.057 0.0000000000
123358  52.179  30.042  34.198 0.0000000000
124443  48.909  31.790  24.227 0.0000000000
124470  47.225  31.724  22.551 0.0000000000
125403  47.164  32.133  28.234 0.0000000000
125472  48.051  31.813  23.079 0.0000000000
125501  49.449  33.019  21.886 0.0000000000
126351  51.821  34.341  25.629 0.0000000000
126376  50.699  33.423  22.954 0.0000000000
126388  50.876  33.993  22.413 0.0000000000
126390  50.396  33.353  22.059 0.0000000000
126403  50.772  33.941  21.949 0.0000000000
126405  50.038  33.359  21.514 0.0000000000
126417  50.509  33.783  20.974 0.0000000000
126420  47.897  33.834  20.312 0.0000000000
126421  47.005  34.091  20.388 0.0000000000
127161  52.947  34.439  30.230 0.0000000000
127173  43.697  35.097  28.704 0.0000000000
127177  46.642  34.650  26.998 0.0000000000
127178  46.053  34.690  27.108 0.0000000000
127179  45.685  34.759  26.980 0.0000000000
127191  46.539  34.798  26.575 0.0000000000
127193  45.857  34.792  26.798 0.0000000000
127243  50.769  34.160  21.919 0.0000000000
127255  50.790  34.087  21.255 0.0000000000
127264  49.670  34.307  20.194 0.0000000000
127266  47.771  34.410  19.711 0.0000000000
127894  52.410  35.623  30.964 0.0000000000
127944  43.394  35.161  28.516 0.0000000000
128060  44.209  35.442  21.086 0.0000000000
128072  43.920  35.924  20.949 0.0000000000
128078  49.035  34.940  19.469 0.0000000000
128696  51.431  37.084  30.877 0.0000000000
128707  51.587  37.079  30.105 0.0000000000
128708  51.194  37.191  29.581 0.0000000000
128709  49.661  37.311  29.378 0.0000000000
128721  50.845  37.095  28.980 0.0000000000
128810  45.251  36.614  19.768 0.0000000000
128823  45.921  36.760  19.332 0.0000000000
129422  51.032  37.324  30.366 0.0000000000
129440  50.657  37.397  29.693 0.0000000000
129441  49.809  37.508  29.748 0.0000000000
129443  48.298  37.496  30.542 0.0000000000
129512  44.882  37.928  22.751 0.0000000000
130192  40.468  38.638  27.365 0.0000000000
130208  44.199  38.549  23.965 0.0000000000
130904  45.078  39.878  24.542 0.0000000000
130921  45.164  38.858  22.755 0.0000000000
131538  46.925  40.585  24.895 0.0000000000
