#!ascii label  , from subject S5_08 vox2ras=TkReg
2228
62024  53.793  -26.360  38.731 0.0000000000
41710  36.911  -43.987  50.140 0.0000000000
30124  26.129  -52.277  42.829 0.0000000000
31403  18.756  -51.578  47.452 0.0000000000
29983  30.690  -52.399  52.894 0.0000000000
32726  30.806  -50.095  41.942 0.0000000000
63328  47.420  -25.083  36.080 0.0000000000
68256  55.547  -21.327  40.390 0.0000000000
60706  46.635  -27.873  48.550 0.0000000000
52906  39.427  -35.279  44.237 0.0000000000
44490  29.551  -41.676  42.024 0.0000000000
25873  25.267  -55.842  50.281 0.0000000000
32692  22.020  -50.960  45.216 0.0000000000
27227  22.237  -54.710  53.780 0.0000000000
24571  28.748  -56.632  45.966 0.0000000000
63102  49.760  -24.435  51.063 0.0000000000
40222  40.807  -43.100  54.630 0.0000000000
47005  43.668  -39.650  52.042 0.0000000000
50661  44.902  -36.144  48.519 0.0000000000
47069  38.975  -39.744  47.959 0.0000000000
48381  35.056  -38.629  43.381 0.0000000000
43050  33.639  -42.886  46.470 0.0000000000
34086  23.695  -50.389  36.118 0.0000000000
36606  27.280  -46.861  35.815 0.0000000000
64619  57.769  -24.717  39.417 0.0000000000
67091  60.766  -22.509  37.967 0.0000000000
27448  23.345  -54.233  35.444 0.0000000000
28822  21.501  -53.355  36.832 0.0000000000
33883  34.566  -48.884  51.965 0.0000000000
36467  29.777  -47.565  47.565 0.0000000000
32663  27.714  -51.284  47.993 0.0000000000
27393  26.962  -54.129  39.857 0.0000000000
63316  50.644  -25.368  37.797 0.0000000000
27180  18.020  -54.775  56.458 0.0000000000
30001  15.150  -52.690  50.777 0.0000000000
64520  56.693  -24.336  44.201 0.0000000000
65831  54.155  -23.715  44.354 0.0000000000
64526  49.891  -23.829  44.427 0.0000000000
61966  45.849  -26.075  42.770 0.0000000000
58552  43.527  -29.483  40.047 0.0000000000
56137  48.045  -31.118  51.831 0.0000000000
53990  45.077  -33.145  44.153 0.0000000000
55160  38.546  -32.224  39.438 0.0000000000
51913  34.784  -35.653  40.223 0.0000000000
36536  27.767  -46.591  42.581 0.0000000000
24461  25.162  -56.610  54.889 0.0000000000
25853  23.896  -55.473  52.735 0.0000000000
24463  23.513  -56.355  55.399 0.0000000000
23211  26.569  -57.226  51.959 0.0000000000
40293  39.712  -44.741  52.498 0.0000000000
42977  40.733  -42.044  50.882 0.0000000000
45741  41.774  -40.110  49.454 0.0000000000
44353  38.193  -41.557  49.241 0.0000000000
44406  36.045  -40.919  47.207 0.0000000000
43015  35.021  -43.086  48.315 0.0000000000
31590  23.071  -51.696  32.730 0.0000000000
34147  23.613  -49.701  32.104 0.0000000000
62022  55.324  -25.723  38.779 0.0000000000
64655  56.458  -24.158  38.008 0.0000000000
64657  54.849  -24.703  36.915 0.0000000000
26002  24.218  -54.948  38.798 0.0000000000
26038  22.462  -54.580  36.439 0.0000000000
31508  24.247  -51.824  39.635 0.0000000000
31421  20.200  -51.462  46.511 0.0000000000
33984  20.160  -49.536  42.889 0.0000000000
32722  18.286  -49.902  43.144 0.0000000000
31457  16.535  -51.314  44.562 0.0000000000
36358  36.023  -47.336  54.252 0.0000000000
32602  32.277  -50.943  52.359 0.0000000000
33905  29.987  -49.863  50.134 0.0000000000
31367  28.134  -52.081  50.128 0.0000000000
25938  27.259  -55.218  44.597 0.0000000000
25948  28.663  -55.535  43.667 0.0000000000
25974  26.093  -54.578  40.746 0.0000000000
27419  24.640  -54.214  37.192 0.0000000000
63326  49.165  -24.987  36.654 0.0000000000
60843  50.092  -26.885  34.882 0.0000000000
60845  48.446  -27.055  34.849 0.0000000000
28618  13.350  -53.281  52.256 0.0000000000
65833  52.137  -23.354  44.334 0.0000000000
64451  52.508  -23.926  48.381 0.0000000000
63105  47.800  -26.033  49.990 0.0000000000
63145  47.995  -25.547  47.553 0.0000000000
61917  46.908  -27.116  46.775 0.0000000000
60782  44.823  -27.685  41.033 0.0000000000
58516  45.762  -29.818  43.371 0.0000000000
50716  42.164  -35.999  45.702 0.0000000000
52865  44.465  -34.868  46.001 0.0000000000
52927  42.372  -34.388  43.526 0.0000000000
54053  42.594  -33.107  41.528 0.0000000000
54029  39.487  -33.758  42.288 0.0000000000
54089  36.848  -33.239  39.712 0.0000000000
52973  36.955  -34.876  41.805 0.0000000000
48403  32.887  -38.610  42.143 0.0000000000
33968  27.772  -49.520  45.364 0.0000000000
37759  28.499  -46.826  45.134 0.0000000000
33993  29.059  -48.925  42.413 0.0000000000
39174  29.273  -45.475  35.065 0.0000000000
74264  56.312  -16.514  38.589 0.0000000000
69621  55.909  -20.562  37.850 0.0000000000
27304  25.615  -54.184  46.751 0.0000000000
32701  24.714  -51.078  44.154 0.0000000000
28686  23.781  -53.340  47.810 0.0000000000
28674  22.228  -52.894  49.428 0.0000000000
30012  20.158  -52.604  50.456 0.0000000000
27238  28.329  -54.367  52.804 0.0000000000
27259  27.792  -54.748  50.481 0.0000000000
24512  28.077  -56.904  50.347 0.0000000000
25889  26.638  -56.537  47.961 0.0000000000
64392  52.472  -23.480  50.744 0.0000000000
61853  47.493  -26.235  52.373 0.0000000000
48282  44.116  -38.169  50.071 0.0000000000
48312  42.200  -38.125  47.972 0.0000000000
49531  39.337  -37.165  46.005 0.0000000000
49562  37.027  -36.941  43.991 0.0000000000
47115  37.055  -38.911  45.863 0.0000000000
45833  34.299  -40.471  44.861 0.0000000000
44448  31.554  -42.117  43.926 0.0000000000
34064  25.784  -50.235  38.480 0.0000000000
35307  28.807  -48.301  38.638 0.0000000000
35335  25.135  -48.180  36.444 0.0000000000
64615  59.964  -23.909  40.129 0.0000000000
67043  60.532  -22.734  39.560 0.0000000000
65925  59.012  -23.743  38.731 0.0000000000
34013  22.731  -48.974  41.390 0.0000000000
37636  38.197  -46.519  53.297 0.0000000000
37679  36.124  -46.333  51.328 0.0000000000
38981  33.905  -45.871  49.475 0.0000000000
35188  32.305  -48.099  49.945 0.0000000000
35209  28.719  -49.285  47.981 0.0000000000
31451  29.025  -51.751  44.597 0.0000000000
28670  28.275  -54.309  47.713 0.0000000000
28721  30.254  -53.757  44.315 0.0000000000
31495  27.712  -51.930  40.409 0.0000000000
31527  25.064  -51.921  38.164 0.0000000000
30212  23.681  -52.720  35.819 0.0000000000
63314  52.304  -25.810  38.088 0.0000000000
62052  53.785  -26.054  36.668 0.0000000000
60841  51.996  -27.088  35.325 0.0000000000
27196  20.125  -54.726  55.215 0.0000000000
28628  18.335  -52.830  52.092 0.0000000000
28586  16.050  -53.646  54.830 0.0000000000
30015  16.740  -52.306  50.301 0.0000000000
65861  57.712  -23.949  42.347 0.0000000000
63227  57.569  -25.770  41.512 0.0000000000
61976  55.457  -26.388  41.551 0.0000000000
61989  53.750  -26.387  40.982 0.0000000000
63250  51.861  -25.239  40.817 0.0000000000
63252  50.134  -24.599  40.529 0.0000000000
64621  48.406  -24.505  39.758 0.0000000000
64492  49.736  -24.413  47.125 0.0000000000
64528  48.200  -24.706  44.530 0.0000000000
63276  46.175  -25.100  39.159 0.0000000000
63278  45.013  -26.105  39.419 0.0000000000
60823  42.519  -27.701  37.061 0.0000000000
58388  47.444  -29.462  51.041 0.0000000000
52821  46.579  -34.135  49.562 0.0000000000
55041  46.936  -32.185  47.642 0.0000000000
56207  46.392  -31.051  45.094 0.0000000000
55122  43.901  -32.066  41.588 0.0000000000
56282  41.535  -31.533  39.336 0.0000000000
49602  35.199  -36.785  41.924 0.0000000000
39013  32.088  -45.021  47.229 0.0000000000
40436  30.476  -44.433  44.912 0.0000000000
40496  28.395  -44.052  42.096 0.0000000000
37839  29.994  -47.255  39.022 0.0000000000
39130  28.285  -45.293  38.993 0.0000000000
24462  24.368  -56.554  55.142 0.0000000000
25810  24.342  -55.967  56.407 0.0000000000
40311  38.445  -44.489  51.491 0.0000000000
41694  39.951  -43.476  51.665 0.0000000000
41708  38.598  -43.405  50.827 0.0000000000
42995  39.167  -41.699  49.915 0.0000000000
42980  37.733  -42.745  49.949 0.0000000000
43013  36.431  -42.198  48.737 0.0000000000
41725  36.321  -43.338  49.643 0.0000000000
62023  54.637  -25.961  38.435 0.0000000000
63296  55.217  -25.429  38.430 0.0000000000
62037  54.274  -25.932  37.280 0.0000000000
28776  24.765  -53.645  40.104 0.0000000000
28787  23.867  -53.694  39.148 0.0000000000
31481  25.202  -51.468  41.576 0.0000000000
31402  19.633  -51.606  47.082 0.0000000000
32695  19.309  -50.626  45.057 0.0000000000
31443  18.739  -50.769  45.750 0.0000000000
32708  17.906  -50.513  44.206 0.0000000000
31423  18.146  -51.055  46.516 0.0000000000
31280  31.815  -51.294  54.850 0.0000000000
31298  32.694  -50.698  54.262 0.0000000000
32584  33.338  -50.478  53.426 0.0000000000
31338  31.276  -51.753  52.602 0.0000000000
31365  29.425  -51.309  51.026 0.0000000000
30009  28.743  -52.297  51.222 0.0000000000
28723  26.551  -53.471  44.178 0.0000000000
27351  26.823  -54.413  42.114 0.0000000000
28757  25.925  -53.861  41.494 0.0000000000
27395  25.245  -54.462  39.883 0.0000000000
64668  48.292  -24.513  37.123 0.0000000000
63338  48.888  -25.581  35.825 0.0000000000
63339  48.048  -25.642  35.608 0.0000000000
65749  54.321  -23.425  49.264 0.0000000000
64450  53.551  -23.934  48.147 0.0000000000
64406  53.662  -23.606  49.369 0.0000000000
61882  46.996  -26.711  49.557 0.0000000000
61895  47.022  -26.468  48.299 0.0000000000
61905  46.866  -27.169  47.626 0.0000000000
59611  46.053  -28.701  44.511 0.0000000000
59592  46.586  -28.833  45.866 0.0000000000
51847  40.598  -35.596  44.782 0.0000000000
51845  42.755  -35.247  44.910 0.0000000000
52904  40.990  -34.884  44.428 0.0000000000
52953  41.512  -33.962  42.912 0.0000000000
52955  39.366  -34.407  42.985 0.0000000000
54058  37.580  -34.156  41.814 0.0000000000
52956  38.297  -34.837  42.940 0.0000000000
32714  28.624  -50.256  43.721 0.0000000000
33979  28.893  -49.545  43.152 0.0000000000
33992  29.838  -49.481  42.290 0.0000000000
70866  55.542  -19.666  38.745 0.0000000000
68286  56.483  -21.753  39.166 0.0000000000
25891  25.204  -55.388  48.314 0.0000000000
27293  24.495  -53.915  47.944 0.0000000000
27269  24.662  -55.031  49.112 0.0000000000
27240  22.769  -54.509  52.799 0.0000000000
27252  23.188  -54.036  51.875 0.0000000000
28624  22.316  -53.665  51.958 0.0000000000
28657  21.231  -52.798  50.456 0.0000000000
28611  20.967  -53.715  52.657 0.0000000000
25842  27.874  -55.397  53.308 0.0000000000
25860  27.844  -55.557  51.544 0.0000000000
24491  27.510  -56.518  52.172 0.0000000000
24502  25.601  -56.972  51.299 0.0000000000
23233  26.693  -57.496  50.231 0.0000000000
25881  25.840  -56.553  49.159 0.0000000000
25898  25.854  -55.436  47.667 0.0000000000
44302  43.149  -41.073  52.733 0.0000000000
46987  44.361  -39.294  53.117 0.0000000000
48231  44.986  -38.227  53.070 0.0000000000
49422  44.852  -37.558  51.815 0.0000000000
48255  44.198  -38.804  51.264 0.0000000000
45756  40.172  -40.016  48.734 0.0000000000
47066  41.782  -39.274  48.863 0.0000000000
47080  40.029  -38.884  47.891 0.0000000000
49490  40.643  -37.628  47.035 0.0000000000
48333  39.454  -38.167  46.817 0.0000000000
48348  38.136  -38.185  46.202 0.0000000000
47098  37.364  -39.324  46.532 0.0000000000
44408  34.689  -41.749  46.649 0.0000000000
44424  35.031  -41.084  46.124 0.0000000000
44425  34.295  -41.322  45.642 0.0000000000
44446  32.892  -41.272  44.654 0.0000000000
43072  32.820  -42.544  45.395 0.0000000000
34076  24.723  -50.294  37.278 0.0000000000
34074  25.957  -49.083  38.019 0.0000000000
34096  23.872  -49.178  35.837 0.0000000000
63268  58.752  -24.760  39.946 0.0000000000
65908  59.549  -23.996  39.212 0.0000000000
64640  58.186  -24.281  39.016 0.0000000000
65936  56.661  -23.606  37.284 0.0000000000
28849  22.946  -54.193  34.270 0.0000000000
27464  22.586  -54.513  34.435 0.0000000000
31455  23.084  -51.261  45.317 0.0000000000
33980  23.627  -49.797  43.115 0.0000000000
32718  22.552  -50.074  43.850 0.0000000000
34016  19.443  -49.244  41.098 0.0000000000
34052  20.724  -49.375  39.273 0.0000000000
33845  35.898  -48.744  52.973 0.0000000000
37619  37.202  -46.673  53.902 0.0000000000
35152  36.917  -47.843  52.631 0.0000000000
36405  37.755  -46.619  52.365 0.0000000000
36408  35.235  -47.498  51.296 0.0000000000
36417  34.355  -47.550  50.708 0.0000000000
33902  33.195  -48.729  50.888 0.0000000000
32652  28.533  -50.620  49.401 0.0000000000
33923  29.205  -49.662  49.242 0.0000000000
32671  27.879  -50.666  47.705 0.0000000000
32681  27.803  -50.575  46.761 0.0000000000
31417  28.010  -51.659  46.101 0.0000000000
25887  28.510  -56.032  48.610 0.0000000000
27279  27.899  -54.858  48.726 0.0000000000
27288  29.176  -55.441  47.102 0.0000000000
25985  27.647  -54.621  41.009 0.0000000000
27336  29.852  -54.567  43.621 0.0000000000
27379  28.184  -54.258  41.189 0.0000000000
30122  29.540  -53.111  42.275 0.0000000000
30162  27.110  -52.867  39.704 0.0000000000
31515  26.315  -52.061  39.175 0.0000000000
28797  25.813  -53.630  38.533 0.0000000000
27433  24.094  -54.210  36.351 0.0000000000
28821  24.431  -53.522  36.711 0.0000000000
27447  23.832  -53.903  35.777 0.0000000000
63315  51.692  -25.593  37.813 0.0000000000
62054  52.054  -25.975  36.884 0.0000000000
62055  51.119  -25.856  36.403 0.0000000000
60852  50.641  -27.776  34.699 0.0000000000
27198  18.637  -54.775  55.927 0.0000000000
28597  19.167  -53.928  53.547 0.0000000000
27216  17.908  -54.277  54.887 0.0000000000
28601  14.550  -52.896  53.546 0.0000000000
28616  15.400  -52.866  52.667 0.0000000000
28630  16.197  -52.812  51.873 0.0000000000
30016  15.754  -52.338  50.155 0.0000000000
30048  16.217  -52.026  48.474 0.0000000000
30031  15.546  -52.387  49.253 0.0000000000
68199  56.383  -21.281  43.250 0.0000000000
65847  57.109  -23.945  43.545 0.0000000000
63191  57.281  -25.614  43.211 0.0000000000
61975  56.471  -26.237  41.375 0.0000000000
61946  56.902  -26.249  42.968 0.0000000000
64523  55.070  -24.448  44.180 0.0000000000
61964  54.669  -25.889  42.429 0.0000000000
63211  54.032  -25.369  42.596 0.0000000000
61990  53.111  -25.753  41.088 0.0000000000
63212  53.363  -24.966  42.366 0.0000000000
65834  51.169  -23.426  44.375 0.0000000000
64562  50.941  -23.953  42.305 0.0000000000
64563  49.926  -23.768  42.741 0.0000000000
64596  49.511  -24.415  40.722 0.0000000000
64564  48.845  -24.039  42.651 0.0000000000
64409  50.585  -23.930  50.561 0.0000000000
64430  51.240  -24.066  49.511 0.0000000000
64431  50.336  -24.342  49.622 0.0000000000
63178  46.886  -25.974  45.162 0.0000000000
63162  48.410  -24.984  45.556 0.0000000000
63196  47.252  -24.917  43.367 0.0000000000
64583  47.013  -24.787  41.340 0.0000000000
63232  46.294  -25.310  41.147 0.0000000000
63277  45.418  -25.705  39.633 0.0000000000
63254  45.603  -25.869  40.757 0.0000000000
59660  44.241  -28.649  40.627 0.0000000000
60800  43.878  -27.559  39.327 0.0000000000
59681  42.759  -28.568  38.362 0.0000000000
58560  42.173  -29.641  38.202 0.0000000000
57294  47.849  -30.757  51.753 0.0000000000
51745  45.562  -35.789  50.513 0.0000000000
52805  45.923  -34.203  50.930 0.0000000000
51755  46.143  -34.985  49.085 0.0000000000
53978  44.568  -33.999  45.142 0.0000000000
53965  45.884  -33.341  46.611 0.0000000000
55065  46.036  -32.345  45.845 0.0000000000
56183  46.855  -31.240  46.684 0.0000000000
55080  45.552  -32.403  44.818 0.0000000000
56222  45.321  -31.444  43.449 0.0000000000
55089  44.876  -32.299  43.202 0.0000000000
55144  40.805  -32.242  40.549 0.0000000000
55143  41.657  -32.041  40.168 0.0000000000
56283  40.570  -31.637  39.312 0.0000000000
56316  39.590  -31.353  37.580 0.0000000000
56317  38.713  -31.764  37.787 0.0000000000
55177  37.480  -32.389  38.495 0.0000000000
53014  35.887  -34.166  39.970 0.0000000000
54091  35.549  -34.115  38.795 0.0000000000
49564  35.691  -37.832  43.257 0.0000000000
49582  35.973  -36.971  42.949 0.0000000000
48401  34.734  -38.204  42.790 0.0000000000
49605  32.885  -37.793  41.248 0.0000000000
37703  32.307  -46.295  48.580 0.0000000000
39003  33.017  -45.182  48.243 0.0000000000
37717  31.282  -46.178  47.552 0.0000000000
37775  28.497  -46.318  44.487 0.0000000000
39035  30.066  -45.582  45.488 0.0000000000
39056  29.019  -45.577  44.475 0.0000000000
41813  29.680  -44.043  44.016 0.0000000000
39088  28.305  -44.979  43.117 0.0000000000
36585  28.323  -47.552  37.651 0.0000000000
35305  30.225  -47.899  38.813 0.0000000000
36596  28.803  -46.995  36.803 0.0000000000
39149  29.863  -46.059  37.026 0.0000000000
40531  27.298  -44.367  39.545 0.0000000000
67070  61.088  -22.652  38.955 0.0000000000
68304  59.940  -21.639  38.794 0.0000000000
63323  53.673  -25.719  35.914 0.0000000000
24493  24.833  -56.448  52.490 0.0000000000
25861  24.551  -55.497  51.450 0.0000000000
24494  24.346  -56.227  53.126 0.0000000000
24487  23.528  -56.074  54.231 0.0000000000
24477  23.116  -56.013  54.708 0.0000000000
23204  25.684  -57.075  53.187 0.0000000000
40276  40.796  -44.356  53.572 0.0000000000
41644  41.745  -42.749  53.790 0.0000000000
41691  41.268  -43.359  52.563 0.0000000000
42943  41.643  -42.664  52.277 0.0000000000
44333  42.430  -40.925  51.519 0.0000000000
45723  42.703  -40.411  50.799 0.0000000000
44350  40.620  -41.136  49.988 0.0000000000
45743  39.565  -40.638  49.164 0.0000000000
45758  38.243  -40.411  48.102 0.0000000000
45774  37.173  -40.318  47.402 0.0000000000
44369  36.988  -41.508  48.443 0.0000000000
43029  35.682  -42.092  47.917 0.0000000000
41760  33.947  -43.213  47.222 0.0000000000
32838  23.122  -50.753  34.308 0.0000000000
34111  23.306  -49.870  33.931 0.0000000000
32875  23.376  -50.674  32.338 0.0000000000
63294  56.697  -25.054  39.119 0.0000000000
64641  57.023  -24.574  38.757 0.0000000000
64642  56.072  -24.608  38.332 0.0000000000
64656  55.639  -24.338  37.496 0.0000000000
26025  23.493  -54.861  37.386 0.0000000000
26051  22.304  -54.686  35.338 0.0000000000
26026  23.148  -54.649  37.383 0.0000000000
27420  23.343  -53.829  38.044 0.0000000000
30177  23.057  -51.885  38.027 0.0000000000
31440  21.477  -51.331  45.679 0.0000000000
32719  21.478  -50.002  43.811 0.0000000000
32694  20.232  -50.711  45.153 0.0000000000
32721  19.460  -49.837  43.585 0.0000000000
32733  16.814  -50.934  42.945 0.0000000000
33847  34.601  -49.654  53.356 0.0000000000
33866  33.757  -50.019  52.240 0.0000000000
33885  32.235  -49.838  51.288 0.0000000000
32636  31.126  -50.336  51.136 0.0000000000
32639  28.822  -50.924  50.005 0.0000000000
31388  27.749  -51.864  48.531 0.0000000000
25924  27.682  -56.053  45.443 0.0000000000
25936  28.800  -55.977  44.429 0.0000000000
25949  27.959  -55.286  43.403 0.0000000000
25962  27.144  -54.823  41.906 0.0000000000
26000  25.944  -54.538  39.353 0.0000000000
27408  25.585  -54.248  38.313 0.0000000000
26012  25.178  -54.860  38.281 0.0000000000
26024  24.237  -54.789  37.264 0.0000000000
63317  49.676  -24.962  37.627 0.0000000000
62066  50.485  -26.114  35.681 0.0000000000
63337  49.682  -25.581  35.977 0.0000000000
60844  49.170  -27.030  34.924 0.0000000000
28588  13.716  -53.295  54.339 0.0000000000
28617  14.311  -52.945  52.412 0.0000000000
30032  14.701  -52.743  49.045 0.0000000000
28645  13.992  -53.076  49.772 0.0000000000
65800  54.551  -23.621  46.305 0.0000000000
65832  53.093  -23.471  44.363 0.0000000000
64489  53.058  -23.644  46.341 0.0000000000
64490  51.848  -23.725  46.625 0.0000000000
64507  50.910  -23.682  45.459 0.0000000000
63103  49.176  -24.915  50.645 0.0000000000
63129  49.071  -24.799  48.878 0.0000000000
63116  48.396  -25.435  49.416 0.0000000000
61916  47.251  -26.437  46.408 0.0000000000
61935  46.322  -26.732  44.611 0.0000000000
61967  45.556  -26.674  42.533 0.0000000000
60751  45.919  -27.729  43.952 0.0000000000
59638  45.351  -28.661  42.556 0.0000000000
57434  45.184  -29.902  41.945 0.0000000000
50677  43.755  -36.311  47.269 0.0000000000
51790  44.527  -35.761  47.605 0.0000000000
51806  44.056  -35.354  46.310 0.0000000000
52881  43.664  -34.886  45.138 0.0000000000
52901  43.982  -34.235  43.896 0.0000000000
54025  43.405  -33.530  42.316 0.0000000000
52952  42.448  -33.899  42.764 0.0000000000
54055  40.796  -33.172  41.642 0.0000000000
54069  39.029  -32.825  40.756 0.0000000000
55161  37.411  -32.806  39.629 0.0000000000
54071  37.159  -33.509  40.573 0.0000000000
52993  36.822  -34.316  41.257 0.0000000000
52975  35.767  -34.921  40.880 0.0000000000
47158  33.575  -39.501  43.387 0.0000000000
48402  33.735  -38.466  42.493 0.0000000000
47177  32.292  -39.384  42.432 0.0000000000
47193  31.724  -38.842  41.690 0.0000000000
48431  30.556  -38.869  40.647 0.0000000000
35223  29.119  -48.092  47.110 0.0000000000
36483  29.464  -47.235  46.699 0.0000000000
35245  27.869  -48.350  45.074 0.0000000000
36513  27.976  -47.751  44.879 0.0000000000
36535  27.955  -47.305  42.363 0.0000000000
37881  27.824  -46.460  35.561 0.0000000000
39212  26.480  -45.254  33.875 0.0000000000
74254  57.322  -16.422  39.463 0.0000000000
73133  56.050  -17.570  38.790 0.0000000000
70888  56.187  -19.564  37.224 0.0000000000
28724  26.187  -53.229  45.125 0.0000000000
31464  25.590  -51.464  43.443 0.0000000000
30094  25.341  -52.735  45.646 0.0000000000
31437  24.049  -51.999  45.387 0.0000000000
30097  22.876  -51.973  45.855 0.0000000000
27261  23.631  -54.140  50.539 0.0000000000
28673  22.859  -53.002  49.055 0.0000000000
30062  21.675  -52.145  47.663 0.0000000000
30044  20.697  -52.287  48.572 0.0000000000
30045  19.339  -51.914  48.412 0.0000000000
28607  29.826  -53.271  53.307 0.0000000000
28623  28.125  -53.572  51.422 0.0000000000
27249  27.935  -54.474  51.318 0.0000000000
25871  28.055  -55.979  50.249 0.0000000000
23254  28.766  -57.285  48.223 0.0000000000
23210  27.264  -57.122  51.640 0.0000000000
23257  27.379  -57.348  48.342 0.0000000000
24539  27.780  -57.155  47.235 0.0000000000
25910  27.049  -55.795  46.299 0.0000000000
27303  26.405  -54.831  46.136 0.0000000000
63329  46.594  -25.131  35.987 0.0000000000
62070  46.974  -26.206  34.932 0.0000000000
62078  46.291  -26.581  34.694 0.0000000000
65707  52.948  -23.198  51.053 0.0000000000
63077  49.523  -24.348  52.368 0.0000000000
63079  48.380  -25.095  52.155 0.0000000000
63080  47.781  -25.690  51.846 0.0000000000
60691  47.187  -27.677  50.363 0.0000000000
50624  45.102  -36.651  51.118 0.0000000000
50645  44.464  -37.014  48.876 0.0000000000
47050  42.726  -39.458  49.618 0.0000000000
48296  43.205  -38.274  48.992 0.0000000000
49486  43.871  -37.093  47.889 0.0000000000
49509  42.575  -36.825  46.931 0.0000000000
50718  40.600  -36.604  45.830 0.0000000000
50736  40.052  -36.091  45.288 0.0000000000
51860  38.327  -35.615  43.934 0.0000000000
49546  37.984  -36.873  45.212 0.0000000000
48364  36.599  -38.402  44.817 0.0000000000
48365  36.046  -38.685  44.386 0.0000000000
45793  36.157  -40.317  46.447 0.0000000000
47117  35.705  -39.740  45.356 0.0000000000
47137  34.483  -39.746  44.273 0.0000000000
45834  33.264  -40.476  44.166 0.0000000000
44466  31.770  -41.206  43.654 0.0000000000
44468  30.557  -42.167  43.175 0.0000000000
32776  28.715  -50.145  40.116 0.0000000000
34033  30.393  -49.547  40.615 0.0000000000
35309  27.046  -48.764  38.598 0.0000000000
36587  26.470  -47.975  37.433 0.0000000000
36608  25.471  -47.457  35.952 0.0000000000
35351  23.511  -48.986  34.409 0.0000000000
36621  24.338  -47.500  34.041 0.0000000000
67016  58.531  -22.786  40.285 0.0000000000
67046  58.083  -22.334  39.632 0.0000000000
65906  60.433  -23.382  39.658 0.0000000000
65923  60.701  -23.279  39.165 0.0000000000
67072  60.250  -22.998  38.297 0.0000000000
65926  57.966  -23.835  38.331 0.0000000000
65934  58.817  -23.296  37.933 0.0000000000
32729  24.676  -50.297  42.505 0.0000000000
34034  24.286  -49.830  41.011 0.0000000000
32793  22.798  -50.580  38.494 0.0000000000
33997  21.911  -49.104  42.273 0.0000000000
34051  21.830  -49.277  39.250 0.0000000000
37616  39.806  -45.170  54.017 0.0000000000
38911  39.206  -45.794  53.008 0.0000000000
38940  38.242  -45.585  52.001 0.0000000000
38958  36.653  -45.023  50.991 0.0000000000
40330  35.444  -45.102  50.369 0.0000000000
38960  35.073  -45.847  50.408 0.0000000000
36430  33.235  -47.232  49.807 0.0000000000
36433  31.240  -47.780  49.235 0.0000000000
33921  30.924  -48.879  49.762 0.0000000000
35191  29.871  -48.941  49.091 0.0000000000
35208  29.467  -48.556  48.298 0.0000000000
33959  27.903  -49.558  46.522 0.0000000000
32700  28.496  -50.712  44.510 0.0000000000
32712  30.671  -50.727  42.951 0.0000000000
30024  27.746  -52.846  49.950 0.0000000000
30041  27.563  -52.907  49.004 0.0000000000
30077  27.819  -53.017  46.990 0.0000000000
25922  29.774  -55.006  45.325 0.0000000000
28696  29.479  -53.957  45.838 0.0000000000
30076  28.172  -52.656  46.256 0.0000000000
30104  29.967  -52.856  44.173 0.0000000000
30129  29.819  -52.087  41.937 0.0000000000
31493  29.103  -51.149  40.930 0.0000000000
32777  27.470  -50.933  39.791 0.0000000000
32792  25.394  -50.909  38.415 0.0000000000
32804  24.536  -50.942  36.985 0.0000000000
28807  24.876  -53.552  37.422 0.0000000000
30199  23.993  -52.739  36.393 0.0000000000
31547  23.507  -51.846  35.323 0.0000000000
30225  22.930  -52.300  34.235 0.0000000000
62039  52.868  -26.209  37.897 0.0000000000
62038  53.755  -26.215  37.608 0.0000000000
62053  53.057  -26.283  36.754 0.0000000000
60842  51.079  -26.940  35.100 0.0000000000
60851  51.597  -27.761  34.814 0.0000000000
60855  47.813  -27.645  34.682 0.0000000000
25778  23.335  -55.239  58.129 0.0000000000
24439  22.819  -55.761  56.885 0.0000000000
24465  22.008  -55.777  56.117 0.0000000000
24454  21.138  -55.694  57.130 0.0000000000
25837  21.078  -55.137  55.347 0.0000000000
28612  19.878  -53.754  53.042 0.0000000000
28627  19.329  -53.045  52.206 0.0000000000
30028  18.590  -52.278  49.548 0.0000000000
27217  16.970  -54.008  55.313 0.0000000000
28614  17.621  -53.108  52.991 0.0000000000
30014  17.780  -52.464  50.408 0.0000000000
31390  17.898  -51.719  48.057 0.0000000000
31391  16.989  -51.807  47.893 0.0000000000
69555  55.852  -20.516  41.613 0.0000000000
66998  57.182  -22.987  40.901 0.0000000000
65873  59.337  -24.284  41.028 0.0000000000
63245  58.885  -24.919  40.410 0.0000000000
66967  56.722  -22.532  44.077 0.0000000000
65860  58.192  -24.658  42.130 0.0000000000
63246  57.899  -25.381  40.599 0.0000000000
63247  56.872  -25.882  40.715 0.0000000000
61987  55.678  -26.280  40.482 0.0000000000
62003  54.647  -26.325  39.606 0.0000000000
61963  55.310  -26.179  42.385 0.0000000000
61977  54.587  -26.304  41.740 0.0000000000
62004  53.772  -26.333  39.882 0.0000000000
62005  52.845  -26.264  40.094 0.0000000000
63273  51.908  -25.801  39.692 0.0000000000
63299  51.169  -25.494  38.761 0.0000000000
64561  51.862  -24.150  42.253 0.0000000000
64594  50.993  -24.590  41.058 0.0000000000
63300  49.966  -24.960  38.897 0.0000000000
64644  48.315  -24.500  38.912 0.0000000000
64645  47.518  -24.501  38.682 0.0000000000
64429  52.241  -23.871  49.263 0.0000000000
64452  51.498  -23.951  48.618 0.0000000000
64508  49.595  -24.343  45.779 0.0000000000
63144  48.834  -24.919  47.602 0.0000000000
63161  48.955  -24.702  45.784 0.0000000000
64527  48.863  -24.579  44.736 0.0000000000
64582  47.809  -24.457  41.434 0.0000000000
64622  47.601  -24.551  39.594 0.0000000000
64661  46.764  -24.530  37.404 0.0000000000
63318  45.470  -25.082  37.679 0.0000000000
63319  44.545  -25.600  37.404 0.0000000000
61993  44.693  -27.070  40.174 0.0000000000
62027  43.654  -27.018  38.334 0.0000000000
59532  47.247  -28.511  51.155 0.0000000000
59549  47.024  -28.928  50.010 0.0000000000
53929  47.231  -32.932  50.109 0.0000000000
52851  45.836  -34.379  47.505 0.0000000000
53950  46.925  -33.224  48.050 0.0000000000
55033  47.539  -32.344  49.107 0.0000000000
56170  47.152  -31.424  47.898 0.0000000000
57347  47.133  -30.569  47.557 0.0000000000
59582  46.753  -29.375  47.118 0.0000000000
57389  46.166  -30.334  44.550 0.0000000000
57421  45.055  -30.567  42.116 0.0000000000
57436  44.078  -30.795  41.382 0.0000000000
54052  43.280  -32.800  41.490 0.0000000000
55141  42.984  -31.653  40.344 0.0000000000
57460  42.781  -30.660  39.344 0.0000000000
56314  40.909  -30.645  37.530 0.0000000000
55178  36.563  -32.911  38.653 0.0000000000
54128  35.652  -33.887  37.082 0.0000000000
51862  36.909  -35.945  43.176 0.0000000000
50789  35.713  -36.406  41.983 0.0000000000
51895  35.032  -35.817  40.850 0.0000000000
49585  33.692  -37.881  41.917 0.0000000000
50791  34.300  -36.652  41.115 0.0000000000
40372  34.216  -44.622  48.860 0.0000000000
41744  33.802  -44.162  48.338 0.0000000000
40402  32.842  -44.299  47.163 0.0000000000
37736  30.355  -46.276  46.497 0.0000000000
39033  31.347  -45.114  46.174 0.0000000000
41799  32.141  -43.495  45.591 0.0000000000
41811  31.235  -43.547  44.866 0.0000000000
41830  30.140  -43.317  43.572 0.0000000000
43122  28.794  -42.890  41.939 0.0000000000
35291  30.439  -48.700  40.392 0.0000000000
36542  29.409  -47.882  40.901 0.0000000000
37812  28.320  -47.058  41.099 0.0000000000
37866  29.927  -46.456  36.839 0.0000000000
37851  29.544  -46.432  38.541 0.0000000000
37826  27.810  -46.062  40.550 0.0000000000
39121  27.466  -45.179  40.239 0.0000000000
41866  27.742  -43.419  41.141 0.0000000000
68306  57.793  -21.632  38.520 0.0000000000
68323  58.287  -21.254  37.963 0.0000000000
70886  58.109  -19.866  37.008 0.0000000000
62051  54.167  -25.940  36.832 0.0000000000
40327  37.958  -43.915  50.867 0.0000000000
42979  38.223  -42.675  50.133 0.0000000000
41709  37.490  -43.284  50.214 0.0000000000
41724  36.991  -42.845  49.762 0.0000000000
30133  25.844  -52.805  41.613 0.0000000000
30151  25.109  -52.727  40.834 0.0000000000
31480  25.548  -52.002  41.726 0.0000000000
31422  19.212  -51.313  46.508 0.0000000000
29969  31.347  -52.040  53.432 0.0000000000
31279  32.366  -50.817  54.637 0.0000000000
29968  31.903  -51.652  53.230 0.0000000000
29993  30.560  -52.056  52.449 0.0000000000
31354  30.823  -51.674  52.127 0.0000000000
29995  29.264  -52.554  51.854 0.0000000000
30115  26.335  -52.926  43.388 0.0000000000
28733  26.714  -53.685  42.851 0.0000000000
30123  26.434  -53.130  42.363 0.0000000000
28775  25.203  -53.637  40.603 0.0000000000
64669  47.513  -24.574  36.811 0.0000000000
63327  48.242  -24.975  36.285 0.0000000000
65726  53.784  -23.384  49.993 0.0000000000
61883  46.729  -27.192  48.830 0.0000000000
60718  46.673  -27.831  47.938 0.0000000000
60724  46.659  -27.896  47.222 0.0000000000
59575  46.735  -28.495  47.735 0.0000000000
52905  39.987  -35.108  44.314 0.0000000000
52929  40.204  -34.556  43.749 0.0000000000
52930  39.124  -35.005  43.750 0.0000000000
52931  38.437  -35.196  43.484 0.0000000000
33977  30.631  -50.461  42.511 0.0000000000
33978  30.190  -50.221  42.743 0.0000000000
34009  30.843  -49.892  41.762 0.0000000000
69575  55.649  -20.498  40.603 0.0000000000
69591  55.498  -20.543  39.590 0.0000000000
68287  55.732  -21.443  39.463 0.0000000000
28609  22.346  -53.951  52.458 0.0000000000
28610  21.911  -53.814  52.525 0.0000000000
28625  21.304  -53.406  51.875 0.0000000000
27241  21.701  -54.155  53.161 0.0000000000
27192  28.847  -53.819  55.283 0.0000000000
25851  27.690  -55.876  52.667 0.0000000000
24483  27.676  -56.061  53.450 0.0000000000
24514  25.463  -56.601  50.798 0.0000000000
24513  25.876  -56.954  50.152 0.0000000000
25872  25.662  -56.249  49.681 0.0000000000
25882  25.346  -55.899  49.107 0.0000000000
45695  43.526  -40.247  52.532 0.0000000000
45694  43.893  -40.018  52.951 0.0000000000
47004  44.235  -39.420  52.503 0.0000000000
46986  44.636  -38.578  53.293 0.0000000000
47020  44.842  -38.948  52.144 0.0000000000
47022  43.614  -39.654  51.408 0.0000000000
47068  39.726  -39.491  48.238 0.0000000000
47081  39.316  -39.146  47.652 0.0000000000
48315  39.764  -38.520  47.381 0.0000000000
48316  39.070  -38.731  47.178 0.0000000000
47097  38.065  -38.988  46.695 0.0000000000
47082  38.344  -39.394  47.288 0.0000000000
43049  34.065  -42.550  46.701 0.0000000000
43070  34.130  -42.005  46.257 0.0000000000
43071  33.547  -42.446  46.009 0.0000000000
41798  32.919  -42.993  45.864 0.0000000000
34085  24.343  -49.738  36.567 0.0000000000
34097  23.396  -49.933  35.342 0.0000000000
64618  58.520  -24.568  39.579 0.0000000000
27463  23.043  -54.189  34.629 0.0000000000
27449  22.800  -54.457  35.247 0.0000000000
32703  22.895  -50.770  44.805 0.0000000000
34053  19.671  -49.812  39.236 0.0000000000
33864  35.394  -48.845  52.530 0.0000000000
35137  36.386  -48.300  52.797 0.0000000000
35138  35.967  -48.404  52.527 0.0000000000
35153  36.451  -47.959  52.328 0.0000000000
35155  34.801  -48.256  51.551 0.0000000000
35170  34.366  -48.175  51.044 0.0000000000
35156  34.189  -48.619  51.372 0.0000000000
32662  28.056  -50.783  48.617 0.0000000000
33924  28.402  -50.125  49.004 0.0000000000
32672  27.689  -51.296  47.562 0.0000000000
31400  27.667  -51.365  47.037 0.0000000000
24538  28.739  -56.397  47.907 0.0000000000
25896  28.722  -55.645  47.699 0.0000000000
24570  29.263  -56.410  46.254 0.0000000000
27380  27.588  -54.075  40.470 0.0000000000
28773  28.111  -53.469  40.903 0.0000000000
28785  26.795  -53.578  39.524 0.0000000000
30163  26.536  -52.899  39.330 0.0000000000
28796  26.253  -53.605  39.067 0.0000000000
27434  23.655  -54.383  36.228 0.0000000000
63324  51.183  -25.559  37.075 0.0000000000
25815  18.507  -54.979  56.964 0.0000000000
28631  15.169  -52.786  51.634 0.0000000000
30000  15.979  -52.593  50.988 0.0000000000
69527  57.311  -19.906  43.717 0.0000000000
70796  58.008  -19.256  43.713 0.0000000000
65828  56.696  -23.527  44.651 0.0000000000
64539  56.950  -24.874  43.524 0.0000000000
63192  56.502  -25.509  43.531 0.0000000000
64524  54.684  -24.188  44.161 0.0000000000
63195  54.654  -25.106  43.119 0.0000000000
64543  54.402  -24.551  43.503 0.0000000000
64559  53.572  -24.555  42.843 0.0000000000
64525  50.580  -23.604  44.591 0.0000000000
65852  50.190  -23.605  43.456 0.0000000000
64544  49.742  -23.737  43.561 0.0000000000
64580  49.611  -24.162  41.708 0.0000000000
64545  49.208  -24.049  43.643 0.0000000000
64410  49.834  -24.495  50.269 0.0000000000
63197  46.651  -25.704  43.987 0.0000000000
63214  46.421  -25.398  42.515 0.0000000000
63233  45.716  -25.901  41.820 0.0000000000
59671  43.568  -28.626  39.565 0.0000000000
58558  43.193  -29.374  39.226 0.0000000000
58559  42.681  -29.231  38.524 0.0000000000
57464  42.980  -29.848  38.974 0.0000000000
57311  47.940  -31.074  51.619 0.0000000000
50644  44.962  -36.572  49.165 0.0000000000
51756  45.611  -35.752  49.576 0.0000000000
51772  44.777  -35.955  48.229 0.0000000000
53991  44.548  -33.844  44.468 0.0000000000
53977  45.174  -33.494  45.315 0.0000000000
55088  45.273  -32.319  43.919 0.0000000000
54002  44.958  -32.860  43.576 0.0000000000
55159  39.242  -32.073  39.792 0.0000000000
56270  40.198  -31.927  40.299 0.0000000000
56285  39.113  -31.974  39.456 0.0000000000
56297  39.690  -31.608  38.605 0.0000000000
56298  38.968  -31.812  38.897 0.0000000000
55176  38.233  -32.011  38.290 0.0000000000
51923  35.020  -35.046  40.015 0.0000000000
53015  35.333  -34.561  39.351 0.0000000000
51924  34.603  -35.433  39.362 0.0000000000
48400  35.328  -38.094  43.148 0.0000000000
36465  31.152  -46.896  48.203 0.0000000000
37704  31.557  -46.572  48.321 0.0000000000
36466  30.560  -47.076  47.767 0.0000000000
36524  27.787  -46.678  43.000 0.0000000000
37783  28.064  -46.191  43.503 0.0000000000
39072  28.628  -45.351  43.773 0.0000000000
37784  27.839  -46.066  42.818 0.0000000000
36597  27.582  -47.018  36.562 0.0000000000
67071  60.765  -22.860  38.638 0.0000000000
67090  61.257  -22.207  38.250 0.0000000000
23205  25.203  -56.806  53.296 0.0000000000
24475  24.784  -56.672  54.225 0.0000000000
24450  23.960  -56.441  55.972 0.0000000000
24476  23.879  -56.439  54.599 0.0000000000
24474  25.609  -56.712  54.214 0.0000000000
23195  25.432  -56.796  53.746 0.0000000000
23213  25.373  -56.923  52.857 0.0000000000
38923  40.579  -44.243  52.823 0.0000000000
38908  40.915  -44.107  52.964 0.0000000000
40291  40.734  -43.971  52.609 0.0000000000
42960  40.388  -42.706  51.369 0.0000000000
41693  40.854  -43.276  51.903 0.0000000000
42959  41.540  -42.302  51.673 0.0000000000
44318  42.221  -41.543  51.675 0.0000000000
42976  41.325  -41.734  51.047 0.0000000000
44334  41.855  -41.215  51.143 0.0000000000
44335  41.148  -41.336  50.495 0.0000000000
42996  38.560  -41.952  49.809 0.0000000000
44351  39.802  -41.320  49.831 0.0000000000
44352  38.935  -41.300  49.343 0.0000000000
45744  38.869  -40.732  48.783 0.0000000000
44367  38.397  -41.090  48.791 0.0000000000
45759  37.569  -40.765  48.074 0.0000000000
44368  37.664  -41.318  48.629 0.0000000000
41741  35.896  -42.910  48.967 0.0000000000
43014  35.511  -42.691  48.449 0.0000000000
43030  34.842  -42.608  47.579 0.0000000000
31571  22.948  -51.416  33.664 0.0000000000
32855  23.127  -50.685  33.290 0.0000000000
63295  56.053  -25.298  38.942 0.0000000000
63313  54.826  -25.218  37.676 0.0000000000
63312  55.484  -24.924  38.228 0.0000000000
26014  23.572  -54.985  38.146 0.0000000000
30165  23.750  -52.735  39.196 0.0000000000
28798  23.496  -53.455  38.613 0.0000000000
28809  22.990  -53.356  37.680 0.0000000000
31509  23.675  -51.761  39.074 0.0000000000
31441  20.622  -51.189  45.762 0.0000000000
32693  21.142  -50.822  45.188 0.0000000000
32707  18.857  -50.249  44.262 0.0000000000
34000  18.855  -49.475  42.020 0.0000000000
32731  17.955  -49.904  41.893 0.0000000000
31456  17.106  -50.924  44.103 0.0000000000
32723  17.296  -50.645  43.433 0.0000000000
31467  16.555  -51.305  43.520 0.0000000000
35098  34.337  -48.117  55.596 0.0000000000
33832  34.409  -49.439  54.075 0.0000000000
32583  33.985  -50.139  53.048 0.0000000000
32600  33.893  -50.088  52.612 0.0000000000
32620  32.757  -50.332  51.879 0.0000000000
32621  31.669  -50.797  51.727 0.0000000000
31366  28.722  -51.600  50.626 0.0000000000
32623  29.975  -50.981  51.055 0.0000000000
31377  28.364  -51.416  49.784 0.0000000000
31378  27.912  -52.049  49.419 0.0000000000
25937  27.866  -55.730  44.426 0.0000000000
27325  27.482  -55.184  43.985 0.0000000000
27364  26.259  -54.356  41.386 0.0000000000
27350  27.203  -54.768  42.568 0.0000000000
25973  26.659  -54.662  41.137 0.0000000000
25972  27.367  -54.810  41.410 0.0000000000
25987  26.074  -54.702  40.170 0.0000000000
26013  24.287  -55.179  38.226 0.0000000000
62068  48.631  -26.371  35.331 0.0000000000
62067  49.479  -26.263  35.437 0.0000000000
60853  49.677  -27.833  34.652 0.0000000000
60854  48.767  -27.889  34.716 0.0000000000
28602  13.525  -53.196  53.293 0.0000000000
28632  14.113  -53.045  51.084 0.0000000000
64488  53.854  -23.560  46.495 0.0000000000
64473  54.019  -23.532  47.173 0.0000000000
64474  52.779  -23.797  47.439 0.0000000000
64475  51.656  -23.824  47.681 0.0000000000
63104  48.393  -25.373  50.341 0.0000000000
61904  47.223  -26.531  47.265 0.0000000000
63146  47.443  -25.996  47.627 0.0000000000
61928  47.208  -26.335  45.930 0.0000000000
61929  46.728  -26.786  45.800 0.0000000000
60763  45.763  -27.248  43.402 0.0000000000
58482  45.792  -29.270  44.178 0.0000000000
59612  45.644  -28.711  43.898 0.0000000000
58497  45.632  -29.380  43.618 0.0000000000
58530  45.311  -29.440  42.197 0.0000000000
58517  45.570  -29.518  42.927 0.0000000000
51808  42.860  -36.016  46.168 0.0000000000
50695  43.563  -35.904  46.631 0.0000000000
51807  43.280  -35.728  46.149 0.0000000000
52903  42.092  -34.812  44.381 0.0000000000
51844  43.178  -35.106  44.879 0.0000000000
52902  43.240  -34.737  44.489 0.0000000000
52926  43.296  -34.108  43.185 0.0000000000
54028  40.604  -33.606  42.236 0.0000000000
54056  39.594  -33.173  41.365 0.0000000000
54070  38.424  -33.117  40.811 0.0000000000
54057  38.441  -33.569  41.568 0.0000000000
52957  37.527  -34.824  42.356 0.0000000000
52974  36.294  -34.928  41.323 0.0000000000
47159  32.760  -39.848  43.234 0.0000000000
47176  33.115  -38.973  42.631 0.0000000000
48420  30.785  -38.984  41.318 0.0000000000
48419  31.240  -38.665  41.242 0.0000000000
47207  30.119  -39.323  40.579 0.0000000000
35234  28.344  -48.363  46.272 0.0000000000
35253  27.924  -48.370  44.016 0.0000000000
35261  28.253  -48.344  42.883 0.0000000000
35268  28.718  -48.265  41.977 0.0000000000
72006  55.833  -18.584  38.878 0.0000000000
70889  55.571  -19.868  37.966 0.0000000000
72022  55.717  -18.786  37.780 0.0000000000
69620  56.690  -20.530  37.466 0.0000000000
28699  26.007  -53.908  46.178 0.0000000000
30107  25.657  -52.462  44.991 0.0000000000
28700  25.332  -53.606  46.472 0.0000000000
28702  24.099  -53.317  47.214 0.0000000000
30078  24.289  -53.003  46.536 0.0000000000
30079  23.720  -52.894  46.860 0.0000000000
30096  23.450  -52.328  45.953 0.0000000000
30060  23.487  -52.941  47.462 0.0000000000
25862  24.217  -55.315  52.068 0.0000000000
27250  24.134  -54.769  51.000 0.0000000000
27251  23.856  -54.690  51.685 0.0000000000
28640  22.754  -53.552  50.852 0.0000000000
28639  23.158  -53.510  50.232 0.0000000000
28655  22.711  -53.197  49.866 0.0000000000
30042  22.755  -52.777  48.494 0.0000000000
30043  21.978  -52.650  48.754 0.0000000000
30025  21.764  -52.774  49.474 0.0000000000
30011  20.782  -52.680  50.409 0.0000000000
30026  21.024  -52.641  49.696 0.0000000000
30027  19.787  -52.387  49.552 0.0000000000
27225  29.322  -54.097  53.964 0.0000000000
28582  30.142  -52.998  55.013 0.0000000000
28594  29.760  -53.651  54.011 0.0000000000
28606  30.327  -53.096  53.647 0.0000000000
28608  29.089  -53.642  52.964 0.0000000000
27248  28.125  -54.309  52.001 0.0000000000
24501  27.765  -56.628  51.142 0.0000000000
24511  28.304  -56.678  49.734 0.0000000000
25870  28.291  -56.226  49.682 0.0000000000
23241  28.327  -57.162  49.470 0.0000000000
23202  27.023  -57.083  52.621 0.0000000000
23221  26.973  -57.511  51.013 0.0000000000
24520  26.703  -57.300  48.829 0.0000000000
23243  27.233  -57.540  49.283 0.0000000000
23270  28.011  -57.370  47.664 0.0000000000
24540  27.249  -56.767  47.382 0.0000000000
24556  27.295  -56.409  46.737 0.0000000000
25897  26.629  -56.068  47.335 0.0000000000
27291  25.812  -54.769  47.207 0.0000000000
27290  26.426  -55.333  46.991 0.0000000000
28714  26.580  -53.952  45.343 0.0000000000
63341  46.219  -25.647  35.215 0.0000000000
63092  49.116  -24.782  51.595 0.0000000000
63067  47.746  -25.567  52.653 0.0000000000
61864  47.336  -26.464  51.651 0.0000000000
42919  42.131  -42.497  53.449 0.0000000000
48271  44.545  -38.124  50.822 0.0000000000
49436  44.837  -37.509  50.829 0.0000000000
49453  44.926  -37.313  49.975 0.0000000000
49454  44.247  -37.542  49.526 0.0000000000
45740  42.419  -40.080  50.077 0.0000000000
47036  42.975  -39.805  50.223 0.0000000000
47051  42.187  -39.532  49.243 0.0000000000
48298  41.673  -38.550  48.326 0.0000000000
48297  42.540  -38.448  48.609 0.0000000000
49472  43.352  -37.710  48.338 0.0000000000
49473  42.750  -37.800  47.932 0.0000000000
49487  43.215  -37.099  47.385 0.0000000000
49488  42.218  -37.456  47.477 0.0000000000
49512  40.110  -37.363  46.452 0.0000000000
50699  40.790  -36.938  46.292 0.0000000000
49530  39.931  -36.914  46.023 0.0000000000
50719  39.642  -36.669  45.678 0.0000000000
50737  38.789  -36.368  45.211 0.0000000000
50720  39.013  -36.901  45.684 0.0000000000
48349  37.526  -38.374  45.881 0.0000000000
48363  37.163  -38.124  45.263 0.0000000000
48350  36.934  -38.616  45.486 0.0000000000
47135  36.159  -38.981  44.797 0.0000000000
45775  36.454  -40.673  47.248 0.0000000000
45792  36.817  -39.891  46.691 0.0000000000
45815  34.606  -40.725  45.353 0.0000000000
45814  35.199  -40.397  45.484 0.0000000000
45832  34.854  -39.960  44.834 0.0000000000
47138  33.922  -40.054  44.169 0.0000000000
44447  32.113  -41.679  44.126 0.0000000000
44467  31.156  -41.685  43.440 0.0000000000
32790  26.835  -50.203  39.162 0.0000000000
34049  28.164  -49.761  39.627 0.0000000000
34063  26.344  -49.572  38.559 0.0000000000
35329  24.790  -48.727  36.674 0.0000000000
35321  25.837  -48.766  37.661 0.0000000000
36598  26.274  -47.664  36.837 0.0000000000
36599  25.589  -47.944  36.575 0.0000000000
34128  23.327  -49.859  32.922 0.0000000000
35370  23.358  -49.082  33.334 0.0000000000
35369  23.772  -48.275  33.674 0.0000000000
36640  24.171  -47.674  33.021 0.0000000000
65885  60.007  -23.628  40.170 0.0000000000
67015  59.419  -22.971  40.306 0.0000000000
65907  60.076  -23.841  39.441 0.0000000000
65924  60.114  -23.553  38.790 0.0000000000
65933  59.606  -23.267  38.295 0.0000000000
65927  57.134  -23.852  38.008 0.0000000000
65935  57.792  -23.309  37.471 0.0000000000
26067  21.883  -55.007  34.336 0.0000000000
31465  25.127  -51.228  44.058 0.0000000000
32728  25.182  -50.888  42.743 0.0000000000
32716  24.879  -50.771  43.512 0.0000000000
34012  23.684  -49.402  41.657 0.0000000000
34035  23.566  -49.469  40.402 0.0000000000
32763  23.736  -50.024  39.629 0.0000000000
34050  23.024  -49.620  39.210 0.0000000000
33983  21.157  -49.484  43.044 0.0000000000
33998  20.833  -49.183  42.106 0.0000000000
34037  21.142  -48.783  40.147 0.0000000000
34066  21.338  -49.873  38.492 0.0000000000
38867  36.294  -45.667  55.924 0.0000000000
37583  36.763  -45.931  55.301 0.0000000000
36368  37.591  -46.888  53.399 0.0000000000
37618  38.230  -46.277  53.931 0.0000000000
37617  39.104  -45.629  54.027 0.0000000000
37635  38.932  -45.985  53.389 0.0000000000
38910  39.676  -45.209  53.318 0.0000000000
37649  38.763  -46.095  52.865 0.0000000000
37666  36.721  -46.590  51.674 0.0000000000
37665  37.597  -46.371  52.035 0.0000000000
38941  37.138  -45.625  51.449 0.0000000000
38942  36.534  -46.061  51.351 0.0000000000
38959  36.073  -45.639  50.917 0.0000000000
37680  35.404  -46.568  50.974 0.0000000000
36419  33.097  -47.773  50.109 0.0000000000
36418  33.434  -47.538  50.176 0.0000000000
36432  31.956  -47.626  49.519 0.0000000000
33904  31.260  -49.417  50.545 0.0000000000
33938  28.962  -49.347  48.468 0.0000000000
35224  28.563  -48.898  47.302 0.0000000000
31436  28.390  -51.505  45.205 0.0000000000
32690  27.886  -50.599  45.712 0.0000000000
32699  29.251  -51.258  44.186 0.0000000000
28638  27.696  -53.678  50.641 0.0000000000
28671  27.713  -54.057  48.512 0.0000000000
28684  28.044  -53.655  47.562 0.0000000000
30059  27.696  -52.894  48.013 0.0000000000
25935  29.586  -55.551  44.843 0.0000000000
25947  29.380  -55.334  44.008 0.0000000000
27335  30.235  -54.309  44.148 0.0000000000
27323  29.941  -54.595  44.691 0.0000000000
28711  29.959  -54.122  44.892 0.0000000000
28713  29.226  -53.530  45.621 0.0000000000
28712  29.630  -53.578  45.048 0.0000000000
30093  28.798  -52.731  45.266 0.0000000000
30103  30.265  -53.054  43.754 0.0000000000
30131  28.473  -52.709  41.298 0.0000000000
30121  30.035  -52.538  42.452 0.0000000000
31477  30.204  -51.542  41.972 0.0000000000
31494  28.474  -51.788  40.956 0.0000000000
32760  28.570  -50.923  40.540 0.0000000000
32761  28.039  -51.386  40.426 0.0000000000
31516  25.731  -51.954  38.697 0.0000000000
32803  24.815  -50.912  37.749 0.0000000000
31528  24.654  -51.883  37.436 0.0000000000
27418  25.146  -54.266  37.780 0.0000000000
28806  25.392  -53.611  37.979 0.0000000000
28834  23.938  -53.418  36.077 0.0000000000
31539  23.687  -51.969  36.180 0.0000000000
30200  23.752  -52.495  36.159 0.0000000000
30224  23.275  -52.672  34.798 0.0000000000
62064  52.445  -26.492  35.908 0.0000000000
59725  52.185  -28.520  34.562 0.0000000000
62077  47.168  -26.883  34.710 0.0000000000
62069  47.778  -26.487  35.060 0.0000000000
25777  23.955  -55.059  57.794 0.0000000000
25797  22.592  -55.656  57.657 0.0000000000
24440  22.094  -55.734  57.179 0.0000000000
24452  22.357  -55.871  56.438 0.0000000000
25826  20.568  -55.092  55.770 0.0000000000
27213  20.638  -54.685  54.824 0.0000000000
27229  20.738  -54.347  53.958 0.0000000000
27230  19.857  -54.178  53.882 0.0000000000
28613  18.728  -53.407  52.968 0.0000000000
28644  18.967  -52.760  51.542 0.0000000000
30013  18.927  -52.632  50.669 0.0000000000
29997  18.543  -52.708  51.395 0.0000000000
28575  15.746  -53.686  55.552 0.0000000000
27218  16.269  -53.810  55.598 0.0000000000
27200  16.756  -54.130  56.187 0.0000000000
28585  17.252  -53.883  54.508 0.0000000000
28599  16.852  -53.466  53.792 0.0000000000
29999  16.973  -52.622  51.149 0.0000000000
30029  17.510  -52.139  49.537 0.0000000000
30047  17.221  -51.924  48.702 0.0000000000
31392  16.286  -51.836  47.718 0.0000000000
70821  56.599  -19.418  41.734 0.0000000000
66999  56.434  -22.391  41.136 0.0000000000
66987  56.043  -22.268  42.057 0.0000000000
66977  56.319  -22.152  43.117 0.0000000000
66986  57.047  -23.022  41.840 0.0000000000
65874  58.767  -24.161  41.498 0.0000000000
63225  59.169  -24.867  40.796 0.0000000000
64575  59.115  -24.717  41.189 0.0000000000
69512  57.262  -20.330  44.292 0.0000000000
64558  57.649  -24.912  42.823 0.0000000000
64557  58.086  -25.160  42.223 0.0000000000
63208  58.102  -25.362  41.837 0.0000000000
63226  58.594  -25.247  41.194 0.0000000000
61986  56.331  -26.176  40.767 0.0000000000
61947  55.952  -26.088  43.061 0.0000000000
63193  55.734  -25.288  43.517 0.0000000000
61978  53.916  -25.945  41.960 0.0000000000
61988  54.620  -26.521  40.742 0.0000000000
61991  52.540  -25.541  40.840 0.0000000000
62006  52.439  -25.780  40.495 0.0000000000
65817  52.520  -23.406  45.112 0.0000000000
65849  52.669  -23.538  43.536 0.0000000000
65863  52.285  -23.709  42.799 0.0000000000
64579  50.542  -24.212  41.691 0.0000000000
63251  50.690  -24.836  40.514 0.0000000000
63274  50.906  -25.265  39.781 0.0000000000
63275  50.058  -24.828  40.039 0.0000000000
64597  48.554  -24.427  40.627 0.0000000000
64643  49.012  -24.565  39.131 0.0000000000
64659  48.282  -24.395  38.034 0.0000000000
64407  52.955  -23.687  49.879 0.0000000000
64408  51.863  -23.752  50.199 0.0000000000
64453  50.598  -24.242  48.813 0.0000000000
64476  50.592  -23.917  47.926 0.0000000000
64491  50.693  -23.933  46.803 0.0000000000
63176  48.232  -24.785  44.901 0.0000000000
64546  48.214  -24.488  43.750 0.0000000000
64565  47.839  -24.451  42.506 0.0000000000
64599  46.894  -24.775  40.347 0.0000000000
64623  46.808  -24.752  39.390 0.0000000000
64646  46.587  -24.660  38.461 0.0000000000
64647  46.124  -24.712  37.843 0.0000000000
63301  46.189  -24.964  38.760 0.0000000000
63303  44.967  -25.794  38.697 0.0000000000
62056  44.016  -25.785  36.890 0.0000000000
62041  43.902  -26.144  37.386 0.0000000000
60774  45.172  -27.681  42.094 0.0000000000
61980  45.305  -26.731  41.423 0.0000000000
60791  44.761  -27.278  40.442 0.0000000000
60814  43.345  -27.580  38.512 0.0000000000
60813  43.782  -27.197  38.633 0.0000000000
60822  42.846  -27.543  37.719 0.0000000000
60831  42.854  -27.003  36.840 0.0000000000
58373  47.441  -29.062  51.649 0.0000000000
52812  46.259  -34.178  50.444 0.0000000000
53910  46.486  -33.398  51.182 0.0000000000
53920  46.853  -33.532  50.293 0.0000000000
53919  47.190  -32.992  50.860 0.0000000000
53930  47.080  -33.441  49.638 0.0000000000
51789  44.906  -35.075  47.047 0.0000000000
53964  46.502  -32.747  47.269 0.0000000000
53951  46.322  -33.509  47.478 0.0000000000
53949  47.395  -32.940  48.719 0.0000000000
55040  47.318  -32.315  48.344 0.0000000000
56159  47.434  -31.576  48.823 0.0000000000
56193  46.487  -31.284  45.897 0.0000000000
56182  47.179  -31.081  47.173 0.0000000000
57363  46.994  -30.525  46.766 0.0000000000
58444  46.902  -29.854  47.183 0.0000000000
57376  46.840  -30.296  46.236 0.0000000000
58470  46.877  -29.962  45.979 0.0000000000
57377  46.623  -30.437  45.654 0.0000000000
56223  44.932  -31.583  42.821 0.0000000000
56240  45.241  -31.021  42.827 0.0000000000
56241  44.898  -31.041  42.271 0.0000000000
56252  44.295  -31.296  41.742 0.0000000000
55158  42.012  -31.819  39.805 0.0000000000
55142  42.518  -31.803  40.161 0.0000000000
55157  42.166  -31.617  39.671 0.0000000000
56267  42.766  -31.426  40.108 0.0000000000
56281  42.459  -31.164  39.369 0.0000000000
56294  42.133  -30.711  38.597 0.0000000000
56295  41.399  -30.903  38.232 0.0000000000
55162  36.707  -33.094  39.340 0.0000000000
53026  35.118  -34.501  38.386 0.0000000000
54109  35.535  -33.804  38.156 0.0000000000
53040  35.150  -34.701  37.390 0.0000000000
50754  37.593  -36.420  44.139 0.0000000000
51861  37.522  -35.867  43.509 0.0000000000
50755  36.951  -36.518  43.561 0.0000000000
49583  35.409  -37.343  42.580 0.0000000000
50773  35.926  -36.683  42.571 0.0000000000
50790  35.018  -36.368  41.363 0.0000000000
48417  33.161  -38.056  41.733 0.0000000000
49622  32.656  -37.594  40.653 0.0000000000
49604  33.597  -37.337  41.249 0.0000000000
50808  33.838  -36.549  40.438 0.0000000000
38979  34.996  -45.229  50.112 0.0000000000
40352  35.153  -44.542  49.601 0.0000000000
40353  34.450  -44.980  49.436 0.0000000000
39004  32.397  -45.310  47.878 0.0000000000
40373  33.438  -44.672  48.312 0.0000000000
40389  32.902  -44.685  47.761 0.0000000000
41761  33.398  -43.938  47.715 0.0000000000
36499  29.101  -47.028  46.075 0.0000000000
37737  29.568  -46.720  46.195 0.0000000000
39054  30.358  -45.066  45.341 0.0000000000
39034  30.727  -45.355  45.839 0.0000000000
40420  30.834  -44.732  45.428 0.0000000000
40419  31.432  -44.514  45.749 0.0000000000
40435  31.075  -44.234  45.303 0.0000000000
40476  29.131  -44.191  43.216 0.0000000000
41831  29.650  -43.747  43.551 0.0000000000
41849  29.290  -43.605  42.874 0.0000000000
43107  29.887  -43.081  43.173 0.0000000000
41850  28.825  -43.511  42.305 0.0000000000
34060  29.233  -48.776  39.196 0.0000000000
34046  30.518  -49.048  40.228 0.0000000000
35298  30.119  -48.353  39.219 0.0000000000
36567  30.167  -47.579  39.141 0.0000000000
36555  30.316  -47.951  39.984 0.0000000000
36568  30.086  -47.555  39.740 0.0000000000
36557  29.219  -47.535  40.698 0.0000000000
37824  29.541  -47.264  40.065 0.0000000000
39175  28.241  -45.792  35.104 0.0000000000
37868  29.105  -46.596  36.187 0.0000000000
37879  29.660  -46.139  35.791 0.0000000000
39139  29.313  -45.778  37.915 0.0000000000
39138  29.930  -46.269  37.768 0.0000000000
37841  28.884  -46.302  39.257 0.0000000000
39120  28.105  -45.833  39.818 0.0000000000
39104  27.626  -45.385  41.284 0.0000000000
41923  27.410  -43.582  38.648 0.0000000000
40516  27.272  -44.181  40.659 0.0000000000
43143  27.880  -42.812  40.730 0.0000000000
76589  57.649  -14.532  38.417 0.0000000000
67044  59.944  -22.553  39.782 0.0000000000
67074  58.167  -22.063  39.012 0.0000000000
68283  59.615  -22.133  39.274 0.0000000000
68322  59.353  -21.271  38.102 0.0000000000
69619  57.680  -20.586  37.411 0.0000000000
24449  24.733  -56.359  55.625 0.0000000000
40310  39.531  -44.455  52.060 0.0000000000
40309  40.409  -43.867  52.248 0.0000000000
41695  39.166  -43.793  51.500 0.0000000000
41707  39.387  -43.191  51.163 0.0000000000
42961  39.787  -42.919  51.220 0.0000000000
42978  39.479  -42.335  50.574 0.0000000000
42997  37.504  -42.279  49.504 0.0000000000
43012  37.125  -41.789  48.871 0.0000000000
42998  36.790  -42.640  49.443 0.0000000000
41742  35.375  -43.525  48.924 0.0000000000
27397  24.048  -54.451  39.007 0.0000000000
28786  24.343  -53.860  39.529 0.0000000000
30164  24.326  -52.928  39.914 0.0000000000
31496  24.727  -51.697  40.521 0.0000000000
31442  19.736  -50.974  45.827 0.0000000000
32696  18.452  -50.584  44.924 0.0000000000
31444  17.500  -50.846  45.293 0.0000000000
32535  33.398  -49.585  55.200 0.0000000000
33825  34.134  -49.067  54.916 0.0000000000
32567  33.268  -50.390  54.103 0.0000000000
31336  32.370  -51.299  52.930 0.0000000000
31353  31.494  -51.404  52.254 0.0000000000
32603  31.825  -51.182  52.237 0.0000000000
31355  29.908  -51.609  51.605 0.0000000000
31356  29.200  -51.861  51.269 0.0000000000
27326  27.039  -54.603  44.243 0.0000000000
27338  27.026  -54.334  43.203 0.0000000000
28745  26.486  -53.851  41.925 0.0000000000
27365  25.759  -54.312  40.929 0.0000000000
25988  25.678  -54.554  40.206 0.0000000000
27381  25.396  -54.190  40.479 0.0000000000
27382  25.064  -54.100  40.114 0.0000000000
64667  48.906  -24.626  37.528 0.0000000000
28603  12.666  -53.554  53.079 0.0000000000
65768  54.719  -23.558  48.664 0.0000000000
64427  54.005  -23.674  48.723 0.0000000000
64428  53.167  -23.807  48.965 0.0000000000
63117  47.573  -25.846  49.011 0.0000000000
60744  46.346  -27.956  45.181 0.0000000000
60734  46.600  -27.915  46.299 0.0000000000
59604  46.417  -28.946  45.117 0.0000000000
51829  42.045  -35.843  45.472 0.0000000000
51828  42.580  -35.712  45.632 0.0000000000
51846  41.723  -35.579  45.051 0.0000000000
52928  41.300  -34.405  43.685 0.0000000000
52954  40.437  -34.092  42.976 0.0000000000
54030  38.499  -34.115  42.380 0.0000000000
54031  37.960  -34.440  42.397 0.0000000000
33971  28.043  -49.516  44.213 0.0000000000
35266  29.999  -49.167  41.639 0.0000000000
71993  56.250  -18.697  39.561 0.0000000000
69604  55.592  -20.593  38.645 0.0000000000
68308  56.004  -21.269  38.500 0.0000000000
25899  25.229  -54.934  47.758 0.0000000000
27292  25.050  -54.106  47.465 0.0000000000
27280  24.677  -54.684  48.129 0.0000000000
27281  24.284  -54.051  48.561 0.0000000000
25854  23.365  -55.282  53.205 0.0000000000
27239  23.462  -54.638  52.312 0.0000000000
28656  21.903  -52.964  50.095 0.0000000000
28641  21.709  -53.147  51.053 0.0000000000
28642  20.747  -52.854  51.107 0.0000000000
27208  29.155  -54.051  54.394 0.0000000000
27226  28.736  -54.467  53.748 0.0000000000
25850  28.045  -55.102  52.354 0.0000000000
23222  26.192  -57.415  51.176 0.0000000000
24521  26.216  -57.046  49.248 0.0000000000
24529  26.347  -56.794  48.595 0.0000000000
25890  25.999  -56.057  48.326 0.0000000000
42941  42.772  -41.699  52.689 0.0000000000
44287  43.542  -40.510  53.095 0.0000000000
45682  43.767  -39.791  53.336 0.0000000000
49406  44.810  -37.728  53.308 0.0000000000
50609  44.774  -37.284  52.928 0.0000000000
48242  44.907  -38.322  52.396 0.0000000000
48254  44.605  -38.385  51.488 0.0000000000
48272  44.039  -38.612  50.659 0.0000000000
45755  41.089  -39.947  48.814 0.0000000000
47067  40.768  -39.078  48.387 0.0000000000
48299  41.178  -38.484  48.037 0.0000000000
49489  41.312  -37.530  47.282 0.0000000000
48314  40.675  -38.268  47.607 0.0000000000
48332  40.133  -37.993  47.046 0.0000000000
49513  39.025  -37.758  46.342 0.0000000000
49514  38.489  -37.973  46.245 0.0000000000
48335  37.927  -38.671  46.398 0.0000000000
44407  35.492  -41.156  46.766 0.0000000000
44445  33.600  -41.031  44.963 0.0000000000
44426  33.297  -41.749  45.284 0.0000000000
44427  32.696  -41.985  44.841 0.0000000000
43090  32.229  -42.575  44.854 0.0000000000
34075  25.293  -49.671  37.754 0.0000000000
34084  24.897  -49.101  37.102 0.0000000000
64617  59.309  -24.427  39.777 0.0000000000
64616  59.876  -24.141  39.989 0.0000000000
64639  58.921  -24.190  39.290 0.0000000000
26039  21.776  -54.617  35.991 0.0000000000
31454  23.734  -51.241  45.148 0.0000000000
32702  24.138  -50.854  44.344 0.0000000000
32717  23.797  -50.134  43.474 0.0000000000
33981  23.187  -49.675  43.152 0.0000000000
33996  22.974  -49.226  42.450 0.0000000000
33999  19.817  -49.255  42.017 0.0000000000
34015  20.435  -48.891  41.132 0.0000000000
34038  20.029  -49.102  40.142 0.0000000000
34067  20.436  -50.008  38.631 0.0000000000
35113  35.984  -48.047  53.585 0.0000000000
37620  36.498  -46.918  54.090 0.0000000000
36386  36.685  -47.763  53.414 0.0000000000
36385  37.101  -47.632  53.195 0.0000000000
36396  37.352  -47.424  52.788 0.0000000000
36395  37.926  -46.661  52.654 0.0000000000
36406  37.186  -47.166  52.283 0.0000000000
36407  36.228  -47.418  51.841 0.0000000000
37667  35.921  -46.864  51.490 0.0000000000
36416  34.894  -47.098  50.833 0.0000000000
36409  34.676  -47.886  51.114 0.0000000000
35171  33.749  -48.376  50.792 0.0000000000
35172  32.957  -48.248  50.316 0.0000000000
33906  29.458  -50.164  49.866 0.0000000000
33939  28.405  -49.873  48.393 0.0000000000
33949  28.147  -49.764  47.472 0.0000000000
27268  27.837  -54.946  49.431 0.0000000000
27278  28.303  -54.989  48.198 0.0000000000
27289  28.796  -54.769  47.288 0.0000000000
25960  28.627  -55.201  42.697 0.0000000000
25959  29.306  -55.221  43.262 0.0000000000
25971  28.190  -54.852  41.747 0.0000000000
27363  28.755  -54.272  41.780 0.0000000000
27362  29.261  -54.216  42.207 0.0000000000
28743  30.169  -53.256  43.034 0.0000000000
28756  28.634  -53.535  41.535 0.0000000000
28774  27.767  -53.340  40.360 0.0000000000
30149  27.601  -52.769  40.100 0.0000000000
31506  27.281  -52.134  39.982 0.0000000000
30174  26.034  -52.896  38.833 0.0000000000
30175  25.525  -52.864  38.312 0.0000000000
28835  23.555  -53.491  35.390 0.0000000000
28848  23.132  -53.721  34.420 0.0000000000
62040  52.261  -25.836  37.641 0.0000000000
62065  51.547  -26.379  35.852 0.0000000000
25814  19.581  -55.227  56.976 0.0000000000
27197  19.596  -54.730  55.494 0.0000000000
27214  19.684  -54.420  54.766 0.0000000000
27215  18.872  -54.347  54.968 0.0000000000
27232  18.429  -54.228  54.451 0.0000000000
28598  18.050  -53.904  53.930 0.0000000000
28587  14.807  -53.192  54.626 0.0000000000
28600  15.712  -53.073  53.743 0.0000000000
28615  16.491  -53.047  52.824 0.0000000000
30030  16.488  -52.123  49.421 0.0000000000
30065  15.749  -52.007  47.860 0.0000000000
68215  55.991  -21.457  42.538 0.0000000000
70797  57.261  -19.710  43.264 0.0000000000
66976  56.823  -23.062  42.887 0.0000000000
68181  56.809  -21.372  44.920 0.0000000000
63209  57.680  -25.770  42.488 0.0000000000
61974  57.061  -26.110  41.593 0.0000000000
61961  57.041  -26.188  42.093 0.0000000000
61962  56.202  -26.284  42.302 0.0000000000
64541  55.397  -25.042  43.566 0.0000000000
63194  54.926  -25.399  43.063 0.0000000000
61965  54.329  -25.708  42.431 0.0000000000
61979  53.431  -25.679  41.732 0.0000000000
63230  52.976  -25.213  41.704 0.0000000000
65850  51.739  -23.400  43.532 0.0000000000
65851  50.878  -23.483  43.519 0.0000000000
65865  50.544  -23.638  42.955 0.0000000000
64595  50.259  -24.412  40.981 0.0000000000
64581  48.675  -24.251  41.589 0.0000000000
64393  51.393  -23.502  51.287 0.0000000000
64477  49.790  -24.454  48.218 0.0000000000
63163  47.575  -25.825  45.860 0.0000000000
63155  48.264  -25.383  46.628 0.0000000000
63177  47.647  -25.153  44.652 0.0000000000
63213  47.125  -24.788  42.632 0.0000000000
63253  46.164  -25.210  40.083 0.0000000000
62007  45.029  -26.274  39.750 0.0000000000
60783  44.498  -28.165  40.763 0.0000000000
60792  44.514  -27.705  40.210 0.0000000000
59670  44.090  -28.323  39.984 0.0000000000
60801  43.385  -28.054  39.128 0.0000000000
59690  42.872  -28.105  38.265 0.0000000000
59700  42.212  -28.213  36.760 0.0000000000
58567  42.192  -29.077  37.863 0.0000000000
58568  41.678  -29.434  37.433 0.0000000000
58372  47.597  -29.797  52.075 0.0000000000
58387  47.695  -30.289  51.105 0.0000000000
52806  45.508  -34.656  51.351 0.0000000000
51735  45.796  -34.940  50.765 0.0000000000
51744  46.005  -34.963  50.012 0.0000000000
52879  44.722  -34.171  45.440 0.0000000000
52864  45.031  -34.446  46.141 0.0000000000
55051  46.302  -32.398  46.666 0.0000000000
55050  46.581  -31.904  47.064 0.0000000000
56194  46.084  -31.682  45.211 0.0000000000
56208  45.782  -31.419  44.416 0.0000000000
55104  44.481  -32.123  42.357 0.0000000000
55126  40.839  -32.706  41.130 0.0000000000
55125  41.731  -32.647  40.976 0.0000000000
56269  40.675  -31.701  40.078 0.0000000000
56296  40.550  -31.349  38.391 0.0000000000
56340  38.108  -31.748  37.010 0.0000000000
55201  36.708  -32.617  37.529 0.0000000000
54072  36.333  -33.865  40.144 0.0000000000
54090  36.145  -33.602  39.329 0.0000000000
49563  36.334  -37.416  43.589 0.0000000000
48418  32.172  -38.259  41.362 0.0000000000
37702  33.047  -46.058  48.799 0.0000000000
38994  33.512  -45.530  48.836 0.0000000000
37716  31.877  -45.708  47.918 0.0000000000
39005  31.848  -45.475  47.443 0.0000000000
37758  29.362  -46.341  45.490 0.0000000000
39071  29.258  -45.041  44.264 0.0000000000
40437  29.762  -44.480  44.362 0.0000000000
40458  28.761  -44.667  43.321 0.0000000000
40477  28.580  -44.323  42.700 0.0000000000
36577  28.660  -47.835  38.222 0.0000000000
35306  29.823  -48.213  38.678 0.0000000000
36576  29.230  -47.757  38.117 0.0000000000
36584  29.421  -47.366  37.440 0.0000000000
36583  30.125  -47.198  37.427 0.0000000000
39161  30.121  -45.845  36.229 0.0000000000
39140  28.597  -45.243  38.086 0.0000000000
39131  27.589  -45.133  39.498 0.0000000000
68282  60.376  -22.117  39.256 0.0000000000
62063  53.174  -26.427  35.541 0.0000000000
24503  25.167  -56.407  51.391 0.0000000000
25852  24.392  -55.700  52.221 0.0000000000
24486  23.981  -56.135  53.722 0.0000000000
25844  23.585  -55.634  53.382 0.0000000000
25845  23.105  -55.491  53.816 0.0000000000
25835  22.195  -55.367  54.597 0.0000000000
23203  26.299  -57.268  52.927 0.0000000000
23194  26.015  -57.012  53.653 0.0000000000
23212  25.719  -57.121  52.263 0.0000000000
24492  25.355  -56.769  51.897 0.0000000000
38896  40.970  -44.291  53.988 0.0000000000
40259  41.300  -43.699  53.922 0.0000000000
41660  41.569  -43.077  53.386 0.0000000000
42929  42.028  -42.583  52.906 0.0000000000
40308  40.970  -43.631  52.393 0.0000000000
41677  41.518  -42.903  52.541 0.0000000000
42942  42.254  -42.273  52.437 0.0000000000
44303  42.762  -41.563  52.493 0.0000000000
44317  42.687  -41.202  52.104 0.0000000000
45708  42.855  -40.569  51.512 0.0000000000
45722  43.265  -40.178  51.191 0.0000000000
45724  41.823  -40.593  50.357 0.0000000000
45725  41.186  -40.742  49.941 0.0000000000
44336  40.337  -41.606  50.383 0.0000000000
45742  40.591  -40.546  49.431 0.0000000000
45757  39.231  -40.154  48.540 0.0000000000
45773  37.862  -39.971  47.514 0.0000000000
44385  36.521  -41.220  47.850 0.0000000000
43028  36.122  -41.744  48.009 0.0000000000
44386  35.828  -41.461  47.533 0.0000000000
44387  35.275  -41.788  47.302 0.0000000000
41779  33.728  -43.046  46.703 0.0000000000
32825  23.262  -51.047  35.069 0.0000000000
31617  23.653  -51.602  31.752 0.0000000000
32899  23.950  -50.632  31.581 0.0000000000
63270  57.080  -25.235  39.682 0.0000000000
26037  23.285  -54.601  36.349 0.0000000000
26050  22.943  -54.531  35.634 0.0000000000
27409  23.550  -54.389  38.398 0.0000000000
26015  23.339  -54.701  37.773 0.0000000000
27435  22.545  -54.512  36.948 0.0000000000
27422  22.058  -53.872  36.974 0.0000000000
30189  22.677  -52.383  37.620 0.0000000000
32704  21.796  -50.505  44.571 0.0000000000
32705  20.807  -50.381  44.497 0.0000000000
32720  20.468  -49.915  43.736 0.0000000000
32706  19.842  -50.285  44.415 0.0000000000
33985  19.303  -49.596  42.737 0.0000000000
32732  17.315  -50.385  42.543 0.0000000000
35106  34.685  -48.453  54.692 0.0000000000
35115  34.775  -48.892  54.237 0.0000000000
35114  35.463  -48.249  53.952 0.0000000000
33846  35.366  -49.326  53.069 0.0000000000
33865  34.489  -49.658  52.519 0.0000000000
33884  33.501  -49.367  51.577 0.0000000000
33886  31.584  -50.104  51.175 0.0000000000
32637  30.420  -50.377  50.782 0.0000000000
32622  30.663  -50.973  51.400 0.0000000000
32638  29.456  -50.664  50.439 0.0000000000
31387  28.070  -51.311  49.166 0.0000000000
24572  28.179  -56.458  45.693 0.0000000000
24584  28.865  -56.342  45.172 0.0000000000
24585  28.252  -56.213  44.981 0.0000000000
27337  27.368  -54.929  43.290 0.0000000000
25961  27.687  -55.057  42.391 0.0000000000
25986  26.845  -54.556  40.376 0.0000000000
25999  26.535  -54.386  39.743 0.0000000000
27407  25.945  -54.155  38.865 0.0000000000
26011  25.662  -54.497  38.684 0.0000000000
26023  24.822  -54.623  37.656 0.0000000000
26001  25.167  -54.904  39.294 0.0000000000
26036  23.847  -54.563  36.572 0.0000000000
63325  50.299  -25.409  36.690 0.0000000000
28577  13.861  -53.433  55.342 0.0000000000
30017  14.839  -52.655  50.023 0.0000000000
28646  13.245  -53.516  50.384 0.0000000000
65815  54.411  -23.589  45.355 0.0000000000
65801  53.845  -23.624  45.995 0.0000000000
65816  53.411  -23.480  45.336 0.0000000000
64505  52.754  -23.549  45.662 0.0000000000
64506  52.109  -23.570  45.744 0.0000000000
65818  51.735  -23.444  45.036 0.0000000000
64411  49.443  -24.799  50.093 0.0000000000
63115  49.052  -25.031  49.829 0.0000000000
63130  48.272  -25.410  48.438 0.0000000000
63131  47.588  -25.753  48.189 0.0000000000
63156  47.677  -25.993  46.880 0.0000000000
63164  47.121  -26.233  45.699 0.0000000000
61950  45.953  -26.529  43.392 0.0000000000
60752  45.676  -28.245  43.543 0.0000000000
59650  45.029  -28.624  41.787 0.0000000000
59651  44.583  -28.662  41.217 0.0000000000
58541  44.435  -29.411  41.161 0.0000000000
57449  44.259  -29.891  41.047 0.0000000000
56105  47.937  -31.290  52.346 0.0000000000
51827  43.363  -35.241  45.350 0.0000000000
51826  43.832  -35.023  45.495 0.0000000000
52880  44.166  -34.544  45.265 0.0000000000
52925  43.831  -33.904  43.297 0.0000000000
54003  44.328  -33.328  43.184 0.0000000000
54004  43.701  -33.725  43.000 0.0000000000
52951  42.980  -33.837  42.572 0.0000000000
54026  42.529  -33.576  42.141 0.0000000000
54027  41.646  -33.556  42.226 0.0000000000
54054  41.731  -33.162  41.601 0.0000000000
55127  40.221  -32.813  41.219 0.0000000000
55145  39.643  -32.369  40.524 0.0000000000
55146  38.464  -32.670  40.280 0.0000000000
55147  37.838  -32.961  40.356 0.0000000000
52994  36.277  -34.347  40.621 0.0000000000
52995  35.574  -34.690  40.265 0.0000000000
51912  35.263  -35.265  40.630 0.0000000000
47157  34.764  -39.225  43.704 0.0000000000
48382  34.374  -38.782  43.180 0.0000000000
36482  30.140  -46.937  47.153 0.0000000000
35233  28.931  -47.812  46.615 0.0000000000
36484  28.833  -47.556  46.274 0.0000000000
36500  28.471  -47.440  45.557 0.0000000000
35246  27.879  -47.955  44.985 0.0000000000
36512  28.038  -47.423  44.733 0.0000000000
36523  27.833  -47.235  43.595 0.0000000000
37898  25.677  -46.264  34.561 0.0000000000
37882  26.941  -46.551  35.456 0.0000000000
37897  26.573  -46.133  34.892 0.0000000000
39176  27.655  -45.965  35.101 0.0000000000
39192  27.265  -45.412  34.597 0.0000000000
39211  26.900  -44.939  34.033 0.0000000000
39191  28.352  -45.194  34.664 0.0000000000
74263  56.935  -15.956  38.890 0.0000000000
72005  56.284  -18.086  39.302 0.0000000000
74265  55.864  -17.228  38.366 0.0000000000
73134  55.778  -17.828  38.170 0.0000000000
72021  55.968  -18.806  37.035 0.0000000000
70909  56.816  -19.309  36.789 0.0000000000
30106  26.193  -52.741  44.132 0.0000000000
30116  26.065  -52.161  43.895 0.0000000000
31452  25.496  -51.691  44.267 0.0000000000
31453  24.726  -51.542  44.734 0.0000000000
28701  24.587  -53.390  46.781 0.0000000000
30095  24.660  -52.671  46.007 0.0000000000
31439  22.456  -51.465  45.577 0.0000000000
27260  24.418  -54.860  50.306 0.0000000000
27270  24.037  -54.141  49.481 0.0000000000
27262  23.345  -54.108  51.225 0.0000000000
28654  23.368  -53.518  49.651 0.0000000000
28672  23.575  -53.521  48.795 0.0000000000
30061  22.964  -52.584  47.784 0.0000000000
30080  22.527  -52.107  46.565 0.0000000000
31419  21.743  -51.712  46.144 0.0000000000
30081  21.361  -51.798  46.802 0.0000000000
30082  20.750  -51.652  46.747 0.0000000000
30063  20.416  -51.775  47.436 0.0000000000
30064  19.556  -51.665  47.609 0.0000000000
29938  31.169  -51.924  54.851 0.0000000000
29970  30.811  -52.613  53.806 0.0000000000
29984  29.701  -52.872  52.609 0.0000000000
28622  28.651  -53.500  52.134 0.0000000000
25859  28.119  -54.906  51.793 0.0000000000
25880  28.243  -55.823  49.379 0.0000000000
24527  28.833  -56.827  48.366 0.0000000000
23281  29.020  -57.269  47.612 0.0000000000
24484  27.425  -56.470  53.204 0.0000000000
23220  27.621  -57.251  50.741 0.0000000000
23232  27.414  -57.475  50.121 0.0000000000
23231  27.931  -57.242  50.004 0.0000000000
23256  27.982  -57.516  48.502 0.0000000000
23283  28.123  -57.253  46.928 0.0000000000
24555  27.965  -56.871  46.568 0.0000000000
25909  27.644  -56.344  46.145 0.0000000000
25925  27.180  -55.453  45.313 0.0000000000
27315  26.907  -54.853  45.126 0.0000000000
63340  47.202  -25.659  35.432 0.0000000000
60856  46.818  -27.611  34.587 0.0000000000
64394  50.396  -23.741  51.485 0.0000000000
63101  50.008  -24.009  51.317 0.0000000000
63091  49.679  -24.310  51.874 0.0000000000
63093  48.409  -25.259  51.260 0.0000000000
63094  47.686  -25.804  50.947 0.0000000000
61873  47.254  -26.642  50.667 0.0000000000
60705  46.832  -27.857  49.350 0.0000000000
51736  45.271  -35.714  51.236 0.0000000000
50632  45.297  -36.651  50.193 0.0000000000
47035  43.473  -39.560  50.684 0.0000000000
48273  43.639  -39.070  50.266 0.0000000000
48283  43.581  -38.603  49.699 0.0000000000
47065  42.397  -39.083  49.160 0.0000000000
48284  42.891  -38.779  49.228 0.0000000000
49455  43.627  -37.823  49.088 0.0000000000
49471  44.031  -37.302  48.638 0.0000000000
50678  43.409  -36.615  47.101 0.0000000000
50696  43.186  -36.402  46.674 0.0000000000
50697  42.300  -36.330  46.207 0.0000000000
49510  41.789  -36.906  46.873 0.0000000000
50698  41.376  -36.674  46.232 0.0000000000
50717  41.623  -36.129  45.587 0.0000000000
50735  41.055  -36.030  45.234 0.0000000000
51848  39.538  -35.641  44.668 0.0000000000
51859  39.032  -35.427  44.227 0.0000000000
51849  38.762  -35.756  44.548 0.0000000000
50738  37.886  -36.539  44.835 0.0000000000
49532  38.271  -37.447  45.747 0.0000000000
49547  37.259  -37.368  44.745 0.0000000000
49548  36.567  -37.821  44.324 0.0000000000
48379  36.236  -38.158  44.147 0.0000000000
48380  35.697  -38.418  43.747 0.0000000000
47156  35.297  -38.964  43.789 0.0000000000
47083  37.679  -39.739  47.207 0.0000000000
47099  36.648  -39.675  46.332 0.0000000000
45813  35.855  -39.952  45.716 0.0000000000
47116  36.400  -39.333  45.577 0.0000000000
47136  35.458  -39.332  44.596 0.0000000000
45853  32.978  -40.098  43.547 0.0000000000
45835  32.590  -40.942  44.163 0.0000000000
45854  32.227  -40.518  43.460 0.0000000000
45855  31.554  -40.968  43.446 0.0000000000
32759  29.730  -50.301  40.867 0.0000000000
32758  30.679  -50.014  41.120 0.0000000000
32775  29.395  -49.716  40.099 0.0000000000
34061  28.401  -49.018  39.196 0.0000000000
35308  27.859  -48.562  38.731 0.0000000000
35320  26.497  -48.469  37.955 0.0000000000
35319  27.467  -48.096  38.166 0.0000000000
36586  27.077  -47.700  37.474 0.0000000000
36607  26.640  -47.115  35.925 0.0000000000
35337  23.686  -48.849  35.318 0.0000000000
35336  24.377  -48.366  35.920 0.0000000000
35350  23.940  -48.137  34.782 0.0000000000
36609  24.616  -47.385  35.097 0.0000000000
37884  25.234  -46.736  35.166 0.0000000000
37883  26.045  -46.608  35.400 0.0000000000
67018  56.690  -22.406  40.376 0.0000000000
67047  57.055  -22.227  39.713 0.0000000000
65905  60.769  -23.138  39.433 0.0000000000
65922  60.887  -23.085  39.229 0.0000000000
31471  25.609  -51.556  42.379 0.0000000000
31472  25.202  -51.003  42.282 0.0000000000
32741  24.709  -50.562  41.243 0.0000000000
33994  24.331  -49.881  42.378 0.0000000000
32762  24.416  -50.550  39.964 0.0000000000
32780  23.544  -50.751  39.190 0.0000000000
31517  23.206  -51.458  38.504 0.0000000000
31518  22.633  -51.370  37.943 0.0000000000
33982  22.209  -49.533  43.139 0.0000000000
34014  21.576  -48.817  41.224 0.0000000000
34036  22.384  -48.897  40.214 0.0000000000
34065  22.228  -49.862  38.526 0.0000000000
31529  21.916  -51.525  37.544 0.0000000000
30190  21.490  -52.488  37.141 0.0000000000
37600  37.476  -46.082  54.582 0.0000000000
38882  39.663  -44.637  54.525 0.0000000000
38881  40.225  -44.547  54.280 0.0000000000
38897  40.381  -44.651  53.838 0.0000000000
38925  39.129  -45.431  52.552 0.0000000000
37650  38.442  -46.117  52.620 0.0000000000
38926  38.454  -45.781  52.413 0.0000000000
38939  38.882  -45.056  52.022 0.0000000000
40312  37.804  -45.074  51.478 0.0000000000
40328  37.327  -44.487  50.888 0.0000000000
40329  36.213  -44.511  50.311 0.0000000000
38961  34.538  -46.087  50.184 0.0000000000
37681  34.590  -46.641  50.474 0.0000000000
37682  33.933  -46.937  50.189 0.0000000000
37692  33.317  -46.618  49.489 0.0000000000
37693  32.710  -46.846  49.287 0.0000000000
36447  31.611  -47.101  48.823 0.0000000000
36448  30.784  -47.583  48.557 0.0000000000
33903  32.520  -48.945  50.922 0.0000000000
35173  32.123  -48.612  50.329 0.0000000000
33922  30.310  -49.200  49.640 0.0000000000
35189  31.498  -48.420  49.777 0.0000000000
35190  30.536  -48.419  49.131 0.0000000000
35207  30.268  -48.112  48.510 0.0000000000
36449  30.149  -47.748  48.172 0.0000000000
32713  29.609  -50.785  43.597 0.0000000000
32727  30.667  -50.688  42.438 0.0000000000
29996  28.571  -52.919  51.479 0.0000000000
30010  28.120  -52.652  50.836 0.0000000000
28653  27.446  -53.868  49.672 0.0000000000
31401  27.578  -51.976  47.536 0.0000000000
24583  29.348  -56.176  45.545 0.0000000000
25923  29.672  -55.349  45.647 0.0000000000
27301  29.415  -54.697  46.463 0.0000000000
27324  29.821  -54.839  44.298 0.0000000000
27313  29.820  -54.733  45.175 0.0000000000
27302  28.927  -54.299  46.818 0.0000000000
28698  28.250  -53.644  46.989 0.0000000000
31418  27.687  -52.150  46.723 0.0000000000
30105  29.409  -52.465  44.493 0.0000000000
30114  30.269  -52.338  43.480 0.0000000000
31450  29.609  -51.829  44.026 0.0000000000
31462  30.669  -51.554  43.049 0.0000000000
32740  30.057  -50.957  41.597 0.0000000000
32739  30.573  -50.606  41.774 0.0000000000
32778  26.675  -51.490  39.441 0.0000000000
32791  26.220  -50.887  39.079 0.0000000000
32814  23.958  -50.979  36.450 0.0000000000
30186  25.017  -52.802  37.732 0.0000000000
30187  24.532  -52.747  37.092 0.0000000000
31538  24.250  -51.881  36.757 0.0000000000
32815  23.509  -51.021  35.789 0.0000000000
31558  23.080  -51.697  34.487 0.0000000000
31591  22.945  -52.085  32.965 0.0000000000
30243  22.872  -52.864  33.934 0.0000000000
30261  22.942  -52.625  32.995 0.0000000000
30285  23.439  -52.737  32.016 0.0000000000
60850  52.455  -27.686  34.855 0.0000000000
59729  48.251  -28.989  34.881 0.0000000000
27163  24.410  -55.015  57.488 0.0000000000
25811  23.563  -55.870  56.639 0.0000000000
25796  23.236  -55.556  57.326 0.0000000000
24451  23.110  -56.223  56.187 0.0000000000
24464  22.453  -55.967  55.547 0.0000000000
25824  21.907  -55.595  55.212 0.0000000000
24441  21.437  -55.708  57.414 0.0000000000
24453  21.555  -55.673  56.669 0.0000000000
25836  21.457  -55.248  55.016 0.0000000000
27212  21.429  -54.744  54.455 0.0000000000
27242  20.818  -54.076  53.336 0.0000000000
28626  20.313  -53.232  52.043 0.0000000000
28596  19.612  -53.958  53.462 0.0000000000
28643  19.727  -52.806  51.338 0.0000000000
27199  17.611  -54.446  55.962 0.0000000000
28584  17.716  -54.048  54.405 0.0000000000
28629  17.242  -52.857  52.020 0.0000000000
29998  17.961  -52.642  51.295 0.0000000000
30046  18.198  -51.945  48.753 0.0000000000
31404  17.586  -51.457  47.276 0.0000000000
31424  17.063  -51.230  46.413 0.0000000000
31405  16.654  -51.577  47.169 0.0000000000
30049  15.302  -52.321  48.381 0.0000000000
70822  56.106  -19.917  41.558 0.0000000000
68232  55.675  -21.239  41.213 0.0000000000
67000  55.800  -21.879  41.136 0.0000000000
65888  57.970  -23.158  40.674 0.0000000000
65887  58.757  -23.407  40.808 0.0000000000
65875  57.932  -23.504  41.372 0.0000000000
64592  59.493  -24.340  40.537 0.0000000000
64593  59.387  -24.526  40.273 0.0000000000
63269  58.153  -24.930  39.972 0.0000000000
68182  56.746  -21.216  44.004 0.0000000000
63271  56.229  -25.836  39.935 0.0000000000
63248  56.275  -26.083  40.478 0.0000000000
62002  55.430  -25.979  39.345 0.0000000000
64540  56.445  -24.819  43.858 0.0000000000
61948  55.190  -25.790  42.890 0.0000000000
62025  53.040  -26.240  39.056 0.0000000000
63297  52.533  -26.032  38.562 0.0000000000
63272  52.443  -26.079  39.202 0.0000000000
63298  52.018  -25.764  38.660 0.0000000000
65848  53.541  -23.918  43.545 0.0000000000
64560  52.794  -24.455  42.350 0.0000000000
63231  52.186  -24.891  41.443 0.0000000000
64578  51.533  -24.510  41.586 0.0000000000
64658  49.039  -24.618  38.336 0.0000000000
64620  49.254  -24.601  39.843 0.0000000000
64660  47.494  -24.370  37.734 0.0000000000
65727  53.169  -23.420  50.474 0.0000000000
64432  49.616  -24.632  49.616 0.0000000000
64454  49.902  -24.482  49.017 0.0000000000
63154  48.937  -24.771  46.412 0.0000000000
64566  47.198  -24.697  42.085 0.0000000000
64598  47.699  -24.526  40.509 0.0000000000
64671  46.272  -24.896  36.491 0.0000000000
64662  46.131  -24.718  37.044 0.0000000000
63302  45.834  -25.129  38.618 0.0000000000
61992  45.021  -26.645  40.353 0.0000000000
62008  44.660  -26.707  39.551 0.0000000000
62026  44.106  -26.585  38.390 0.0000000000
62042  43.388  -26.779  37.711 0.0000000000
60669  47.319  -27.169  52.527 0.0000000000
60680  47.240  -27.470  51.455 0.0000000000
59564  46.833  -28.818  48.583 0.0000000000
55013  47.343  -32.442  51.530 0.0000000000
55021  47.637  -31.920  51.498 0.0000000000
51771  45.404  -35.458  48.350 0.0000000000
51770  46.021  -34.889  48.541 0.0000000000
52834  46.362  -34.211  48.494 0.0000000000
52850  46.369  -33.828  47.896 0.0000000000
53940  47.046  -33.528  48.948 0.0000000000
53939  47.358  -32.952  49.372 0.0000000000
55027  47.436  -32.361  49.875 0.0000000000
56139  47.556  -31.884  50.376 0.0000000000
57323  47.481  -31.154  50.194 0.0000000000
57313  47.509  -30.735  50.316 0.0000000000
58410  47.463  -30.107  50.245 0.0000000000
56171  46.920  -31.528  47.307 0.0000000000
57335  47.202  -30.705  48.489 0.0000000000
58425  47.058  -29.905  49.157 0.0000000000
58436  47.139  -29.828  48.055 0.0000000000
59574  46.890  -29.214  47.578 0.0000000000
58458  46.747  -29.485  46.238 0.0000000000
58471  46.558  -29.647  45.439 0.0000000000
58496  45.903  -29.787  43.958 0.0000000000
57390  45.683  -30.776  43.821 0.0000000000
57402  45.779  -30.203  43.459 0.0000000000
57419  45.782  -29.965  43.022 0.0000000000
57420  45.395  -30.290  42.518 0.0000000000
57435  44.684  -30.315  41.641 0.0000000000
57450  43.805  -30.329  40.746 0.0000000000
54024  43.930  -32.843  41.978 0.0000000000
54051  43.594  -32.473  41.503 0.0000000000
55124  42.555  -32.452  40.858 0.0000000000
55123  43.298  -32.054  40.851 0.0000000000
56266  43.136  -31.139  40.251 0.0000000000
56280  42.841  -30.799  39.674 0.0000000000
57459  43.069  -30.236  39.649 0.0000000000
57465  42.617  -30.295  38.771 0.0000000000
57466  41.796  -30.178  38.173 0.0000000000
56315  40.396  -30.878  37.354 0.0000000000
54127  36.015  -33.228  37.704 0.0000000000
54108  36.014  -33.335  38.453 0.0000000000
51875  37.992  -35.361  43.353 0.0000000000
51876  37.411  -35.405  42.888 0.0000000000
51892  37.017  -35.326  42.278 0.0000000000
50772  36.363  -36.471  43.010 0.0000000000
50788  36.223  -36.217  42.386 0.0000000000
51893  36.404  -35.637  41.911 0.0000000000
51894  35.598  -35.583  41.337 0.0000000000
49584  34.302  -37.707  42.138 0.0000000000
49603  34.643  -37.037  41.729 0.0000000000
40351  35.910  -44.120  49.663 0.0000000000
41726  35.739  -43.913  49.397 0.0000000000
40371  34.808  -44.084  48.889 0.0000000000
41743  34.365  -43.587  48.287 0.0000000000
41780  33.092  -43.482  46.550 0.0000000000
37718  30.579  -46.603  47.236 0.0000000000
37735  31.071  -45.815  46.807 0.0000000000
39014  31.601  -45.297  46.799 0.0000000000
37757  30.120  -45.861  45.843 0.0000000000
39015  31.016  -45.539  46.423 0.0000000000
40403  32.283  -44.502  46.691 0.0000000000
41781  32.332  -43.927  46.265 0.0000000000
41810  31.809  -43.048  44.933 0.0000000000
43092  30.952  -42.944  44.213 0.0000000000
41812  30.296  -43.632  44.157 0.0000000000
43106  30.584  -42.736  43.539 0.0000000000
43120  30.164  -42.477  43.018 0.0000000000
43121  29.498  -42.669  42.468 0.0000000000
43141  29.027  -42.271  41.770 0.0000000000
34032  30.591  -49.471  40.962 0.0000000000
35267  29.510  -48.819  41.757 0.0000000000
35297  30.298  -48.354  39.643 0.0000000000
35292  30.213  -48.340  40.538 0.0000000000
35277  29.881  -48.440  41.065 0.0000000000
35278  29.258  -48.217  41.371 0.0000000000
36543  28.699  -47.556  41.288 0.0000000000
37798  28.049  -46.985  41.616 0.0000000000
37869  28.491  -46.682  36.110 0.0000000000
36595  29.567  -46.986  36.864 0.0000000000
37858  30.259  -46.716  37.619 0.0000000000
37850  30.200  -46.951  38.528 0.0000000000
37825  28.775  -46.964  40.346 0.0000000000
37813  27.899  -46.538  41.161 0.0000000000
37799  27.706  -46.299  42.072 0.0000000000
39089  27.884  -45.149  42.433 0.0000000000
40478  28.149  -44.458  42.236 0.0000000000
41865  28.297  -43.456  41.768 0.0000000000
43142  28.349  -42.562  41.270 0.0000000000
68307  56.839  -21.518  38.468 0.0000000000
68325  56.434  -21.112  37.925 0.0000000000
68305  58.898  -21.843  38.749 0.0000000000
68324  57.247  -21.199  37.861 0.0000000000
70887  57.119  -19.865  37.004 0.0000000000
70908  57.492  -19.159  36.668 0.0000000000
68302  61.289  -21.778  38.364 0.0000000000
63322  54.236  -25.436  36.632 0.0000000000
23196  25.056  -56.714  53.712 0.0000000000
23230  28.159  -57.036  49.917 0.0000000000
23242  27.968  -57.499  49.351 0.0000000000
23244  26.516  -57.348  49.548 0.0000000000
23255  28.587  -57.228  48.546 0.0000000000
23268  28.944  -57.255  47.980 0.0000000000
23269  28.570  -57.349  47.905 0.0000000000
23271  27.483  -57.140  47.734 0.0000000000
23282  28.677  -57.366  47.280 0.0000000000
24485  24.704  -56.574  53.462 0.0000000000
24519  28.630  -56.773  49.054 0.0000000000
24526  28.938  -57.151  48.174 0.0000000000
24528  26.922  -57.032  48.115 0.0000000000
24537  29.141  -56.957  47.811 0.0000000000
24553  29.188  -56.861  47.095 0.0000000000
24554  28.714  -57.038  46.671 0.0000000000
25812  21.094  -55.460  56.273 0.0000000000
25816  17.863  -54.968  57.371 0.0000000000
25825  21.552  -55.495  55.755 0.0000000000
25828  19.102  -54.999  56.558 0.0000000000
25843  27.681  -56.013  53.214 0.0000000000
25879  28.449  -56.328  49.315 0.0000000000
25888  28.125  -55.349  48.868 0.0000000000
25895  29.089  -56.239  47.351 0.0000000000
25908  29.394  -55.878  46.652 0.0000000000
25934  29.828  -55.040  45.087 0.0000000000
26003  23.812  -54.818  38.603 0.0000000000
27211  21.871  -54.760  54.204 0.0000000000
27228  21.464  -54.445  53.810 0.0000000000
27231  18.985  -54.221  54.204 0.0000000000
27243  20.300  -54.102  53.521 0.0000000000
27305  25.134  -53.812  46.893 0.0000000000
27314  29.711  -54.413  45.504 0.0000000000
27348  29.451  -54.593  42.754 0.0000000000
27349  28.885  -54.709  42.193 0.0000000000
27394  26.427  -54.123  39.370 0.0000000000
27396  24.686  -54.425  39.531 0.0000000000
27410  23.403  -54.671  38.018 0.0000000000
27421  22.880  -54.259  37.451 0.0000000000
28583  29.637  -53.473  54.767 0.0000000000
28595  29.337  -53.830  53.649 0.0000000000
28683  28.539  -54.063  47.126 0.0000000000
28685  24.396  -53.604  47.461 0.0000000000
28687  23.194  -53.026  48.379 0.0000000000
28697  28.767  -53.639  46.368 0.0000000000
28715  25.605  -53.214  45.776 0.0000000000
28716  25.047  -53.192  46.295 0.0000000000
28722  29.995  -53.623  44.589 0.0000000000
28731  30.278  -53.635  43.644 0.0000000000
28732  29.941  -53.936  43.147 0.0000000000
28744  29.682  -53.617  42.576 0.0000000000
28755  29.257  -53.624  41.980 0.0000000000
28758  25.531  -53.747  41.062 0.0000000000
28784  27.359  -53.510  39.941 0.0000000000
28808  23.339  -53.229  38.106 0.0000000000
28810  22.271  -53.323  37.224 0.0000000000
29937  31.677  -51.675  54.307 0.0000000000
29939  30.355  -52.483  55.376 0.0000000000
29954  31.805  -51.688  53.740 0.0000000000
29955  31.295  -52.132  54.097 0.0000000000
29981  31.950  -51.621  52.956 0.0000000000
29982  31.531  -51.833  52.976 0.0000000000
29985  29.180  -53.156  52.372 0.0000000000
29994  30.138  -52.147  52.293 0.0000000000
30092  29.468  -52.990  44.665 0.0000000000
30108  24.775  -52.120  45.322 0.0000000000
30113  30.420  -52.550  43.168 0.0000000000
30130  29.272  -52.676  41.824 0.0000000000
30132  26.236  -53.444  41.783 0.0000000000
30134  25.402  -52.258  41.436 0.0000000000
30148  27.984  -52.681  40.669 0.0000000000
30150  25.403  -53.266  41.023 0.0000000000
30176  23.365  -52.474  38.354 0.0000000000
30188  23.185  -52.857  37.872 0.0000000000
30201  21.095  -52.941  36.855 0.0000000000
30211  23.864  -52.989  36.108 0.0000000000
30244  22.855  -52.303  33.600 0.0000000000
30262  22.907  -52.221  33.203 0.0000000000
31281  31.360  -51.505  55.249 0.0000000000
31299  32.218  -51.224  54.119 0.0000000000
31316  32.735  -50.814  53.741 0.0000000000
31317  32.315  -51.310  53.465 0.0000000000
31335  32.780  -50.896  53.228 0.0000000000
31337  31.832  -51.465  52.639 0.0000000000
31389  18.567  -51.734  48.191 0.0000000000
31420  21.022  -51.530  46.270 0.0000000000
31438  23.263  -51.706  45.554 0.0000000000
31463  30.228  -51.684  43.507 0.0000000000
31470  30.553  -51.539  42.517 0.0000000000
31478  29.483  -51.573  41.462 0.0000000000
31479  28.882  -52.169  41.440 0.0000000000
31507  26.847  -52.084  39.616 0.0000000000
31559  22.842  -51.914  33.885 0.0000000000
31572  22.881  -51.921  33.323 0.0000000000
32550  33.709  -49.808  54.497 0.0000000000
32551  32.908  -50.234  54.803 0.0000000000
32566  33.900  -49.972  53.753 0.0000000000
32601  33.178  -50.480  52.643 0.0000000000
32619  33.365  -50.126  52.032 0.0000000000
32651  29.111  -50.416  49.765 0.0000000000
32691  22.445  -51.043  45.231 0.0000000000
32715  25.373  -51.095  43.027 0.0000000000
32724  16.893  -50.965  43.379 0.0000000000
32730  24.161  -49.957  42.931 0.0000000000
32738  30.794  -50.103  41.528 0.0000000000
32757  30.808  -49.792  41.095 0.0000000000
32779  23.987  -51.226  39.454 0.0000000000
33831  35.091  -49.095  53.651 0.0000000000
33863  35.926  -48.607  52.748 0.0000000000
33882  35.071  -48.531  52.065 0.0000000000
33990  30.701  -49.848  42.026 0.0000000000
33991  30.697  -49.994  42.201 0.0000000000
33995  23.900  -49.700  42.662 0.0000000000
34010  30.658  -49.612  41.504 0.0000000000
34011  24.365  -49.818  41.920 0.0000000000
34031  30.824  -49.821  41.432 0.0000000000
34047  29.963  -49.097  39.750 0.0000000000
34048  28.989  -49.393  39.678 0.0000000000
34062  27.394  -49.494  39.163 0.0000000000
35124  36.791  -48.159  53.220 0.0000000000
35125  36.343  -48.161  53.298 0.0000000000
35126  35.632  -48.727  53.342 0.0000000000
35136  36.911  -47.999  52.997 0.0000000000
35154  35.593  -48.143  52.046 0.0000000000
35254  27.876  -47.966  44.722 0.0000000000
35276  30.444  -48.946  41.039 0.0000000000
35316  30.208  -47.716  38.088 0.0000000000
35317  29.908  -47.725  37.887 0.0000000000
35318  28.210  -47.992  38.332 0.0000000000
35327  26.091  -48.243  37.407 0.0000000000
35328  25.487  -48.520  37.063 0.0000000000
35387  23.410  -49.274  32.681 0.0000000000
36346  34.579  -47.592  56.016 0.0000000000
36369  36.918  -47.327  53.523 0.0000000000
36370  36.215  -47.730  53.697 0.0000000000
36371  35.763  -47.735  54.055 0.0000000000
36383  38.318  -46.490  53.060 0.0000000000
36384  37.805  -46.979  53.023 0.0000000000
36394  38.354  -46.337  52.783 0.0000000000
36431  32.845  -47.472  49.765 0.0000000000
36446  32.296  -47.049  49.224 0.0000000000
36501  28.032  -47.776  45.115 0.0000000000
36556  29.815  -47.618  40.337 0.0000000000
36575  30.348  -47.353  38.244 0.0000000000
36594  29.908  -46.788  36.906 0.0000000000
37596  40.134  -44.749  54.183 0.0000000000
37597  39.928  -44.886  54.208 0.0000000000
37601  36.470  -46.647  54.615 0.0000000000
37615  40.138  -44.896  53.999 0.0000000000
37634  39.488  -45.439  53.729 0.0000000000
37664  38.086  -46.220  52.401 0.0000000000
37691  34.125  -46.301  49.937 0.0000000000
37774  29.164  -45.914  44.821 0.0000000000
37840  29.739  -47.142  39.432 0.0000000000
37852  28.889  -45.868  38.521 0.0000000000
37867  29.747  -46.458  36.486 0.0000000000
37878  30.039  -46.134  36.157 0.0000000000
37880  28.855  -46.219  35.603 0.0000000000
37896  27.259  -46.126  35.117 0.0000000000
38862  39.954  -44.066  54.726 0.0000000000
38880  40.803  -44.178  54.203 0.0000000000
38898  39.830  -45.127  53.750 0.0000000000
38909  40.518  -44.449  53.242 0.0000000000
38922  40.907  -43.985  52.782 0.0000000000
38924  39.951  -44.698  52.846 0.0000000000
38980  34.514  -45.527  49.820 0.0000000000
38993  34.115  -45.326  49.278 0.0000000000
38995  32.865  -45.676  48.458 0.0000000000
39055  29.664  -45.286  44.927 0.0000000000
39073  28.092  -45.543  43.156 0.0000000000
39173  29.930  -45.677  35.756 0.0000000000
40242  40.978  -43.467  54.378 0.0000000000
40243  40.495  -43.970  54.481 0.0000000000
40260  40.987  -44.258  53.765 0.0000000000
40275  41.173  -43.946  53.313 0.0000000000
40290  41.096  -43.747  52.731 0.0000000000
40292  40.186  -44.332  52.527 0.0000000000
40307  41.134  -43.525  52.498 0.0000000000
40390  32.491  -44.757  47.318 0.0000000000
40404  31.713  -44.736  46.309 0.0000000000
40418  31.941  -44.238  46.144 0.0000000000
40457  29.277  -44.521  43.764 0.0000000000
40497  27.842  -44.308  41.680 0.0000000000
40530  27.593  -44.729  39.037 0.0000000000
40543  27.492  -44.274  38.900 0.0000000000
40604  27.841  -44.897  34.412 0.0000000000
41643  42.005  -42.499  54.044 0.0000000000
41676  41.514  -43.146  52.848 0.0000000000
41692  41.272  -43.137  52.287 0.0000000000
41800  31.444  -43.937  45.422 0.0000000000
42918  42.427  -42.039  53.834 0.0000000000
42958  42.322  -41.941  51.900 0.0000000000
43091  31.599  -42.613  44.398 0.0000000000
43105  31.189  -42.417  43.890 0.0000000000
44273  43.347  -40.430  53.485 0.0000000000
44288  43.191  -40.998  53.184 0.0000000000
44301  43.543  -40.496  52.867 0.0000000000
44316  43.137  -40.732  52.340 0.0000000000
44384  37.188  -41.028  48.089 0.0000000000
45707  43.203  -40.295  51.880 0.0000000000
45794  35.445  -40.723  46.207 0.0000000000
46972  44.076  -38.852  53.743 0.0000000000
47003  44.836  -38.843  52.765 0.0000000000
47021  44.250  -39.182  51.690 0.0000000000
47034  43.830  -39.084  51.175 0.0000000000
47049  43.361  -39.377  50.043 0.0000000000
48313  41.572  -38.094  47.756 0.0000000000
48334  38.568  -38.501  46.634 0.0000000000
49414  44.924  -37.686  52.680 0.0000000000
49437  44.504  -37.897  50.315 0.0000000000
49511  41.020  -37.170  46.680 0.0000000000
49533  37.521  -37.815  45.430 0.0000000000
50662  44.448  -36.553  48.253 0.0000000000
50734  41.487  -35.892  45.275 0.0000000000
50753  38.215  -36.059  44.568 0.0000000000
51805  44.599  -34.955  46.371 0.0000000000
51877  36.675  -35.796  42.616 0.0000000000
52835  45.946  -34.763  48.222 0.0000000000
53909  47.053  -32.918  51.232 0.0000000000
54999  47.787  -31.664  52.253 0.0000000000
55012  47.777  -31.813  52.005 0.0000000000
55022  47.459  -32.311  50.768 0.0000000000
55064  46.494  -31.805  46.436 0.0000000000
56121  48.140  -31.040  52.184 0.0000000000
56122  47.923  -31.429  51.868 0.0000000000
56138  47.708  -31.500  51.188 0.0000000000
56149  47.567  -31.445  50.469 0.0000000000
56150  47.534  -31.687  49.735 0.0000000000
56253  43.714  -31.289  41.141 0.0000000000
56268  41.121  -31.621  39.780 0.0000000000
56284  39.733  -31.785  39.677 0.0000000000
57293  48.344  -30.939  51.733 0.0000000000
57312  47.735  -30.949  50.901 0.0000000000
57324  47.351  -30.863  49.551 0.0000000000
57364  46.778  -30.715  46.266 0.0000000000
57403  45.515  -30.727  43.191 0.0000000000
58409  47.619  -30.534  50.652 0.0000000000
58445  46.741  -29.523  46.781 0.0000000000
58457  46.848  -29.942  46.515 0.0000000000
58481  46.182  -29.467  44.628 0.0000000000
58531  44.932  -29.422  41.627 0.0000000000
58542  44.007  -29.448  40.667 0.0000000000
59565  46.688  -28.267  48.206 0.0000000000
59583  46.684  -28.870  46.868 0.0000000000
59622  45.527  -28.746  43.278 0.0000000000
59661  43.862  -28.898  40.216 0.0000000000
59680  43.107  -28.529  38.811 0.0000000000
59691  42.497  -28.391  37.741 0.0000000000
60764  45.589  -27.752  43.057 0.0000000000
61896  46.739  -27.277  48.251 0.0000000000
61949  54.809  -25.665  42.740 0.0000000000
61951  45.614  -27.021  43.144 0.0000000000
63090  49.903  -23.909  51.635 0.0000000000
63210  54.560  -25.605  42.639 0.0000000000
63215  45.803  -25.951  42.434 0.0000000000
63228  57.024  -26.046  41.308 0.0000000000
63229  53.600  -25.639  42.036 0.0000000000
63244  59.267  -24.701  40.529 0.0000000000
63249  52.664  -25.410  41.072 0.0000000000
64501  56.403  -23.991  44.857 0.0000000000
64509  48.947  -24.685  45.451 0.0000000000
64522  55.708  -24.542  44.366 0.0000000000
64542  55.075  -24.887  43.575 0.0000000000
64576  58.549  -24.924  41.713 0.0000000000
64577  52.293  -24.637  41.825 0.0000000000
64591  59.783  -23.928  40.338 0.0000000000
64670  46.796  -24.773  36.612 0.0000000000
65725  54.490  -23.019  49.689 0.0000000000
65787  54.685  -23.622  46.886 0.0000000000
65830  54.929  -23.880  44.658 0.0000000000
65835  50.485  -23.509  44.076 0.0000000000
65862  53.064  -23.902  42.897 0.0000000000
65864  51.359  -23.639  42.839 0.0000000000
65866  50.184  -23.637  43.028 0.0000000000
65886  59.496  -23.748  40.594 0.0000000000
66957  56.699  -22.510  45.315 0.0000000000
66968  56.514  -21.844  43.650 0.0000000000
66988  55.753  -21.734  41.593 0.0000000000
67014  60.121  -23.132  40.144 0.0000000000
67017  57.587  -22.640  40.275 0.0000000000
67019  55.896  -22.041  40.367 0.0000000000
67042  60.870  -22.896  39.345 0.0000000000
67045  59.096  -22.460  39.703 0.0000000000
67048  56.257  -22.062  39.795 0.0000000000
67073  58.689  -22.228  39.251 0.0000000000
68284  59.113  -22.216  39.224 0.0000000000
68285  57.387  -21.930  39.085 0.0000000000
69528  56.867  -20.426  43.475 0.0000000000
69554  56.133  -20.038  41.872 0.0000000000
70820  57.256  -18.965  41.955 0.0000000000
70838  56.033  -19.804  40.982 0.0000000000
73121  56.629  -17.271  39.341 0.0000000000
74255  56.702  -16.708  39.163 0.0000000000
