#!ascii label  , from subject  vox2ras=TkReg coords=orig
352
93683  19.989  -0.209  -12.745 0.8750000000
94774  18.885  1.026  -12.675 1.0000000000
93705  19.617  -0.188  -13.127 1.0000000000
94797  18.409  1.138  -13.078 1.0000000000
95868  18.577  1.068  -12.786 1.0000000000
94809  19.690  1.103  -13.580 1.0000000000
94796  18.959  0.994  -12.923 1.0000000000
94794  19.686  0.047  -13.399 1.0000000000
93706  19.087  -0.008  -13.249 1.0000000000
95901  19.404  1.723  -13.728 1.0000000000
95889  18.806  1.540  -13.182 1.0000000000
96893  18.632  1.579  -12.960 1.0000000000
96916  18.800  2.128  -13.219 1.0000000000
95900  20.341  1.433  -14.266 1.0000000000
95888  19.254  1.195  -13.219 1.0000000000
95918  21.536  1.427  -15.045 1.0000000000
95899  20.813  0.779  -14.290 1.0000000000
97949  18.177  3.438  -12.415 1.0000000000
97971  18.746  3.216  -12.944 1.0000000000
96927  20.143  2.284  -14.349 1.0000000000
96929  18.960  2.226  -13.429 1.0000000000
97970  19.262  2.955  -13.261 1.0000000000
96945  20.956  2.843  -14.929 1.0000000000
95919  20.971  2.101  -14.735 1.0000000000
96944  21.538  2.371  -15.390 1.0000000000
99036  17.036  5.033  -12.365 1.0000000000
99055  19.072  3.737  -13.656 1.0000000000
97972  18.111  3.988  -13.019 1.0000000000
97985  19.477  3.506  -14.077 1.0000000000
98001  20.949  3.777  -15.120 1.0000000000
97984  20.186  3.181  -14.429 1.0000000000
98039  22.501  2.706  -16.107 0.8750000000
101100  16.653  6.091  -11.747 0.6250000000
100064  16.803  5.605  -12.119 0.6250000000
100063  17.776  5.673  -12.526 1.0000000000
100080  17.992  5.069  -12.928 1.0000000000
100093  20.645  5.375  -14.631 1.0000000000
99069  19.065  5.140  -13.844 1.0000000000
99056  18.680  4.425  -13.548 1.0000000000
99082  21.113  4.719  -14.965 1.0000000000
99067  20.252  4.188  -14.636 1.0000000000
99068  19.412  4.582  -14.216 1.0000000000
99080  22.208  3.905  -15.727 0.8750000000
101099  17.337  6.760  -11.917 0.8750000000
100062  18.463  6.258  -12.772 1.0000000000
100094  19.518  5.641  -14.071 1.0000000000
100079  18.793  5.628  -13.353 1.0000000000
101126  20.424  6.619  -14.338 1.0000000000
99095  22.076  5.107  -15.685 1.0000000000
100111  21.192  5.188  -14.894 1.0000000000
101125  20.907  6.122  -14.653 1.0000000000
100110  21.636  5.550  -15.305 1.0000000000
102186  18.677  7.943  -12.692 1.0000000000
101113  18.709  6.952  -13.192 1.0000000000
101098  18.133  6.952  -12.589 1.0000000000
102199  20.650  7.702  -14.026 1.0000000000
101111  20.257  7.254  -13.838 1.0000000000
102211  21.299  7.577  -14.851 1.0000000000
102212  20.870  7.439  -14.530 1.0000000000
101112  19.624  6.813  -13.630 1.0000000000
101140  22.042  6.639  -15.495 1.0000000000
101142  20.912  7.076  -14.760 1.0000000000
100109  22.261  6.090  -15.597 0.8750000000
103253  19.168  9.347  -12.472 1.0000000000
103288  20.777  8.813  -13.768 1.0000000000
103274  20.298  8.915  -13.426 1.0000000000
143678  20.264  11.301  -12.179 1.0000000000
143662  19.635  10.890  -12.079 1.0000000000
108554  21.017  11.856  -12.614 1.0000000000
104302  19.253  9.925  -12.679 1.0000000000
143668  20.626  9.766  -13.260 1.0000000000
143669  20.271  11.107  -12.546 1.0000000000
143675  21.895  10.441  -13.553 1.0000000000
107531  21.347  10.691  -13.325 1.0000000000
143673  21.245  10.005  -13.407 1.0000000000
108564  21.688  11.641  -13.234 1.0000000000
93682  20.859  -0.748  -12.571 0.6250000000
92550  20.652  -1.597  -12.749 1.0000000000
94793  20.053  -0.182  -13.301 1.0000000000
94824  21.357  0.226  -14.760 1.0000000000
95917  22.088  0.721  -15.462 1.0000000000
96982  22.759  2.344  -16.484 0.8750000000
99113  23.506  4.466  -16.999 0.8750000000
98037  23.255  3.392  -16.790 0.8750000000
100143  24.013  5.434  -17.316 0.8750000000
102168  18.354  8.016  -11.962 0.6250000000
102223  22.519  7.347  -15.749 1.0000000000
100125  22.513  5.591  -15.869 0.8750000000
102198  21.161  8.267  -14.360 1.0000000000
104342  22.317  9.303  -14.858 1.0000000000
104341  22.916  9.876  -15.187 1.0000000000
108553  21.709  13.293  -12.443 0.8750000000
109508  22.457  13.673  -13.491 1.0000000000
108563  22.127  12.781  -13.360 1.0000000000
107530  22.493  11.034  -13.640 1.0000000000
110483  21.447  15.163  -11.408 0.6250000000
93704  20.480  -0.612  -13.178 1.0000000000
95867  18.955  1.259  -12.594 1.0000000000
93684  19.190  0.090  -12.816 1.0000000000
94807  20.641  0.104  -13.658 1.0000000000
94808  20.088  0.645  -13.708 1.0000000000
96928  19.347  2.476  -13.619 1.0000000000
98000  21.836  3.322  -15.614 1.0000000000
99057  18.143  4.671  -13.127 1.0000000000
99081  21.737  4.419  -15.519 0.8750000000
98036  24.155  2.971  -17.541 0.8750000000
100095  19.140  5.441  -13.750 1.0000000000
100124  23.144  5.103  -16.567 0.8750000000
100078  19.447  6.054  -13.728 1.0000000000
101141  21.244  6.642  -15.013 1.0000000000
100092  21.178  5.906  -14.812 1.0000000000
102185  19.267  7.928  -13.223 1.0000000000
103276  19.156  8.648  -12.683 1.0000000000
103275  19.714  9.049  -13.009 1.0000000000
103300  22.216  8.264  -15.261 1.0000000000
102184  20.093  8.052  -13.579 1.0000000000
143652  19.096  10.546  -11.928 1.0000000000
103254  18.912  9.013  -12.123 1.0000000000
104303  18.824  9.874  -12.176 1.0000000000
105307  19.259  10.482  -12.347 1.0000000000
143667  19.831  9.837  -12.890 1.0000000000
143659  19.845  10.505  -12.699 1.0000000000
103287  21.652  9.623  -13.844 1.0000000000
143677  20.482  10.890  -13.020 1.0000000000
143649  19.098  9.103  -11.587 0.7500000000
107543  22.656  12.217  -14.113 1.0000000000
111487  21.838  15.749  -12.525 0.7500000000
89276  21.255  -4.030  -12.891 0.7500000000
90411  22.106  -4.067  -14.443 0.7500000000
89278  19.749  -4.178  -12.079 0.7500000000
90396  21.623  -3.677  -14.109 0.7500000000
89292  21.551  -4.295  -13.770 0.7500000000
90382  21.090  -3.302  -13.416 0.7500000000
90384  20.022  -3.519  -12.658 0.7500000000
90395  22.140  -3.135  -14.504 0.7500000000
91462  20.976  -2.751  -13.549 0.7500000000
91479  20.896  -2.525  -13.604 0.7500000000
92573  20.267  -2.227  -13.041 0.8750000000
91477  22.100  -2.549  -14.600 0.7500000000
91496  22.079  -2.232  -14.672 0.7500000000
92572  20.789  -1.466  -13.472 0.8750000000
92604  22.682  -1.314  -15.539 0.7500000000
92605  22.026  -1.586  -14.854 0.7500000000
92587  21.173  -1.537  -14.280 0.8750000000
93719  21.009  -0.660  -14.065 0.8750000000
93735  22.360  -0.631  -15.498 0.7500000000
93736  21.587  -0.705  -14.898 0.8750000000
94823  21.979  -0.011  -15.438 0.8750000000
93767  23.224  0.052  -16.517 0.8750000000
94840  22.876  0.387  -16.042 0.8750000000
94839  23.209  0.696  -16.315 0.8750000000
95937  23.191  1.063  -16.308 0.8750000000
94869  25.385  1.470  -17.768 0.6250000000
95952  24.161  1.450  -17.158 0.7500000000
96964  23.134  1.620  -16.538 0.7500000000
95970  25.760  2.080  -17.935 0.5000000000
97017  25.323  2.382  -18.166 0.7500000000
96980  24.283  2.196  -17.509 0.7500000000
98057  24.864  3.394  -18.103 0.6250000000
99132  25.102  4.374  -18.144 0.6250000000
100142  24.727  5.117  -17.869 0.6250000000
100161  26.028  5.486  -17.971 0.5000000000
101189  25.235  5.802  -18.062 0.6250000000
101171  24.936  6.172  -17.904 0.7500000000
101170  25.675  6.337  -17.589 0.6250000000
101172  24.224  6.554  -17.267 0.7500000000
103327  25.712  7.831  -17.425 0.6250000000
103329  24.396  8.358  -17.163 0.6250000000
103330  23.783  8.188  -16.773 0.8750000000
103328  25.277  8.224  -17.404 0.6250000000
103312  25.511  8.649  -17.164 0.6250000000
103313  23.916  8.856  -16.818 0.7500000000
103315  22.703  8.343  -15.691 0.8750000000
143680  22.501  10.112  -14.466 0.8750000000
105335  22.781  10.851  -14.945 0.8750000000
104353  24.428  9.377  -16.768 0.7500000000
105359  23.634  10.006  -16.170 0.8750000000
105347  23.502  10.560  -15.706 0.8750000000
106438  23.264  11.534  -15.238 0.8750000000
104351  25.960  9.240  -16.221 0.5000000000
109510  21.957  14.826  -12.479 0.7500000000
109509  22.172  14.209  -13.053 0.8750000000
108587  23.503  12.931  -14.721 0.7500000000
107557  23.658  12.251  -15.261 0.8750000000
105357  24.781  10.335  -16.425 0.6250000000
105358  24.047  10.418  -16.329 0.7500000000
107554  25.636  11.865  -15.552 0.7500000000
109520  22.923  14.062  -13.724 0.8750000000
108574  22.809  13.593  -13.760 0.8750000000
110509  23.368  15.073  -14.375 0.7500000000
107542  25.401  12.951  -15.363 0.7500000000
106434  26.002  11.348  -15.333 0.5000000000
110488  21.638  15.287  -12.219 0.6250000000
110497  22.013  15.258  -12.836 0.7500000000
110496  22.568  15.164  -13.505 0.7500000000
111501  22.717  15.957  -13.989 0.7500000000
110508  24.099  15.731  -14.884 0.7500000000
110520  24.706  15.344  -15.184 0.7500000000
110521  24.018  14.823  -15.024 0.7500000000
109525  24.529  14.220  -15.253 0.7500000000
109518  25.846  14.508  -14.931 0.7500000000
111486  22.197  16.071  -13.234 0.6250000000
111485  23.002  16.496  -13.477 0.6250000000
111500  23.645  16.431  -14.173 0.7500000000
110506  26.089  15.511  -14.831 0.7500000000
94852  24.282  0.529  -17.344 0.6250000000
104354  23.733  9.509  -16.503 0.8750000000
105345  25.960  10.688  -15.676 0.5000000000
109501  21.711  14.754  -11.893 0.6250000000
110522  23.617  14.448  -14.924 0.7500000000
108586  23.834  13.085  -15.234 0.7500000000
106423  26.597  11.479  -14.808 0.5000000000
107541  25.926  12.454  -15.166 0.7500000000
99112  24.227  4.171  -17.589 0.6250000000
107567  24.637  11.713  -15.851 0.7500000000
88153  22.044  -4.960  -13.969 0.7500000000
88139  21.780  -5.126  -13.524 0.7500000000
88173  22.565  -5.072  -14.269 0.7500000000
92574  19.807  -2.815  -12.656 0.7500000000
90410  22.730  -3.595  -14.958 0.6250000000
91494  23.238  -2.507  -15.894 0.7500000000
91512  23.303  -2.058  -16.068 0.6250000000
93752  23.458  -0.982  -16.406 0.6250000000
95939  22.092  2.034  -15.731 0.7500000000
102222  23.228  7.558  -16.299 0.7500000000
102235  23.915  7.418  -17.033 0.7500000000
106424  22.891  11.604  -14.545 0.8750000000
96981  23.519  2.162  -16.945 0.7500000000
103316  22.308  8.710  -15.259 0.8750000000
108562  22.575  13.418  -13.675 0.8750000000
108575  22.887  13.169  -14.104 0.8750000000
107558  23.192  12.289  -14.645 0.8750000000
90367  20.802  -3.492  -12.935 0.7500000000
89305  21.826  -4.398  -14.149 0.7500000000
89326  22.182  -4.695  -14.224 0.7500000000
89325  22.642  -4.542  -14.647 0.7500000000
91463  20.354  -2.792  -13.229 0.7500000000
91478  21.424  -2.552  -14.171 0.7500000000
92588  20.806  -2.176  -13.619 0.8750000000
92625  23.168  -1.460  -16.012 0.7500000000
93753  23.108  -0.609  -16.105 0.7500000000
93766  23.689  -0.423  -16.913 0.6250000000
95972  24.734  1.902  -17.720 0.7500000000
101188  25.453  5.832  -17.959 0.6250000000
102233  25.384  7.226  -17.514 0.6250000000
104352  25.285  9.198  -16.737 0.6250000000
106449  24.414  11.163  -15.976 0.7500000000
107555  25.107  12.299  -15.708 0.7500000000
105355  26.204  10.052  -15.899 0.5000000000
109527  23.347  13.864  -14.761 0.7500000000
108573  25.601  13.564  -15.129 0.7500000000
111514  25.071  15.839  -15.367 0.7500000000
86933  22.591  -5.909  -13.786 0.7500000000
86956  22.482  -5.255  -13.999 0.7500000000
92624  23.812  -1.462  -16.576 0.6250000000
92642  24.156  -0.941  -17.095 0.5000000000
86932  22.975  -6.539  -14.250 0.6250000000
86955  22.857  -5.747  -14.283 0.6250000000
85701  22.696  -6.887  -14.028 0.6250000000
86931  23.168  -6.823  -14.468 0.6250000000
90409  23.329  -3.125  -15.689 0.5000000000
85702  22.668  -6.623  -13.758 0.6250000000
85684  22.587  -6.668  -13.492 0.5000000000
93685  18.908  0.341  -13.034 1.0000000000
94757  18.422  1.021  -12.393 1.0000000000
94756  18.209  1.023  -11.920 1.0000000000
94775  18.382  0.992  -12.862 1.0000000000
95844  18.319  0.910  -12.112 1.0000000000
95890  18.540  1.353  -13.082 1.0000000000
95845  18.486  1.060  -12.148 1.0000000000
94795  19.313  0.487  -13.291 1.0000000000
93707  19.030  0.375  -13.242 1.0000000000
95902  18.875  2.023  -13.527 1.0000000000
96917  18.496  1.657  -13.181 1.0000000000
96915  19.099  2.472  -13.286 1.0000000000
95938  22.538  1.539  -16.072 0.7500000000
96966  22.124  2.524  -15.756 1.0000000000
98019  22.397  2.885  -15.935 0.8750000000
96983  22.437  2.477  -16.115 0.8750000000
98038  22.648  2.883  -16.268 0.8750000000
97999  22.233  3.613  -15.759 0.8750000000
98018  22.581  3.605  -16.081 0.8750000000
99094  22.467  4.561  -15.996 0.8750000000
101127  19.766  6.255  -13.946 1.0000000000
100126  22.090  5.412  -15.610 1.0000000000
102210  21.953  7.607  -15.307 1.0000000000
103301  21.854  8.456  -14.819 0.8750000000
101156  22.669  6.594  -15.937 1.0000000000
143674  21.031  9.379  -13.605 1.0000000000
143670  19.952  11.072  -12.406 1.0000000000
143666  19.605  10.767  -12.389 1.0000000000
95954  22.370  2.115  -16.152 0.7500000000
96965  22.944  1.919  -16.574 0.7500000000
99093  23.011  4.152  -16.468 0.8750000000
98017  22.963  3.728  -16.445 0.8750000000
101155  23.405  6.329  -16.610 0.7500000000
104356  22.622  9.162  -15.464 1.0000000000
104355  23.208  9.463  -15.923 0.8750000000
109519  22.678  13.724  -13.611 0.8750000000
97000  24.835  2.522  -17.961 0.7500000000
89277  20.294  -4.077  -12.293 0.7500000000
90368  20.399  -3.648  -12.602 0.7500000000
89262  19.552  -4.027  -12.041 0.7500000000
89261  20.006  -4.198  -11.900 0.7500000000
90369  19.763  -3.804  -12.281 0.7500000000
90383  20.317  -3.326  -12.966 0.7500000000
91464  19.848  -3.272  -12.693 0.7500000000
91495  22.695  -2.344  -15.261 0.7500000000
94854  23.218  0.338  -16.404 0.8750000000
94853  23.504  0.612  -16.630 0.8750000000
95953  23.542  1.393  -16.674 0.7500000000
95951  24.842  1.305  -17.631 0.6250000000
95971  25.225  1.853  -17.853 0.7500000000
95987  25.499  2.221  -18.051 0.7500000000
95986  25.798  2.288  -18.112 0.7500000000
97015  26.020  2.441  -18.181 0.7500000000
95988  24.976  2.126  -17.928 0.7500000000
97016  25.739  2.465  -18.252 0.7500000000
96999  25.450  2.786  -18.244 0.6250000000
98056  25.662  3.568  -18.151 0.5000000000
99131  25.906  4.566  -18.073 0.6250000000
100162  25.351  5.360  -18.098 0.5000000000
100141  26.141  5.859  -17.485 0.5000000000
102234  24.693  7.352  -17.442 0.6250000000
104367  24.933  8.808  -17.114 0.6250000000
103314  23.438  8.665  -16.356 0.7500000000
104366  25.266  8.744  -17.154 0.6250000000
105346  23.953  10.849  -15.963 0.7500000000
106437  23.932  11.400  -15.745 0.7500000000
105356  25.535  10.335  -16.188 0.6250000000
107556  24.281  12.148  -15.608 0.7500000000
106448  25.002  11.245  -16.101 0.7500000000
106450  24.175  10.975  -15.986 0.7500000000
106435  25.511  11.306  -15.773 0.5000000000
108584  25.037  13.462  -15.404 0.7500000000
110507  24.490  15.973  -15.206 0.7500000000
109524  25.169  14.427  -15.204 0.7500000000
110519  25.374  15.366  -15.182 0.7500000000
111515  24.812  16.078  -15.313 0.7500000000
109526  23.874  13.984  -15.266 0.7500000000
108585  24.441  13.205  -15.408 0.7500000000
107568  24.395  11.678  -15.780 0.7500000000
88174  22.287  -4.964  -14.072 0.7500000000
92552  19.777  -2.895  -12.272 0.6250000000
95955  22.299  2.242  -15.948 0.8750000000
90354  19.735  -3.880  -11.853 0.7500000000
106436  24.232  11.550  -15.773 0.7500000000
84439  22.647  -7.075  -13.647 0.5000000000
94739  18.442  1.088  -11.839 1.0000000000
94738  18.173  1.064  -11.657 1.0000000000
95825  18.056  0.860  -11.810 1.0000000000
95826  18.247  0.978  -11.876 1.0000000000
