#!ascii label  , from subject S5_08 vox2ras=TkReg
172
34594  52.581  -49.958  -5.124 0.0000000000
29468  48.836  -54.010  -8.475 0.0000000000
28024  53.142  -54.546  -3.675 0.0000000000
30807  52.937  -52.667  -6.180 0.0000000000
25295  52.388  -57.578  -6.821 0.0000000000
25247  53.914  -55.837  -4.838 0.0000000000
22751  52.451  -58.299  -5.944 0.0000000000
30809  50.126  -52.918  -6.558 0.0000000000
33431  50.979  -50.106  -7.218 0.0000000000
30780  53.401  -52.393  -4.381 0.0000000000
29416  54.643  -53.536  -5.299 0.0000000000
28065  52.388  -55.029  -5.645 0.0000000000
28100  50.383  -55.447  -7.632 0.0000000000
24032  51.866  -58.077  -9.990 0.0000000000
35839  49.458  -48.532  -4.681 0.0000000000
33340  49.818  -50.805  -3.714 0.0000000000
29385  49.961  -53.619  -2.970 0.0000000000
33429  53.334  -50.475  -7.611 0.0000000000
23942  52.167  -57.632  -5.229 0.0000000000
29454  49.229  -53.961  -7.773 0.0000000000
32144  49.343  -51.979  -6.634 0.0000000000
30754  52.797  -52.747  -3.881 0.0000000000
28046  54.252  -54.204  -4.469 0.0000000000
26685  52.921  -56.914  -5.786 0.0000000000
26665  53.847  -55.661  -5.170 0.0000000000
26686  52.270  -56.518  -6.214 0.0000000000
26687  51.321  -55.970  -6.749 0.0000000000
25307  51.446  -56.911  -8.088 0.0000000000
25353  51.394  -57.125  -10.150 0.0000000000
32088  48.254  -51.629  -3.431 0.0000000000
32086  50.246  -51.706  -3.602 0.0000000000
30758  48.642  -52.550  -3.193 0.0000000000
30805  54.565  -52.416  -6.325 0.0000000000
32168  53.558  -51.292  -7.233 0.0000000000
35888  49.624  -48.435  -7.488 0.0000000000
34652  51.382  -49.294  -7.603 0.0000000000
26629  52.777  -55.424  -3.707 0.0000000000
26627  54.305  -55.035  -4.262 0.0000000000
25249  53.038  -56.882  -4.607 0.0000000000
23962  53.286  -57.128  -5.419 0.0000000000
23983  52.711  -58.028  -6.505 0.0000000000
30808  51.516  -52.982  -6.082 0.0000000000
32142  51.854  -51.699  -6.573 0.0000000000
32143  50.499  -51.892  -6.436 0.0000000000
33432  49.941  -50.156  -6.990 0.0000000000
28161  48.911  -54.815  -10.591 0.0000000000
33363  52.783  -50.705  -4.780 0.0000000000
30778  54.803  -52.703  -5.255 0.0000000000
29438  54.233  -53.120  -6.143 0.0000000000
28062  54.466  -54.576  -5.091 0.0000000000
28063  54.110  -54.704  -5.345 0.0000000000
30790  52.531  -53.339  -5.818 0.0000000000
29441  50.786  -54.019  -6.378 0.0000000000
28085  50.368  -55.096  -6.943 0.0000000000
26707  50.004  -55.522  -8.699 0.0000000000
24015  51.821  -58.120  -8.909 0.0000000000
25334  51.476  -57.361  -9.220 0.0000000000
26729  50.399  -56.025  -9.462 0.0000000000
26730  49.708  -55.470  -9.546 0.0000000000
35852  51.374  -48.783  -5.436 0.0000000000
35837  51.107  -49.395  -4.823 0.0000000000
34572  49.415  -49.905  -3.803 0.0000000000
33365  50.824  -50.483  -4.018 0.0000000000
32085  51.268  -51.688  -3.734 0.0000000000
30755  51.745  -52.743  -3.649 0.0000000000
29384  51.203  -53.623  -3.353 0.0000000000
27997  49.833  -54.089  -2.911 0.0000000000
28025  51.935  -54.550  -3.509 0.0000000000
33430  52.060  -50.190  -7.424 0.0000000000
34613  53.059  -49.725  -5.614 0.0000000000
33384  52.990  -50.264  -5.223 0.0000000000
30826  48.812  -53.261  -7.751 0.0000000000
29382  53.391  -53.691  -3.892 0.0000000000
28023  53.953  -54.487  -4.103 0.0000000000
26698  51.702  -56.781  -6.967 0.0000000000
25306  51.794  -57.353  -7.640 0.0000000000
25371  52.887  -57.320  -11.784 0.0000000000
30806  53.903  -52.521  -6.508 0.0000000000
32140  54.195  -51.791  -6.884 0.0000000000
32141  53.209  -51.788  -6.687 0.0000000000
37170  50.109  -47.506  -7.630 0.0000000000
25234  53.403  -56.068  -4.177 0.0000000000
25250  51.909  -56.981  -4.851 0.0000000000
23964  52.065  -58.095  -5.492 0.0000000000
23941  52.674  -57.547  -5.146 0.0000000000
23963  52.821  -57.738  -5.761 0.0000000000
22772  52.605  -58.233  -6.173 0.0000000000
33404  49.652  -51.061  -6.693 0.0000000000
33433  48.878  -50.354  -7.020 0.0000000000
34654  49.214  -49.376  -7.275 0.0000000000
32112  52.573  -51.729  -4.295 0.0000000000
32111  53.678  -51.554  -4.810 0.0000000000
29437  54.624  -53.082  -5.848 0.0000000000
26641  53.967  -55.654  -4.444 0.0000000000
26640  54.319  -55.232  -4.696 0.0000000000
26664  54.233  -55.409  -5.002 0.0000000000
28064  53.334  -54.883  -5.443 0.0000000000
29418  53.561  -53.666  -5.774 0.0000000000
29419  52.588  -54.070  -5.621 0.0000000000
30791  52.055  -53.587  -5.783 0.0000000000
29440  51.734  -54.126  -5.848 0.0000000000
26699  51.038  -56.191  -7.706 0.0000000000
28101  49.905  -54.949  -7.884 0.0000000000
26700  50.386  -55.615  -8.106 0.0000000000
21597  52.555  -59.360  -12.747 0.0000000000
24031  52.228  -58.453  -10.324 0.0000000000
22832  52.388  -58.877  -10.334 0.0000000000
22833  52.262  -58.631  -9.842 0.0000000000
25314  51.609  -57.460  -8.411 0.0000000000
25354  50.834  -56.460  -10.255 0.0000000000
26748  50.261  -55.871  -10.345 0.0000000000
35853  50.272  -48.229  -5.221 0.0000000000
35838  50.492  -49.038  -4.743 0.0000000000
33341  48.828  -50.647  -3.694 0.0000000000
34571  50.282  -50.205  -3.861 0.0000000000
33339  50.745  -50.951  -3.788 0.0000000000
33338  51.183  -51.140  -3.844 0.0000000000
30757  49.643  -52.584  -3.285 0.0000000000
30756  50.686  -52.656  -3.403 0.0000000000
28027  49.371  -54.597  -3.382 0.0000000000
28026  50.436  -54.435  -3.306 0.0000000000
33402  51.621  -50.781  -7.009 0.0000000000
35886  51.857  -48.307  -7.878 0.0000000000
29442  49.832  -53.879  -6.981 0.0000000000
30753  53.641  -53.033  -4.152 0.0000000000
29406  54.549  -53.551  -4.731 0.0000000000
25275  53.594  -56.493  -5.148 0.0000000000
26666  53.059  -56.122  -5.522 0.0000000000
26667  52.307  -55.736  -5.869 0.0000000000
28084  51.514  -55.223  -6.157 0.0000000000
24054  51.786  -57.547  -10.916 0.0000000000
25372  52.331  -57.126  -11.638 0.0000000000
32087  49.255  -51.645  -3.537 0.0000000000
34653  50.284  -49.301  -7.389 0.0000000000
35887  50.698  -48.406  -7.635 0.0000000000
26628  53.797  -55.292  -3.892 0.0000000000
25248  53.612  -56.371  -4.781 0.0000000000
23940  53.310  -57.103  -5.183 0.0000000000
25276  53.206  -57.088  -5.609 0.0000000000
25294  52.812  -57.416  -6.089 0.0000000000
33403  50.734  -50.919  -6.757 0.0000000000
28112  48.812  -54.253  -9.078 0.0000000000
33383  53.613  -50.644  -5.353 0.0000000000
33362  53.367  -50.974  -4.966 0.0000000000
29439  53.743  -53.017  -6.258 0.0000000000
29417  54.356  -53.765  -5.552 0.0000000000
28086  49.832  -54.425  -7.403 0.0000000000
28111  49.318  -54.736  -8.709 0.0000000000
23984  52.589  -57.998  -7.009 0.0000000000
21589  52.375  -59.457  -11.823 0.0000000000
24001  52.032  -58.018  -8.170 0.0000000000
25315  51.227  -56.742  -8.573 0.0000000000
25335  51.003  -56.627  -9.366 0.0000000000
26706  50.676  -56.101  -8.645 0.0000000000
28139  49.028  -54.897  -9.668 0.0000000000
37150  51.924  -47.817  -6.138 0.0000000000
34595  51.794  -49.824  -4.795 0.0000000000
34573  48.326  -49.438  -3.896 0.0000000000
34597  49.908  -49.479  -4.260 0.0000000000
34596  50.836  -49.900  -4.348 0.0000000000
33364  51.535  -50.874  -4.145 0.0000000000
32113  51.858  -51.582  -3.986 0.0000000000
32084  52.061  -52.085  -3.869 0.0000000000
29383  52.414  -53.652  -3.590 0.0000000000
32169  52.587  -51.054  -7.135 0.0000000000
34651  52.624  -49.391  -7.818 0.0000000000
21608  51.973  -59.440  -13.395 0.0000000000
22750  52.706  -58.153  -5.959 0.0000000000
22773  52.073  -58.506  -6.381 0.0000000000
22788  52.392  -58.341  -6.677 0.0000000000
25274  53.861  -55.905  -5.032 0.0000000000
25277  51.815  -57.633  -5.259 0.0000000000
