#!ascii label  , from subject S5_08 vox2ras=TkReg
1714
28311  52.954  -55.295  -19.026 0.2000000030
26878  52.968  -55.423  -18.256 0.2000000030
28312  52.728  -55.122  -19.288 0.2000000030
26894  52.516  -55.758  -19.024 0.2000000030
28296  51.804  -54.206  -19.161 0.1000000015
26859  53.509  -55.702  -16.714 0.3000000119
28282  53.262  -54.968  -17.794 0.2000000030
28295  52.490  -54.435  -18.653 0.1000000015
28283  52.777  -54.100  -17.533 0.1000000015
29637  52.183  -53.698  -17.991 0.1000000015
29619  52.248  -53.338  -17.250 0.1000000015
30975  51.895  -52.303  -16.867 0.1000000015
29620  51.705  -53.181  -17.819 0.1000000015
30996  51.724  -52.798  -17.465 0.1000000015
32305  52.127  -51.174  -16.305 0.2000000030
30997  51.076  -52.392  -17.922 0.1000000015
29595  53.293  -53.169  -14.279 0.1000000015
28275  53.379  -54.415  -16.513 0.2000000030
30970  53.261  -52.711  -15.252 0.1000000015
29608  53.429  -53.701  -15.746 0.1000000015
28276  52.842  -53.781  -16.922 0.1000000015
30971  52.788  -52.195  -15.686 0.1000000015
32282  53.390  -50.974  -14.669 0.1000000015
34795  52.913  -49.185  -14.378 0.2000000030
33558  52.934  -50.066  -14.407 0.2000000030
36017  53.137  -48.218  -14.548 0.1000000015
33583  52.933  -49.916  -15.425 0.2000000030
37295  52.862  -47.351  -14.936 0.2000000030
36058  52.097  -48.658  -16.088 0.1000000015
34819  51.600  -48.809  -15.980 0.1000000015
30965  53.268  -52.209  -14.811 0.1000000015
30954  53.313  -51.932  -13.947 0.1000000015
32283  53.276  -51.472  -15.002 0.1000000015
35992  52.803  -48.140  -14.006 0.2000000030
37273  52.698  -47.440  -14.221 0.2000000030
38635  52.301  -46.864  -14.436 0.2000000030
37310  52.583  -47.584  -15.336 0.2000000030
37296  52.100  -47.282  -15.076 0.1000000015
36037  51.333  -48.607  -15.645 0.2000000030
32275  52.893  -51.080  -13.458 0.1000000015
32274  53.284  -50.775  -13.909 0.1000000015
33539  53.046  -50.390  -14.010 0.2000000030
34772  52.061  -49.046  -13.546 0.2000000030
34771  52.587  -49.054  -13.920 0.3000000119
38636  51.855  -46.528  -14.435 0.3000000119
34796  50.586  -48.783  -15.230 0.2000000030
34821  50.183  -49.511  -15.357 0.2000000030
31029  47.366  -52.606  -18.373 0.2000000030
35993  52.295  -48.033  -13.577 0.3000000119
33559  52.722  -49.648  -14.153 0.2000000030
38613  51.929  -46.005  -13.689 0.3000000119
38614  51.149  -46.105  -14.007 0.3000000119
37297  51.112  -47.122  -14.476 0.3000000119
36020  50.152  -48.127  -14.355 0.2000000030
32291  49.072  -51.160  -16.160 0.2000000030
31001  47.095  -52.524  -17.609 0.2000000030
39967  51.523  -44.949  -12.576 0.4000000060
38589  51.936  -45.588  -12.954 0.3000000119
37274  52.372  -46.937  -13.772 0.2000000030
37298  50.343  -47.404  -14.107 0.3000000119
33560  49.737  -49.807  -15.130 0.2000000030
34797  49.669  -49.268  -14.661 0.2000000030
30977  47.593  -52.394  -16.973 0.2000000030
41324  51.096  -44.468  -12.904 0.3000000119
39991  51.790  -44.983  -13.447 0.3000000119
35994  49.376  -48.141  -13.797 0.2000000030
33587  47.405  -50.825  -15.238 0.2000000030
34798  48.685  -49.539  -14.158 0.2000000030
32311  46.429  -51.849  -16.389 0.1000000015
33586  48.567  -50.666  -15.340 0.2000000030
31031  45.532  -52.747  -18.465 0.2000000030
32310  47.374  -51.898  -16.445 0.2000000030
31056  46.035  -52.786  -18.775 0.2000000030
41340  50.865  -44.784  -13.394 0.3000000119
39993  50.508  -45.443  -13.602 0.3000000119
41339  51.471  -44.767  -13.363 0.3000000119
38591  49.832  -45.796  -13.500 0.2000000030
38615  49.996  -46.380  -13.642 0.3000000119
38616  49.290  -47.009  -13.195 0.2000000030
37275  50.482  -46.888  -13.953 0.3000000119
33562  47.792  -50.105  -14.393 0.1000000015
30979  45.831  -52.232  -16.958 0.1000000015
33544  47.381  -49.896  -14.021 0.1000000015
31003  45.227  -52.399  -17.647 0.1000000015
42648  50.104  -43.680  -12.448 0.3000000119
41341  50.328  -44.952  -13.331 0.2000000030
41325  49.912  -44.451  -12.924 0.2000000030
39969  48.853  -45.288  -12.716 0.2000000030
41326  48.418  -44.290  -12.584 0.1000000015
38592  49.175  -46.200  -13.081 0.1000000015
37256  48.482  -47.303  -12.835 0.1000000015
34774  48.259  -49.093  -13.648 0.1000000015
33588  46.576  -51.087  -15.275 0.1000000015
32312  45.511  -51.787  -16.368 0.1000000015
38593  48.036  -46.262  -12.522 0.1000000015
37257  47.361  -47.209  -12.505 0.1000000015
35981  47.859  -47.923  -12.878 0.1000000015
35997  46.905  -49.035  -13.156 0.1000000015
35996  47.617  -48.655  -13.266 0.1000000015
34776  46.508  -49.614  -13.419 0.1000000015
32284  45.797  -51.133  -15.067 0.1000000015
33545  46.953  -50.022  -13.971 0.1000000015
35982  46.803  -48.167  -12.803 0.1000000015
32295  45.171  -51.495  -15.678 0.1000000015
29602  53.208  -53.055  -15.593 0.1000000015
36035  52.816  -48.532  -15.751 0.1000000015
32111  53.678  -51.554  -4.810 0.5000000000
32113  51.858  -51.582  -3.986 0.5000000000
33363  52.783  -50.705  -4.780 0.5000000000
33362  53.367  -50.974  -4.966 0.5000000000
32127  54.382  -51.342  -5.442 0.5000000000
32087  49.255  -51.645  -3.537 0.2000000030
32086  50.246  -51.706  -3.602 0.2000000030
33340  49.818  -50.805  -3.714 0.3000000119
33339  50.745  -50.951  -3.788 0.3000000119
33338  51.183  -51.140  -3.844 0.5000000000
33364  51.535  -50.874  -4.145 0.5000000000
34595  51.794  -49.824  -4.795 0.5000000000
34594  52.581  -49.958  -5.124 0.5000000000
33383  53.613  -50.644  -5.353 0.5000000000
33382  54.595  -50.652  -6.063 0.5000000000
32126  54.990  -51.701  -5.890 0.5000000000
30805  54.565  -52.416  -6.325 0.5000000000
33341  48.828  -50.647  -3.694 0.3000000119
34571  50.282  -50.205  -3.861 0.3000000119
33365  50.824  -50.483  -4.018 0.5000000000
33384  52.990  -50.264  -5.223 0.5000000000
32139  55.048  -51.391  -6.821 0.5000000000
29440  51.734  -54.126  -5.848 0.4000000060
30791  52.055  -53.587  -5.783 0.5000000000
30790  52.531  -53.339  -5.818 0.5000000000
29439  53.743  -53.017  -6.258 0.5000000000
28084  51.514  -55.223  -6.157 0.4000000060
34572  49.415  -49.905  -3.803 0.4000000060
34596  50.836  -49.900  -4.348 0.5000000000
35837  51.107  -49.395  -4.823 0.5000000000
34614  52.250  -49.416  -5.450 0.5000000000
34613  53.059  -49.725  -5.614 0.5000000000
34612  53.924  -49.931  -5.985 0.5000000000
33401  55.157  -50.847  -6.558 0.5000000000
32140  54.195  -51.791  -6.884 0.6000000238
30807  52.937  -52.667  -6.180 0.5000000000
30806  53.903  -52.521  -6.508 0.5000000000
26699  51.038  -56.191  -7.706 0.4000000060
26687  51.321  -55.970  -6.749 0.4000000060
29441  50.786  -54.019  -6.378 0.5000000000
33299  44.299  -51.314  -1.350 0.1000000015
33317  44.646  -51.021  -2.068 0.1000000015
34557  44.002  -49.960  -2.753 0.1000000015
33344  45.401  -50.407  -3.092 0.1000000015
33345  44.644  -50.064  -3.028 0.1000000015
34576  45.101  -49.350  -3.360 0.1000000015
33342  47.696  -50.682  -3.638 0.2000000030
34597  49.908  -49.479  -4.260 0.5000000000
34573  48.326  -49.438  -3.896 0.4000000060
34598  49.140  -49.183  -4.130 0.4000000060
35838  50.492  -49.038  -4.743 0.4000000060
35852  51.374  -48.783  -5.436 0.5000000000
35850  53.503  -49.220  -6.079 0.5000000000
28085  50.368  -55.096  -6.943 0.4000000060
25315  51.227  -56.742  -8.573 0.5000000000
33289  40.666  -50.830  0.017 0.1000000015
32044  42.074  -51.624  -0.675 0.1000000015
33287  42.950  -51.085  -0.640 0.1000000015
33300  43.775  -51.013  -1.155 0.1000000015
33318  43.649  -50.412  -2.142 0.1000000015
34577  44.293  -49.293  -3.235 0.1000000015
37135  47.039  -47.678  -4.029 0.2000000030
37145  47.009  -46.922  -4.479 0.2000000030
33343  46.430  -50.986  -3.279 0.1000000015
34575  46.048  -49.528  -3.493 0.1000000015
35826  46.601  -48.525  -3.673 0.1000000015
34574  47.126  -49.576  -3.690 0.2000000030
35825  47.550  -48.588  -3.866 0.2000000030
37133  48.272  -48.250  -4.221 0.2000000030
37144  47.677  -47.261  -4.525 0.2000000030
35839  49.458  -48.532  -4.681 0.3000000119
35853  50.272  -48.229  -5.221 0.4000000060
33402  51.621  -50.781  -7.009 0.5000000000
32169  52.587  -51.054  -7.135 0.5000000000
32168  53.558  -51.292  -7.233 0.5000000000
32142  51.854  -51.699  -6.573 0.5000000000
34611  54.479  -49.964  -6.326 0.5000000000
30808  51.516  -52.982  -6.082 0.5000000000
32167  54.354  -51.106  -7.460 0.5000000000
32141  53.209  -51.788  -6.687 0.5000000000
28100  50.383  -55.447  -7.632 0.4000000060
33288  41.748  -50.825  -0.172 0.1000000015
34545  41.601  -49.963  0.099 0.1000000015
34536  41.127  -49.765  0.554 0.1000000015
33301  42.819  -50.358  -1.061 0.1000000015
34559  42.711  -49.436  -2.036 0.1000000015
34558  43.210  -49.403  -2.595 0.1000000015
35829  43.707  -48.575  -3.236 0.1000000015
37137  45.075  -47.465  -3.668 0.1000000015
35827  45.600  -48.451  -3.557 0.1000000015
38469  46.357  -46.899  -4.275 0.2000000030
37136  46.047  -47.583  -3.808 0.2000000030
37143  48.536  -47.775  -4.623 0.3000000119
38479  48.273  -46.533  -5.005 0.2000000030
37142  49.245  -47.775  -5.123 0.3000000119
38478  49.115  -46.976  -5.164 0.2000000030
37152  49.931  -47.321  -5.361 0.3000000119
37150  51.924  -47.817  -6.138 0.4000000060
37151  50.929  -47.538  -5.656 0.4000000060
34651  52.624  -49.391  -7.818 0.5000000000
33429  53.334  -50.475  -7.611 0.5000000000
35851  52.613  -48.650  -6.103 0.5000000000
34680  52.645  -48.671  -8.106 0.5000000000
34679  53.369  -49.083  -8.269 0.5000000000
34649  54.172  -50.007  -8.236 0.5000000000
34650  53.720  -49.851  -8.099 0.5000000000
32166  55.015  -50.769  -7.607 0.6000000238
34678  54.409  -49.589  -8.294 0.5000000000
33455  55.151  -49.964  -8.125 0.5000000000
33427  55.075  -50.349  -7.922 0.6000000238
32138  55.344  -50.637  -7.440 0.5000000000
25353  51.394  -57.125  -10.150 0.4000000060
25335  51.003  -56.627  -9.366 0.4000000060
35805  41.455  -48.371  0.667 0.1000000015
35814  41.459  -49.238  0.100 0.1000000015
35813  41.619  -48.341  -0.229 0.1000000015
34544  41.966  -49.790  -0.597 0.1000000015
35818  42.040  -48.532  -1.217 0.1000000015
35822  42.462  -48.650  -2.195 0.1000000015
37122  42.239  -47.542  -1.853 0.1000000015
37129  43.286  -47.741  -3.177 0.1000000015
37138  44.018  -47.402  -3.528 0.1000000015
38471  44.595  -46.477  -3.648 0.2000000030
38470  45.505  -46.543  -4.009 0.2000000030
38482  46.065  -46.156  -4.331 0.2000000030
38480  47.414  -46.323  -4.721 0.2000000030
39903  56.366  -45.719  -8.825 0.2000000030
38544  56.129  -46.156  -9.100 0.2000000030
38504  55.587  -46.690  -8.180 0.2000000030
38505  55.283  -46.719  -7.724 0.2000000030
38506  54.751  -46.427  -7.480 0.2000000030
38545  55.599  -46.295  -9.101 0.2000000030
37182  55.479  -47.260  -8.299 0.2000000030
37166  55.421  -47.426  -7.871 0.2000000030
38496  54.779  -47.067  -7.423 0.2000000030
38497  54.175  -46.712  -7.200 0.3000000119
37158  54.533  -47.584  -7.149 0.2000000030
37159  53.888  -47.610  -6.747 0.4000000060
38527  54.862  -46.605  -8.934 0.2000000030
37183  55.251  -47.201  -8.649 0.3000000119
35908  55.283  -48.439  -8.206 0.3000000119
35884  55.353  -48.553  -7.705 0.4000000060
37167  55.049  -47.833  -7.473 0.3000000119
37185  53.434  -47.581  -8.496 0.5000000000
35909  54.784  -48.495  -8.435 0.4000000060
34676  55.459  -49.425  -7.929 0.4000000060
35866  55.391  -49.218  -7.136 0.5000000000
35867  54.737  -48.572  -6.829 0.5000000000
35869  52.985  -48.281  -6.324 0.5000000000
35910  53.905  -48.494  -8.519 0.5000000000
34677  55.172  -49.365  -8.186 0.5000000000
33454  55.444  -49.802  -8.066 0.5000000000
33426  55.481  -50.145  -7.768 0.5000000000
33400  55.497  -50.388  -7.134 0.5000000000
34628  55.096  -49.872  -6.670 0.5000000000
34629  54.297  -49.324  -6.312 0.5000000000
37091  41.709  -47.870  1.175 0.1000000015
35797  41.609  -48.269  1.623 0.1000000015
37101  41.749  -47.694  0.901 0.1000000015
38437  42.418  -46.512  -0.533 0.1000000015
37112  42.090  -47.455  -0.833 0.1000000015
38452  42.417  -46.563  -1.459 0.1000000015
38463  43.230  -46.765  -3.136 0.1000000015
39838  43.139  -45.744  -2.642 0.1000000015
38472  43.882  -46.430  -3.447 0.2000000030
39850  44.129  -45.651  -3.448 0.2000000030
39849  44.955  -45.450  -3.811 0.2000000030
38481  46.693  -46.172  -4.500 0.2000000030
41233  55.478  -44.844  -7.986 0.1000000015
39884  55.757  -45.863  -8.235 0.2000000030
39885  55.007  -45.696  -7.603 0.2000000030
39886  54.397  -45.966  -7.382 0.2000000030
38489  49.753  -46.273  -5.464 0.2000000030
42566  55.054  -44.003  -7.943 0.1000000015
41234  54.556  -44.736  -7.485 0.1000000015
41224  53.988  -44.961  -7.177 0.1000000015
39876  53.745  -45.667  -7.112 0.1000000015
38498  53.332  -46.619  -6.727 0.1000000015
39877  52.860  -45.571  -6.678 0.1000000015
38499  52.438  -46.531  -6.431 0.3000000119
38487  51.546  -46.651  -6.124 0.2000000030
35868  53.564  -48.480  -6.400 0.5000000000
34648  55.525  -49.656  -7.457 0.5000000000
34627  55.541  -49.821  -7.082 0.5000000000
35796  42.010  -47.915  1.995 0.1000000015
37090  42.259  -47.346  1.437 0.1000000015
38423  42.781  -46.545  0.376 0.1000000015
39807  42.888  -45.742  -0.318 0.1000000015
41183  42.892  -45.279  -2.017 0.1000000015
39822  42.718  -45.507  -1.231 0.1000000015
41200  43.607  -45.221  -3.141 0.2000000030
39862  45.646  -45.661  -4.196 0.2000000030
39861  46.256  -45.406  -4.460 0.2000000030
39860  47.082  -45.257  -4.766 0.2000000030
39859  47.766  -45.719  -5.073 0.2000000030
38490  49.000  -46.125  -5.409 0.2000000030
42567  53.958  -43.732  -7.372 0.1000000015
41225  53.326  -44.545  -6.980 0.1000000015
39868  50.318  -45.430  -5.639 0.1000000015
38488  50.605  -46.442  -5.674 0.2000000030
41226  52.396  -44.579  -6.457 0.1000000015
39878  51.976  -45.565  -6.286 0.1000000015
37089  43.351  -46.827  1.963 0.1000000015
38407  43.209  -46.653  1.134 0.1000000015
38405  44.905  -46.279  1.456 0.1000000015
38422  43.624  -46.186  0.660 0.1000000015
38421  44.260  -45.840  0.968 0.1000000015
39785  43.771  -45.333  0.522 0.1000000015
41158  43.188  -44.538  -1.284 0.1000000015
39821  43.054  -45.026  -0.617 0.1000000015
41159  42.938  -44.898  -1.749 0.1000000015
41181  43.916  -44.198  -2.847 0.1000000015
41199  44.285  -44.510  -3.311 0.1000000015
42520  44.660  -43.782  -3.201 0.1000000015
41198  45.013  -44.622  -3.775 0.1000000015
41212  45.597  -44.747  -4.223 0.2000000030
41210  46.939  -44.681  -4.846 0.2000000030
39871  47.721  -45.011  -5.172 0.2000000030
39870  48.478  -45.361  -5.365 0.2000000030
39869  49.450  -45.341  -5.545 0.1000000015
45257  54.304  -41.805  -7.449 0.1000000015
43905  53.813  -42.486  -7.350 0.1000000015
43889  53.191  -43.016  -6.970 0.1000000015
42554  52.779  -43.681  -6.601 0.1000000015
43890  52.426  -42.712  -6.499 0.1000000015
41227  51.604  -44.620  -5.992 0.1000000015
39867  51.145  -45.531  -5.888 0.2000000030
39764  44.769  -45.367  1.274 0.1000000015
41115  44.278  -44.440  0.449 0.1000000015
41136  43.961  -44.128  -0.045 0.1000000015
42451  43.531  -43.813  -1.003 0.1000000015
42501  44.176  -43.700  -2.635 0.1000000015
42519  45.264  -43.845  -3.706 0.1000000015
42536  45.904  -43.912  -4.420 0.2000000030
42535  46.576  -43.563  -4.688 0.1000000015
41221  46.776  -43.984  -5.046 0.1000000015
42547  47.090  -43.684  -4.979 0.2000000030
41220  47.220  -44.347  -5.088 0.2000000030
42546  47.778  -43.453  -5.027 0.1000000015
41219  48.157  -44.329  -5.292 0.2000000030
46597  51.682  -41.121  -6.097 0.1000000015
45244  51.550  -41.748  -6.083 0.1000000015
43878  50.976  -42.238  -5.847 0.1000000015
43879  50.492  -42.532  -5.718 0.1000000015
42544  49.701  -43.465  -5.598 0.1000000015
41218  49.071  -44.393  -5.561 0.1000000015
45258  53.761  -41.821  -7.240 0.1000000015
45242  53.104  -41.799  -6.954 0.1000000015
43891  51.389  -42.498  -6.084 0.1000000015
43892  50.921  -42.977  -5.939 0.1000000015
42543  50.642  -43.602  -5.769 0.1000000015
41216  50.856  -44.587  -5.722 0.1000000015
41217  50.019  -44.465  -5.637 0.1000000015
42555  51.855  -43.613  -6.247 0.1000000015
42542  51.255  -43.941  -5.874 0.1000000015
41114  44.959  -44.044  0.656 0.1000000015
42430  44.744  -43.731  0.269 0.1000000015
42476  44.815  -43.087  -0.907 0.1000000015
43802  44.813  -43.039  -1.526 0.1000000015
43846  45.684  -42.960  -3.476 0.1000000015
42518  46.045  -43.178  -4.141 0.1000000015
46562  49.783  -40.970  -4.509 0.1000000015
45216  49.463  -41.251  -4.523 0.1000000015
45217  48.362  -41.884  -4.492 0.1000000015
43864  48.101  -42.215  -4.580 0.1000000015
43866  46.751  -42.829  -4.378 0.1000000015
46560  50.816  -40.577  -4.717 0.1000000015
45228  50.007  -41.458  -5.316 0.1000000015
45229  48.927  -41.844  -5.000 0.1000000015
43881  48.320  -42.470  -4.892 0.1000000015
46579  52.139  -40.466  -5.810 0.1000000015
43880  49.326  -42.487  -5.372 0.1000000015
42545  48.706  -43.417  -5.346 0.1000000015
43801  45.511  -42.772  -1.441 0.1000000015
43822  46.997  -42.121  -2.542 0.1000000015
43845  46.587  -42.432  -3.627 0.1000000015
46539  50.380  -40.747  -4.114 0.1000000015
45200  48.646  -41.561  -3.690 0.1000000015
43844  47.758  -42.076  -3.389 0.1000000015
43865  47.644  -42.307  -4.351 0.1000000015
34549  43.024  -50.102  -1.763 0.1000000015
37134  47.912  -47.984  -4.060 0.3000000119
35824  48.110  -48.573  -4.080 0.2000000030
35840  48.624  -48.627  -4.249 0.3000000119
35854  49.658  -48.019  -5.209 0.3000000119
33277  41.009  -50.501  0.328 0.1000000015
34550  42.476  -49.485  -1.444 0.1000000015
35828  44.633  -48.408  -3.456 0.1000000015
35886  51.857  -48.307  -7.878 0.5000000000
35804  41.562  -47.999  0.226 0.1000000015
35821  42.995  -48.405  -2.873 0.1000000015
37130  42.717  -47.611  -2.675 0.1000000015
38543  56.497  -45.983  -9.039 0.2000000030
37200  55.693  -46.558  -8.750 0.2000000030
37160  52.814  -47.686  -6.385 0.4000000060
37184  54.402  -47.563  -8.646 0.5000000000
35885  55.192  -48.599  -7.274 0.5000000000
37161  52.156  -47.168  -6.308 0.3000000119
38529  52.926  -46.629  -8.512 0.5000000000
38528  53.976  -46.728  -8.689 0.5000000000
37100  41.820  -47.415  0.261 0.1000000015
38464  42.695  -46.670  -2.325 0.1000000015
39839  42.843  -45.958  -1.910 0.1000000015
39851  43.557  -45.939  -3.227 0.2000000030
39875  54.344  -45.389  -7.340 0.1000000015
41235  53.915  -44.518  -7.278 0.1000000015
37075  42.293  -47.646  2.111 0.1000000015
37074  42.834  -47.490  2.329 0.1000000015
39806  43.288  -45.145  -0.006 0.1000000015
41182  43.467  -44.532  -2.391 0.1000000015
41211  46.521  -44.469  -4.718 0.2000000030
43904  54.759  -42.805  -7.886 0.1000000015
42553  53.252  -43.738  -6.998 0.1000000015
37073  43.868  -47.620  2.315 0.1000000015
38406  43.996  -46.464  1.304 0.1000000015
39784  44.298  -45.157  0.897 0.1000000015
41137  43.584  -44.401  -0.309 0.1000000015
42478  43.529  -43.929  -1.679 0.1000000015
42502  43.740  -43.791  -2.097 0.1000000015
42500  44.983  -43.180  -3.044 0.1000000015
41098  44.637  -44.859  1.033 0.1000000015
42450  44.129  -43.625  -0.334 0.1000000015
42477  44.098  -43.352  -1.554 0.1000000015
43824  44.857  -43.015  -2.155 0.1000000015
45227  51.025  -41.733  -5.783 0.1000000015
46596  52.608  -40.807  -6.449 0.1000000015
45243  52.115  -41.749  -6.378 0.1000000015
42429  45.519  -43.523  0.535 0.1000000015
42449  45.007  -43.247  -0.119 0.1000000015
43779  45.520  -42.905  -0.502 0.1000000015
43823  45.839  -42.606  -2.586 0.1000000015
46581  50.313  -40.809  -5.061 0.1000000015
45199  49.760  -41.232  -3.647 0.1000000015
45230  48.498  -42.024  -4.833 0.1000000015
45201  47.971  -41.778  -4.093 0.1000000015
43882  47.740  -42.832  -4.749 0.1000000015
46580  51.101  -40.809  -5.418 0.1000000015
43800  46.543  -42.437  -1.637 0.1000000015
43821  48.018  -42.198  -2.390 0.1000000015
29385  49.961  -53.619  -2.970 0.1000000015
29384  51.203  -53.623  -3.353 0.1000000015
30756  50.686  -52.656  -3.403 0.1000000015
30757  49.643  -52.584  -3.285 0.1000000015
27997  49.833  -54.089  -2.911 0.2000000030
28025  51.935  -54.550  -3.509 0.2000000030
30755  51.745  -52.743  -3.649 0.1000000015
26630  51.517  -55.399  -3.640 0.2000000030
29383  52.414  -53.652  -3.590 0.2000000030
32085  51.268  -51.688  -3.734 0.3000000119
32084  52.061  -52.085  -3.869 0.3000000119
29382  53.391  -53.691  -3.892 0.2000000030
30754  52.797  -52.747  -3.881 0.2000000030
26628  53.797  -55.292  -3.892 0.2000000030
23964  52.065  -58.095  -5.492 0.1000000015
26629  52.777  -55.424  -3.707 0.2000000030
28024  53.142  -54.546  -3.675 0.2000000030
30780  53.401  -52.393  -4.381 0.3000000119
32112  52.573  -51.729  -4.295 0.4000000060
25249  53.038  -56.882  -4.607 0.1000000015
25234  53.403  -56.068  -4.177 0.1000000015
30753  53.641  -53.033  -4.152 0.2000000030
23942  52.167  -57.632  -5.229 0.1000000015
28023  53.953  -54.487  -4.103 0.2000000030
26641  53.967  -55.654  -4.444 0.2000000030
23963  52.821  -57.738  -5.761 0.1000000015
23941  52.674  -57.547  -5.146 0.1000000015
23962  53.286  -57.128  -5.419 0.1000000015
26627  54.305  -55.035  -4.262 0.2000000030
28046  54.252  -54.204  -4.469 0.2000000030
29407  54.046  -53.626  -4.310 0.2000000030
30779  54.270  -52.677  -4.558 0.4000000060
23940  53.310  -57.103  -5.183 0.1000000015
29406  54.549  -53.551  -4.731 0.4000000060
32110  54.507  -52.028  -5.188 0.4000000060
26640  54.319  -55.232  -4.696 0.3000000119
25248  53.612  -56.371  -4.781 0.2000000030
25247  53.914  -55.837  -4.838 0.4000000060
30778  54.803  -52.703  -5.255 0.4000000060
28045  54.428  -54.457  -4.701 0.3000000119
26664  54.233  -55.409  -5.002 0.4000000060
41271  56.694  -44.737  -9.881 0.1000000015
41252  56.060  -45.141  -8.509 0.1000000015
29416  54.643  -53.536  -5.299 0.4000000060
28063  54.110  -54.704  -5.345 0.4000000060
28062  54.466  -54.576  -5.091 0.3000000119
29417  54.356  -53.765  -5.552 0.4000000060
39918  56.405  -45.603  -9.176 0.1000000015
30789  54.875  -52.507  -5.904 0.4000000060
29437  54.624  -53.082  -5.848 0.5000000000
39919  56.052  -45.572  -9.466 0.1000000015
41272  55.865  -44.623  -9.995 0.1000000015
39920  55.154  -45.615  -9.403 0.1000000015
29355  49.614  -53.981  -2.768 0.1000000015
29386  49.020  -53.286  -2.961 0.1000000015
30758  48.642  -52.550  -3.193 0.1000000015
32088  48.254  -51.629  -3.431 0.1000000015
28027  49.371  -54.597  -3.382 0.1000000015
28022  54.272  -54.641  -4.371 0.2000000030
41293  56.630  -44.441  -10.337 0.1000000015
30732  48.044  -52.926  -2.776 0.1000000015
24145  40.999  -57.737  -16.528 0.1000000015
22930  41.396  -58.662  -16.576 0.1000000015
21674  43.061  -59.024  -17.175 0.1000000015
22931  40.324  -58.558  -16.468 0.1000000015
25487  44.479  -56.816  -16.995 0.1000000015
24146  40.095  -57.807  -16.374 0.1000000015
21653  38.671  -59.281  -16.521 0.1000000015
21654  37.760  -59.436  -16.658 0.1000000015
21652  39.606  -59.344  -16.594 0.1000000015
13914  36.479  -66.198  -10.656 0.1000000015
21634  32.733  -59.633  -15.710 0.1000000015
21657  34.008  -59.083  -16.770 0.1000000015
25463  43.461  -56.452  -16.659 0.1000000015
22952  34.676  -59.019  -17.046 0.1000000015
24144  42.340  -57.657  -16.815 0.1000000015
21655  36.827  -59.261  -16.663 0.1000000015
25462  44.345  -56.237  -16.571 0.1000000015
20396  36.092  -59.997  -17.724 0.1000000015
16410  36.210  -63.947  -10.015 0.1000000015
11470  37.314  -67.444  -11.313 0.1000000015
11490  37.534  -67.411  -12.083 0.1000000015
17791  37.428  -63.008  -9.308 0.1000000015
16409  37.148  -63.671  -9.852 0.1000000015
15144  36.820  -65.028  -10.374 0.1000000015
13913  37.670  -66.306  -10.708 0.1000000015
13945  35.699  -65.617  -12.815 0.1000000015
19147  32.652  -61.335  -13.780 0.1000000015
21621  32.810  -59.644  -14.629 0.1000000015
25464  42.535  -56.578  -16.617 0.1000000015
25465  41.519  -56.804  -16.516 0.1000000015
22932  39.228  -58.303  -16.171 0.1000000015
26843  44.696  -55.238  -15.239 0.1000000015
26861  46.817  -55.788  -15.858 0.1000000015
25486  45.416  -56.799  -17.212 0.1000000015
12659  38.183  -67.126  -11.669 0.1000000015
12674  37.172  -66.735  -12.453 0.1000000015
12649  38.486  -66.796  -11.011 0.1000000015
13943  37.628  -65.913  -12.390 0.1000000015
13944  36.718  -65.735  -12.707 0.1000000015
16459  35.426  -63.637  -12.472 0.1000000015
19142  34.264  -61.995  -12.207 0.1000000015
17841  33.319  -62.498  -12.694 0.1000000015
19143  33.423  -61.546  -12.622 0.1000000015
19146  33.109  -61.857  -13.087 0.1000000015
21611  32.779  -59.711  -13.646 0.1000000015
21610  32.901  -59.297  -14.139 0.1000000015
21620  33.012  -58.973  -14.524 0.1000000015
22916  33.872  -58.713  -15.795 0.1000000015
24130  37.245  -57.552  -15.436 0.1000000015
26865  43.028  -55.771  -16.123 0.1000000015
26867  40.961  -56.046  -16.214 0.1000000015
25466  40.370  -56.978  -16.373 0.1000000015
24129  38.100  -57.468  -15.554 0.1000000015
22934  37.291  -58.746  -16.188 0.1000000015
26842  45.637  -55.483  -15.242 0.1000000015
25461  45.218  -56.235  -16.587 0.1000000015
16443  37.139  -63.537  -11.830 0.1000000015
17771  37.719  -62.395  -8.717 0.1000000015
16408  38.100  -63.716  -9.848 0.1000000015
16429  37.712  -64.431  -10.246 0.1000000015
15143  38.276  -65.456  -10.492 0.1000000015
15176  37.987  -65.399  -12.231 0.1000000015
15161  37.723  -64.207  -12.125 0.1000000015
16444  36.027  -63.307  -11.872 0.1000000015
19135  34.477  -61.527  -11.719 0.1000000015
19136  33.725  -60.982  -11.972 0.1000000015
22855  33.049  -58.840  -12.545 0.1000000015
17790  38.376  -63.024  -9.273 0.1000000015
16407  39.072  -63.720  -9.856 0.1000000015
16428  38.763  -64.594  -10.303 0.1000000015
15142  39.276  -65.375  -10.667 0.1000000015
13925  38.964  -65.830  -11.357 0.1000000015
20351  33.271  -60.516  -12.411 0.1000000015
22856  33.038  -59.428  -12.707 0.1000000015
22872  33.042  -58.892  -13.724 0.1000000015
24115  34.592  -57.468  -14.602 0.1000000015
22892  33.615  -58.329  -14.695 0.1000000015
24114  35.291  -57.208  -14.665 0.1000000015
24133  35.016  -57.529  -15.017 0.1000000015
25445  36.822  -56.976  -15.031 0.1000000015
24132  35.546  -57.591  -15.190 0.1000000015
26849  38.884  -55.897  -15.158 0.1000000015
25444  37.632  -56.818  -15.264 0.1000000015
22914  35.872  -58.184  -15.686 0.1000000015
26845  42.548  -55.203  -15.567 0.1000000015
25441  40.074  -56.277  -15.889 0.1000000015
25442  39.280  -56.490  -15.625 0.1000000015
26820  45.454  -55.192  -14.342 0.1000000015
26840  47.232  -55.796  -15.115 0.1000000015
26841  46.495  -55.609  -15.225 0.1000000015
25405  47.966  -56.687  -12.999 0.1000000015
26818  46.936  -55.693  -14.437 0.1000000015
17826  36.525  -62.424  -11.286 0.1000000015
17770  38.672  -62.376  -8.610 0.1000000015
17789  39.304  -62.930  -9.302 0.1000000015
15141  40.116  -64.840  -10.944 0.1000000015
15159  39.771  -64.767  -11.355 0.1000000015
15160  38.544  -64.860  -11.973 0.1000000015
19134  35.579  -61.789  -11.254 0.1000000015
20347  34.008  -60.852  -11.560 0.1000000015
22847  33.189  -58.458  -11.398 0.1000000015
16427  39.714  -64.447  -10.389 0.1000000015
24079  33.260  -57.673  -12.277 0.1000000015
24099  33.549  -57.955  -13.453 0.1000000015
25411  33.770  -56.994  -12.909 0.1000000015
24098  34.160  -57.206  -13.811 0.1000000015
25410  34.448  -56.489  -13.336 0.1000000015
25428  34.839  -56.806  -14.140 0.1000000015
26827  37.627  -55.466  -14.514 0.1000000015
26828  36.735  -55.601  -14.380 0.1000000015
28254  43.520  -54.652  -14.110 0.1000000015
28255  42.605  -54.400  -14.142 0.1000000015
28271  42.079  -54.698  -14.990 0.1000000015
26823  41.124  -54.835  -15.001 0.1000000015
26826  38.495  -55.314  -14.655 0.1000000015
25424  38.064  -56.107  -14.925 0.1000000015
26800  44.127  -54.985  -13.094 0.1000000015
26848  39.713  -55.690  -15.372 0.1000000015
26821  44.356  -54.843  -14.197 0.1000000015
26799  45.250  -55.381  -13.140 0.1000000015
26797  46.647  -55.610  -14.021 0.1000000015
24077  48.310  -57.603  -11.900 0.1000000015
17746  40.599  -62.456  -7.573 0.1000000015
19072  39.951  -62.147  -7.287 0.1000000015
19073  39.222  -61.957  -7.442 0.1000000015
16426  40.729  -64.104  -10.445 0.1000000015
15158  40.957  -64.342  -11.196 0.1000000015
19133  36.206  -61.726  -10.994 0.1000000015
17768  40.318  -62.517  -8.498 0.1000000015
16406  40.037  -63.534  -9.847 0.1000000015
17824  38.779  -62.884  -11.324 0.1000000015
19118  36.813  -61.429  -10.712 0.1000000015
19120  35.065  -61.205  -10.936 0.1000000015
20336  34.243  -60.515  -10.923 0.1000000015
21581  33.668  -59.338  -10.538 0.1000000015
20335  35.340  -60.566  -10.448 0.1000000015
22837  33.498  -58.206  -10.480 0.1000000015
24059  33.299  -57.249  -11.194 0.1000000015
25399  33.537  -56.776  -12.067 0.1000000015
25398  34.157  -56.099  -12.326 0.1000000015
25379  34.069  -55.808  -11.821 0.1000000015
26804  34.698  -55.723  -13.019 0.1000000015
28239  35.856  -54.617  -12.918 0.1000000015
26802  36.289  -55.055  -13.729 0.1000000015
28260  38.107  -54.727  -14.146 0.1000000015
28261  37.186  -54.814  -14.028 0.1000000015
28256  41.644  -54.386  -14.265 0.1000000015
28258  39.857  -54.537  -14.274 0.1000000015
26801  43.690  -55.024  -12.592 0.1000000015
28231  43.141  -54.672  -13.051 0.1000000015
26782  44.632  -55.422  -12.598 0.1000000015
25408  45.617  -55.937  -12.527 0.1000000015
25407  46.176  -56.066  -12.867 0.1000000015
25394  47.150  -56.745  -12.170 0.1000000015
25393  47.806  -57.025  -12.336 0.1000000015
19116  38.773  -61.462  -10.557 0.1000000015
21577  37.764  -59.945  -10.084 0.1000000015
17745  41.552  -62.840  -7.740 0.1000000015
17767  41.188  -62.690  -8.547 0.1000000015
16405  41.103  -63.258  -9.549 0.1000000015
15157  41.857  -64.099  -11.114 0.1000000015
16440  40.443  -63.728  -11.451 0.1000000015
17807  38.313  -62.159  -10.816 0.1000000015
21578  36.911  -59.875  -10.044 0.1000000015
21579  35.870  -59.863  -9.910 0.1000000015
17788  40.169  -62.773  -9.238 0.1000000015
17808  37.446  -62.105  -10.776 0.1000000015
24020  33.774  -57.323  -9.107 0.1000000015
25359  33.429  -56.395  -10.567 0.1000000015
21580  34.728  -59.766  -10.060 0.1000000015
21563  33.735  -58.706  -10.032 0.1000000015
26773  34.345  -55.243  -11.595 0.1000000015
28211  35.509  -54.546  -12.182 0.1000000015
28238  36.857  -54.453  -13.143 0.1000000015
29561  39.977  -53.690  -12.902 0.1000000015
28237  37.790  -54.376  -13.409 0.1000000015
28205  42.229  -54.479  -12.423 0.1000000015
28233  41.237  -54.212  -13.612 0.1000000015
28234  40.396  -54.080  -13.435 0.1000000015
26784  43.381  -54.999  -12.152 0.1000000015
26783  44.086  -55.447  -12.115 0.1000000015
25396  45.013  -55.931  -12.096 0.1000000015
19114  40.726  -61.726  -10.757 0.1000000015
16404  42.289  -63.414  -9.751 0.1000000015
17821  41.954  -62.894  -11.260 0.1000000015
19115  39.720  -61.576  -10.669 0.1000000015
20331  39.052  -61.051  -10.307 0.1000000015
21558  38.058  -59.728  -9.707 0.1000000015
16372  41.940  -63.296  -7.335 0.1000000015
16386  42.781  -63.287  -8.724 0.1000000015
15139  42.055  -64.100  -10.946 0.1000000015
16439  41.506  -63.596  -11.360 0.1000000015
19132  40.096  -62.171  -11.109 0.1000000015
17806  39.194  -62.131  -10.972 0.1000000015
21560  36.466  -59.367  -9.346 0.1000000015
22823  34.535  -58.279  -8.875 0.1000000015
21561  35.295  -59.100  -9.192 0.1000000015
26736  33.597  -55.714  -10.047 0.1000000015
26754  34.111  -55.104  -10.450 0.1000000015
28170  34.730  -54.610  -10.800 0.1000000015
28210  36.521  -53.959  -11.988 0.1000000015
29564  37.699  -53.599  -11.844 0.1000000015
28209  37.608  -53.976  -12.638 0.1000000015
29543  40.142  -53.747  -12.137 0.1000000015
26771  42.884  -54.958  -11.255 0.1000000015
28206  41.316  -54.101  -12.721 0.1000000015
25358  45.051  -56.267  -10.828 0.1000000015
25357  45.728  -56.491  -10.597 0.1000000015
17820  42.765  -62.906  -11.067 0.1000000015
19105  40.151  -61.231  -10.161 0.1000000015
20324  38.551  -59.969  -9.725 0.1000000015
16438  42.499  -63.460  -11.092 0.1000000015
20323  39.334  -60.628  -9.867 0.1000000015
21545  36.018  -58.832  -8.506 0.1000000015
22808  35.331  -58.456  -8.275 0.1000000015
22809  34.722  -57.814  -8.092 0.1000000015
25319  34.100  -56.441  -8.061 0.1000000015
26735  34.030  -55.172  -9.451 0.1000000015
28149  34.550  -54.411  -9.805 0.1000000015
28189  36.132  -53.791  -10.871 0.1000000015
28190  35.303  -54.440  -11.371 0.1000000015
29528  38.565  -53.373  -10.501 0.1000000015
29565  37.212  -53.546  -11.500 0.1000000015
29526  40.437  -53.876  -11.189 0.1000000015
29544  39.470  -53.603  -11.712 0.1000000015
28146  41.718  -54.326  -10.331 0.1000000015
28188  40.885  -54.023  -11.937 0.1000000015
28164  43.179  -54.847  -10.495 0.1000000015
28165  42.491  -54.734  -10.785 0.1000000015
28187  41.605  -54.399  -11.799 0.1000000015
26751  44.433  -55.696  -10.612 0.1000000015
25338  46.733  -56.289  -9.869 0.1000000015
25317  48.671  -56.925  -8.478 0.1000000015
19113  41.576  -61.752  -10.470 0.1000000015
19104  40.868  -61.294  -9.996 0.1000000015
20314  38.946  -59.940  -9.213 0.1000000015
21544  37.100  -59.176  -8.715 0.1000000015
22792  35.869  -58.493  -7.679 0.1000000015
17802  42.962  -62.505  -10.568 0.1000000015
21543  38.173  -59.513  -8.947 0.1000000015
22794  34.752  -57.484  -7.576 0.1000000015
28118  34.610  -54.658  -8.758 0.1000000015
29531  36.132  -53.561  -9.692 0.1000000015
29529  37.614  -53.311  -10.299 0.1000000015
29527  39.537  -53.555  -10.762 0.1000000015
28147  41.138  -54.214  -10.710 0.1000000015
28163  43.818  -55.061  -10.364 0.1000000015
26733  45.626  -55.747  -9.910 0.1000000015
26731  47.018  -55.895  -9.318 0.1000000015
26701  48.604  -56.075  -7.363 0.1000000015
25297  49.969  -57.402  -6.441 0.1000000015
19103  41.673  -61.385  -9.628 0.1000000015
19112  42.400  -61.866  -10.276 0.1000000015
20312  40.484  -60.531  -8.655 0.1000000015
21542  38.919  -59.738  -8.527 0.1000000015
21513  37.139  -59.111  -7.131 0.1000000015
22779  35.765  -57.974  -7.004 0.1000000015
20313  39.613  -60.198  -8.800 0.1000000015
21528  37.593  -59.240  -7.921 0.1000000015
25300  34.720  -56.668  -6.912 0.1000000015
26703  34.444  -55.897  -7.427 0.1000000015
28107  34.786  -54.966  -7.644 0.1000000015
29510  36.621  -53.530  -9.206 0.1000000015
29507  39.389  -53.530  -9.870 0.1000000015
29421  47.834  -53.739  -5.117 0.1000000015
29443  47.428  -53.964  -6.000 0.1000000015
29456  47.412  -54.025  -6.791 0.1000000015
29458  46.270  -53.514  -7.881 0.1000000015
29471  45.704  -53.844  -8.592 0.1000000015
29505  41.886  -53.777  -9.738 0.1000000015
29506  40.629  -53.886  -9.951 0.1000000015
28067  47.828  -54.157  -5.638 0.1000000015
28088  47.801  -54.401  -6.254 0.1000000015
29457  46.811  -53.818  -7.368 0.1000000015
29504  42.919  -53.541  -9.352 0.1000000015
28066  48.308  -54.452  -5.160 0.1000000015
28087  48.332  -55.031  -6.346 0.1000000015
28103  47.598  -54.733  -7.619 0.1000000015
28114  46.594  -54.689  -8.673 0.1000000015
28143  44.438  -54.801  -9.916 0.1000000015
26644  48.825  -54.914  -4.735 0.1000000015
26709  46.950  -55.395  -8.939 0.1000000015
26689  48.957  -55.966  -6.477 0.1000000015
26708  47.435  -55.726  -8.601 0.1000000015
25252  49.924  -55.992  -5.069 0.1000000015
20311  41.376  -60.859  -8.618 0.1000000015
20302  40.055  -60.109  -8.040 0.1000000015
21526  39.359  -59.726  -7.732 0.1000000015
21527  38.450  -59.501  -7.854 0.1000000015
21512  37.884  -59.328  -7.046 0.1000000015
23987  35.892  -57.808  -6.486 0.1000000015
23988  35.297  -57.356  -6.627 0.1000000015
25299  35.131  -56.560  -6.301 0.1000000015
28091  34.771  -55.388  -7.042 0.1000000015
28117  35.453  -54.181  -8.182 0.1000000015
29476  39.208  -53.211  -9.187 0.1000000015
30850  42.291  -52.625  -8.788 0.1000000015
29475  39.955  -53.342  -9.430 0.1000000015
29444  47.045  -53.654  -6.528 0.1000000015
30830  45.734  -52.876  -7.722 0.1000000015
30847  45.223  -53.206  -8.380 0.1000000015
30878  42.136  -53.232  -9.372 0.1000000015
29422  47.088  -53.395  -5.735 0.1000000015
28047  49.331  -54.783  -3.931 0.1000000015
20300  41.656  -60.751  -7.591 0.1000000015
21525  40.070  -59.851  -7.327 0.1000000015
20301  40.734  -60.367  -7.641 0.1000000015
22776  38.238  -58.917  -6.329 0.1000000015
22757  37.786  -58.379  -5.733 0.1000000015
21511  38.728  -59.433  -6.916 0.1000000015
22777  37.398  -58.761  -6.450 0.1000000015
23970  36.096  -57.433  -5.685 0.1000000015
23971  35.437  -57.031  -6.021 0.1000000015
26690  35.247  -55.851  -6.042 0.1000000015
28090  35.283  -55.027  -6.577 0.1000000015
28116  35.954  -53.823  -7.909 0.1000000015
29477  38.337  -53.157  -8.878 0.1000000015
29478  37.326  -53.250  -8.328 0.1000000015
32196  40.378  -52.009  -8.338 0.1000000015
30852  39.981  -52.808  -8.822 0.1000000015
30812  46.482  -53.119  -6.682 0.1000000015
30813  45.617  -52.214  -6.412 0.1000000015
30849  43.604  -52.159  -8.147 0.1000000015
29410  47.169  -53.201  -4.536 0.1000000015
30792  46.510  -52.713  -5.444 0.1000000015
29473  43.823  -53.163  -8.716 0.1000000015
29409  47.728  -54.023  -3.935 0.1000000015
21510  39.614  -59.435  -6.593 0.1000000015
22775  38.954  -59.029  -6.218 0.1000000015
23948  36.290  -56.819  -5.102 0.1000000015
25280  35.917  -56.474  -5.254 0.1000000015
28069  35.669  -55.407  -5.810 0.1000000015
28089  35.901  -54.119  -6.795 0.1000000015
29460  36.429  -53.584  -7.527 0.1000000015
30853  39.075  -52.791  -8.570 0.1000000015
32194  42.561  -51.652  -8.107 0.1000000015
32195  41.492  -51.864  -8.289 0.1000000015
28049  47.992  -54.272  -3.293 0.1000000015
22756  38.666  -58.509  -5.682 0.1000000015
23946  37.814  -57.095  -4.725 0.1000000015
23969  37.276  -57.689  -5.295 0.1000000015
25257  37.280  -56.261  -4.555 0.1000000015
23947  36.827  -56.970  -4.927 0.1000000015
28068  36.160  -54.559  -5.625 0.1000000015
26670  36.015  -55.669  -5.223 0.1000000015
29459  37.110  -52.867  -7.225 0.1000000015
30855  37.796  -52.742  -7.700 0.1000000015
30833  38.968  -52.330  -8.062 0.1000000015
30831  44.708  -52.042  -7.360 0.1000000015
30832  44.083  -51.826  -7.547 0.1000000015
28028  48.401  -54.398  -3.048 0.1000000015
27998  49.522  -54.211  -2.884 0.1000000015
28052  36.998  -54.464  -4.707 0.1000000015
26649  36.662  -55.414  -4.714 0.1000000015
29424  36.894  -53.521  -5.316 0.1000000015
30817  36.923  -52.718  -5.973 0.1000000015
29446  36.627  -53.235  -6.361 0.1000000015
29445  36.959  -52.797  -6.696 0.1000000015
30834  38.421  -52.244  -7.543 0.1000000015
32178  39.474  -51.596  -7.587 0.1000000015
32177  40.823  -51.369  -7.690 0.1000000015
29388  47.540  -53.879  -3.085 0.1000000015
30814  45.002  -51.799  -6.697 0.1000000015
28000  48.081  -54.036  -2.742 0.1000000015
32152  38.241  -51.644  -6.302 0.1000000015
32153  37.687  -52.048  -5.804 0.1000000015
33409  42.181  -50.391  -6.643 0.1000000015
33411  39.972  -50.508  -6.253 0.1000000015
30815  38.052  -52.084  -6.918 0.1000000015
33408  43.119  -50.490  -6.225 0.1000000015
33436  42.063  -50.735  -7.305 0.1000000015
29389  46.611  -53.468  -3.046 0.1000000015
30781  46.380  -52.673  -4.145 0.1000000015
32128  45.164  -51.640  -5.724 0.1000000015
32173  44.256  -51.657  -7.224 0.1000000015
33386  43.479  -50.676  -5.205 0.1000000015
33437  41.372  -50.703  -7.223 0.1000000015
33439  39.506  -50.940  -6.816 0.1000000015
33385  44.103  -50.929  -5.789 0.1000000015
32150  42.914  -50.693  -6.772 0.1000000015
30782  45.620  -52.269  -3.886 0.1000000015
32149  43.481  -50.959  -6.748 0.1000000015
30793  45.834  -52.108  -5.049 0.1000000015
32148  44.411  -51.390  -6.491 0.1000000015
20358  32.143  -60.762  -14.882 0.1000000015
21633  33.205  -59.026  -15.329 0.1000000015
22915  34.672  -58.038  -15.477 0.1000000015
21658  33.551  -59.218  -16.474 0.1000000015
22937  34.342  -58.845  -16.507 0.1000000015
22936  35.361  -58.682  -16.438 0.1000000015
24143  42.941  -57.009  -16.854 0.1000000015
22911  38.561  -58.058  -15.766 0.1000000015
22935  36.377  -58.707  -16.240 0.1000000015
20376  38.305  -59.763  -16.883 0.1000000015
15125  36.242  -64.515  -10.236 0.1000000015
21659  32.706  -59.902  -16.831 0.1000000015
20360  32.237  -60.181  -15.985 0.1000000015
21677  35.304  -59.321  -17.338 0.1000000015
15178  36.150  -64.708  -12.722 0.1000000015
20352  32.856  -60.560  -13.109 0.1000000015
20355  32.760  -60.500  -13.947 0.1000000015
26866  41.999  -55.893  -16.253 0.1000000015
25467  39.609  -56.902  -16.091 0.1000000015
12672  38.448  -66.545  -11.690 0.1000000015
16458  36.586  -63.952  -12.454 0.1000000015
17828  34.663  -62.157  -12.095 0.1000000015
17840  34.499  -62.633  -12.384 0.1000000015
17827  35.307  -62.511  -11.874 0.1000000015
24116  33.976  -57.708  -14.292 0.1000000015
25443  38.470  -56.684  -15.440 0.1000000015
24131  36.393  -57.617  -15.312 0.1000000015
26844  43.643  -54.968  -15.271 0.1000000015
26846  41.540  -55.347  -15.632 0.1000000015
20337  33.562  -60.001  -11.068 0.1000000015
21601  33.197  -59.734  -12.287 0.1000000015
13924  39.616  -65.364  -11.123 0.1000000015
25426  36.372  -56.391  -14.622 0.1000000015
26829  35.889  -55.825  -14.114 0.1000000015
25425  37.209  -56.244  -14.795 0.1000000015
26824  40.206  -54.938  -14.976 0.1000000015
17825  37.747  -62.775  -11.335 0.1000000015
17748  39.177  -62.181  -8.128 0.1000000015
16441  39.307  -63.841  -11.546 0.1000000015
16442  38.220  -63.704  -11.698 0.1000000015
26803  35.434  -55.363  -13.395 0.1000000015
28257  40.743  -54.487  -14.271 0.1000000015
19119  35.899  -61.223  -10.784 0.1000000015
20334  36.376  -60.566  -10.397 0.1000000015
24037  33.390  -57.304  -10.082 0.1000000015
26755  33.788  -55.676  -10.933 0.1000000015
26786  34.503  -55.511  -12.396 0.1000000015
29588  39.378  -53.858  -13.169 0.1000000015
25378  44.706  -56.111  -11.304 0.1000000015
25376  46.375  -56.842  -11.468 0.1000000015
25375  46.999  -57.236  -11.427 0.1000000015
20332  38.389  -60.545  -10.256 0.1000000015
19117  37.864  -61.359  -10.576 0.1000000015
16387  41.879  -63.067  -8.972 0.1000000015
17823  39.794  -62.781  -11.276 0.1000000015
21562  34.195  -58.975  -9.626 0.1000000015
24005  33.963  -56.988  -8.441 0.1000000015
25340  33.477  -56.477  -9.629 0.1000000015
26772  35.024  -54.825  -11.930 0.1000000015
29589  38.855  -53.784  -12.943 0.1000000015
26770  43.419  -55.294  -11.444 0.1000000015
24058  46.063  -56.893  -11.055 0.1000000015
17822  40.832  -62.618  -11.289 0.1000000015
21546  35.485  -58.731  -8.720 0.1000000015
25320  33.759  -56.426  -8.800 0.1000000015
28169  35.558  -53.873  -10.189 0.1000000015
29563  38.560  -53.678  -12.305 0.1000000015
29545  38.606  -53.431  -11.383 0.1000000015
26753  43.081  -55.123  -10.942 0.1000000015
26750  45.144  -55.979  -10.424 0.1000000015
25355  47.024  -56.740  -10.267 0.1000000015
20322  40.217  -60.797  -9.484 0.1000000015
22793  35.219  -57.882  -7.471 0.1000000015
26710  34.133  -55.593  -8.465 0.1000000015
29546  37.754  -53.312  -11.113 0.1000000015
28167  41.159  -54.245  -11.296 0.1000000015
28145  42.566  -54.405  -10.007 0.1000000015
25318  47.979  -56.411  -8.568 0.1000000015
25310  48.492  -56.378  -7.936 0.1000000015
25309  49.109  -56.791  -7.337 0.1000000015
20321  40.924  -60.943  -9.299 0.1000000015
21529  36.702  -58.897  -7.791 0.1000000015
29511  35.889  -53.705  -9.238 0.1000000015
29508  38.449  -53.336  -9.666 0.1000000015
28142  45.338  -54.858  -9.607 0.1000000015
25298  49.394  -56.663  -6.595 0.1000000015
26702  48.080  -55.796  -7.887 0.1000000015
28106  35.418  -54.449  -7.326 0.1000000015
29509  37.494  -53.335  -9.403 0.1000000015
30829  46.363  -53.302  -7.428 0.1000000015
29470  46.453  -54.012  -8.084 0.1000000015
29501  45.469  -54.324  -9.187 0.1000000015
29503  44.058  -53.906  -9.362 0.1000000015
29472  44.723  -53.503  -8.766 0.1000000015
30879  41.434  -53.192  -9.358 0.1000000015
28104  46.857  -54.297  -7.929 0.1000000015
29408  48.220  -54.257  -4.374 0.1000000015
26669  48.839  -55.317  -5.407 0.1000000015
28113  47.174  -55.115  -8.482 0.1000000015
28102  48.398  -55.455  -7.182 0.1000000015
28048  48.647  -54.528  -3.995 0.1000000015
25279  50.092  -56.579  -5.561 0.1000000015
26688  49.558  -56.508  -6.120 0.1000000015
30851  41.033  -52.611  -8.814 0.1000000015
30848  44.661  -52.766  -8.248 0.1000000015
28105  35.819  -54.014  -7.529 0.1000000015
30854  38.336  -52.784  -8.184 0.1000000015
32175  42.775  -51.020  -7.365 0.1000000015
32179  38.576  -51.709  -7.073 0.1000000015
26665  53.847  -55.661  -5.170 0.3000000119
28064  53.334  -54.883  -5.443 0.3000000119
29438  54.233  -53.120  -6.143 0.4000000060
22926  53.098  -58.254  -15.963 0.1000000015
22887  53.285  -58.157  -14.380 0.1000000015
24075  53.515  -57.551  -12.458 0.2000000030
32143  50.499  -51.892  -6.436 0.4000000060
26706  50.676  -56.101  -8.645 0.4000000060
24054  51.786  -57.547  -10.916 0.2000000030
26700  50.386  -55.615  -8.106 0.4000000060
22945  51.626  -57.972  -17.863 0.1000000015
25371  52.887  -57.320  -11.784 0.3000000119
28101  49.905  -54.949  -7.884 0.4000000060
29442  49.832  -53.879  -6.981 0.4000000060
30809  50.126  -52.918  -6.558 0.4000000060
24139  52.656  -57.935  -17.001 0.1000000015
33403  50.734  -50.919  -6.757 0.5000000000
24074  53.808  -57.055  -12.863 0.2000000030
25372  52.331  -57.126  -11.638 0.3000000119
26729  50.399  -56.025  -9.462 0.3000000119
28086  49.832  -54.425  -7.403 0.4000000060
33430  52.060  -50.190  -7.424 0.4000000060
26707  50.004  -55.522  -8.699 0.4000000060
24123  53.235  -57.463  -15.777 0.2000000030
24108  53.081  -57.350  -14.892 0.2000000030
24094  53.575  -57.332  -13.945 0.2000000030
25354  50.834  -56.460  -10.255 0.3000000119
22954  52.068  -58.150  -18.566 0.1000000015
29454  49.229  -53.961  -7.773 0.4000000060
26730  49.708  -55.470  -9.546 0.4000000060
33431  50.979  -50.106  -7.218 0.4000000060
28111  49.318  -54.736  -8.709 0.4000000060
30810  48.991  -52.916  -7.148 0.4000000060
33404  49.652  -51.061  -6.693 0.5000000000
25420  53.088  -56.881  -14.971 0.2000000030
25389  53.710  -56.790  -13.021 0.2000000030
25390  53.116  -56.619  -12.585 0.2000000030
25373  51.359  -56.727  -11.263 0.4000000060
25391  51.980  -56.341  -12.102 0.2000000030
25374  50.757  -56.157  -10.976 0.3000000119
26766  51.022  -56.041  -11.598 0.4000000060
26748  50.261  -55.871  -10.345 0.3000000119
32144  49.343  -51.979  -6.634 0.5000000000
33432  49.941  -50.156  -6.990 0.5000000000
34652  51.382  -49.294  -7.603 0.4000000060
25404  53.565  -56.510  -13.579 0.2000000030
25436  53.450  -56.488  -15.830 0.2000000030
29468  48.836  -54.010  -8.475 0.4000000060
30826  48.812  -53.261  -7.751 0.4000000060
24149  53.071  -57.317  -17.096 0.2000000030
26778  52.728  -55.770  -13.139 0.2000000030
25392  51.422  -56.160  -11.858 0.3000000119
26749  49.577  -55.381  -10.467 0.3000000119
32145  48.512  -51.935  -7.181 0.5000000000
35911  53.019  -48.297  -8.298 0.4000000060
25455  53.265  -56.842  -16.753 0.2000000030
25419  53.494  -56.528  -14.809 0.2000000030
28112  48.812  -54.253  -9.078 0.4000000060
29455  48.691  -53.499  -8.136 0.4000000060
34654  49.214  -49.376  -7.275 0.5000000000
35887  50.698  -48.406  -7.635 0.4000000060
26875  52.690  -56.593  -17.910 0.2000000030
26794  53.116  -55.279  -13.687 0.2000000030
26779  52.247  -55.790  -12.771 0.2000000030
33406  48.258  -51.370  -7.086 0.5000000000
33433  48.878  -50.354  -7.020 0.5000000000
24195  50.885  -57.769  -19.882 0.2000000030
26767  50.288  -55.629  -11.402 0.4000000060
28139  49.028  -54.897  -9.668 0.3000000119
30811  48.531  -52.452  -7.449 0.5000000000
33405  48.691  -51.240  -6.847 0.5000000000
34653  50.284  -49.301  -7.389 0.5000000000
26879  52.588  -56.028  -18.341 0.2000000030
37186  52.424  -47.566  -8.211 0.4000000060
26780  51.135  -55.541  -12.486 0.4000000060
35888  49.624  -48.435  -7.488 0.4000000060
26839  53.661  -55.495  -15.593 0.2000000030
26796  51.811  -55.363  -13.105 0.2000000030
26817  53.600  -55.405  -14.505 0.2000000030
38530  51.737  -46.484  -8.255 0.4000000060
37169  51.068  -47.538  -7.752 0.4000000060
37170  50.109  -47.506  -7.630 0.4000000060
29469  48.371  -53.513  -8.828 0.3000000119
26781  50.274  -55.332  -12.164 0.4000000060
28161  48.911  -54.815  -10.591 0.4000000060
28140  48.536  -54.177  -9.762 0.3000000119
30827  48.346  -52.756  -7.961 0.4000000060
26768  49.494  -55.167  -11.215 0.4000000060
33434  47.819  -50.832  -7.291 0.5000000000
38507  51.328  -47.000  -7.885 0.4000000060
35889  48.527  -48.493  -7.440 0.5000000000
30875  47.964  -52.988  -9.005 0.4000000060
32171  47.921  -51.886  -7.667 0.5000000000
34655  48.120  -49.537  -7.367 0.5000000000
32172  47.299  -51.361  -7.925 0.5000000000
30828  47.845  -52.335  -8.106 0.5000000000
29418  53.561  -53.666  -5.774 0.4000000060
37168  51.700  -47.370  -7.930 0.4000000060
26686  52.270  -56.518  -6.214 0.3000000119
26667  52.307  -55.736  -5.869 0.2000000030
28065  52.388  -55.029  -5.645 0.2000000030
23994  52.317  -58.146  -7.509 0.2000000030
25306  51.794  -57.353  -7.640 0.3000000119
25307  51.446  -56.911  -8.088 0.3000000119
24015  51.821  -58.120  -8.909 0.2000000030
25314  51.609  -57.460  -8.411 0.2000000030
24052  53.162  -57.533  -11.913 0.2000000030
24197  49.382  -57.632  -20.551 0.1000000015
24198  48.332  -57.515  -20.754 0.1000000015
30956  51.679  -52.350  -13.624 0.1000000015
25276  53.206  -57.088  -5.609 0.1000000015
26666  53.059  -56.122  -5.522 0.2000000030
25295  52.388  -57.578  -6.821 0.2000000030
26685  52.921  -56.914  -5.786 0.2000000030
22772  52.605  -58.233  -6.173 0.1000000015
23984  52.589  -57.998  -7.009 0.1000000015
23993  52.443  -58.234  -7.004 0.1000000015
22804  52.033  -58.647  -8.506 0.1000000015
25500  52.424  -56.954  -18.376 0.1000000015
25516  51.318  -57.079  -19.652 0.1000000015
28226  53.322  -53.990  -13.813 0.1000000015
28227  52.691  -54.238  -13.605 0.1000000015
28229  50.683  -54.212  -13.334 0.1000000015
28252  53.600  -54.259  -14.333 0.1000000015
29583  52.151  -53.312  -13.757 0.1000000015
29584  51.117  -53.407  -13.651 0.1000000015
29585  49.944  -53.447  -13.378 0.1000000015
30958  49.753  -52.299  -13.372 0.1000000015
30932  48.910  -52.278  -12.961 0.1000000015
32256  48.310  -51.313  -12.486 0.1000000015
25294  52.812  -57.416  -6.089 0.2000000030
23983  52.711  -58.028  -6.505 0.1000000015
28162  48.343  -54.144  -10.695 0.3000000119
26795  52.355  -55.225  -13.368 0.1000000015
28201  50.813  -54.835  -13.115 0.1000000015
28203  49.172  -54.112  -12.474 0.2000000030
30876  47.437  -52.573  -9.299 0.3000000119
32215  46.981  -51.876  -9.068 0.3000000119
25538  50.886  -56.672  -20.182 0.1000000015
28268  53.660  -54.439  -15.251 0.1000000015
28228  51.595  -54.569  -13.418 0.1000000015
29558  49.489  -53.934  -12.898 0.1000000015
28184  48.268  -53.924  -11.436 0.2000000030
30901  47.102  -52.571  -10.169 0.3000000119
29559  48.924  -53.320  -12.772 0.1000000015
30917  47.601  -52.739  -11.866 0.2000000030
30902  46.669  -51.930  -10.346 0.3000000119
32257  47.757  -51.795  -12.257 0.1000000015
32241  46.884  -51.272  -11.163 0.2000000030
32228  46.230  -51.138  -10.437 0.4000000060
32255  49.402  -51.286  -13.117 0.1000000015
32240  47.519  -51.285  -11.837 0.1000000015
33503  47.202  -50.642  -11.388 0.3000000119
28026  50.436  -54.435  -3.306 0.1000000015
34656  46.964  -49.583  -7.662 0.4000000060
32191  47.428  -52.003  -8.428 0.3000000119
33435  46.778  -50.619  -7.978 0.4000000060
33457  45.988  -50.526  -8.777 0.4000000060
34681  46.272  -49.861  -8.182 0.4000000060
33472  45.886  -50.850  -9.377 0.4000000060
33473  45.716  -50.289  -9.540 0.5000000000
33488  46.081  -50.241  -10.233 0.5000000000
33501  48.214  -50.344  -12.276 0.2000000030
32239  47.874  -50.776  -12.135 0.1000000015
34719  46.369  -49.430  -10.510 0.4000000060
33526  50.289  -50.342  -13.114 0.1000000015
33527  49.065  -50.201  -12.566 0.1000000015
34736  47.819  -49.398  -11.533 0.2000000030
33502  47.621  -50.147  -11.770 0.2000000030
33542  51.248  -50.663  -13.386 0.1000000015
34735  48.442  -49.392  -11.995 0.2000000030
33541  51.948  -50.017  -13.476 0.1000000015
33525  51.190  -49.828  -13.161 0.1000000015
37171  49.000  -47.505  -7.542 0.4000000060
37172  47.886  -47.522  -7.437 0.4000000060
35890  47.430  -48.532  -7.500 0.4000000060
34657  46.140  -49.163  -7.974 0.4000000060
37173  46.839  -47.526  -7.478 0.4000000060
33458  45.556  -49.926  -9.010 0.4000000060
34683  45.157  -49.099  -8.864 0.4000000060
35892  45.772  -48.441  -8.120 0.4000000060
35929  45.680  -48.516  -9.369 0.5000000000
35943  46.127  -48.786  -10.029 0.4000000060
34718  47.194  -49.362  -11.140 0.3000000119
35928  46.203  -48.114  -9.841 0.4000000060
35979  50.044  -48.235  -12.279 0.2000000030
34734  49.241  -48.842  -12.102 0.2000000030
35961  47.999  -48.683  -11.308 0.2000000030
34758  50.681  -49.194  -12.715 0.1000000015
32306  51.494  -51.315  -16.950 0.1000000015
38510  48.400  -46.511  -7.446 0.4000000060
38509  49.562  -46.515  -7.563 0.4000000060
38511  47.286  -46.521  -7.404 0.4000000060
38512  46.324  -46.529  -7.586 0.4000000060
38513  45.656  -46.552  -7.909 0.4000000060
37203  45.598  -47.517  -8.862 0.4000000060
37187  45.668  -47.516  -8.309 0.4000000060
38547  45.630  -46.525  -9.011 0.3000000119
37218  46.469  -47.364  -10.071 0.4000000060
37202  45.906  -47.418  -9.445 0.4000000060
37241  47.757  -48.023  -11.085 0.3000000119
35941  47.417  -48.395  -10.916 0.3000000119
35942  46.704  -48.411  -10.486 0.4000000060
35978  51.061  -48.097  -12.839 0.2000000030
37255  50.186  -47.411  -11.999 0.2000000030
35960  48.812  -48.384  -11.683 0.2000000030
34757  51.518  -49.016  -13.208 0.2000000030
31052  49.289  -52.889  -19.687 0.1000000015
31026  50.248  -52.765  -19.187 0.1000000015
33621  51.275  -50.967  -17.077 0.1000000015
38508  50.725  -46.609  -7.795 0.3000000119
39888  48.942  -45.480  -7.485 0.4000000060
39889  47.777  -45.496  -7.404 0.4000000060
41239  47.174  -44.482  -7.241 0.4000000060
39891  45.852  -45.548  -7.676 0.4000000060
39890  46.713  -45.510  -7.404 0.4000000060
39892  45.412  -45.630  -8.086 0.4000000060
39922  45.764  -45.426  -9.169 0.4000000060
39909  45.514  -45.773  -8.596 0.3000000119
38557  48.373  -46.056  -10.910 0.3000000119
38558  47.721  -46.225  -10.456 0.3000000119
38559  46.855  -46.385  -10.099 0.3000000119
39921  46.396  -45.580  -9.708 0.3000000119
38546  46.152  -46.456  -9.550 0.3000000119
38590  51.205  -45.967  -12.376 0.2000000030
37238  50.386  -46.716  -11.854 0.2000000030
38577  48.950  -46.511  -11.229 0.3000000119
37217  47.458  -47.430  -10.566 0.3000000119
37254  50.814  -47.205  -12.379 0.2000000030
37239  49.514  -47.461  -11.637 0.2000000030
35977  51.625  -48.001  -13.272 0.2000000030
38531  51.029  -45.751  -8.055 0.3000000119
41257  50.950  -44.426  -8.083 0.3000000119
39887  50.166  -45.438  -7.751 0.3000000119
43909  48.212  -42.449  -7.373 0.3000000119
42571  48.786  -43.455  -7.511 0.4000000060
43910  47.171  -42.454  -7.324 0.4000000060
42572  47.684  -43.458  -7.359 0.4000000060
45263  46.737  -41.510  -7.490 0.4000000060
42573  46.667  -43.474  -7.342 0.4000000060
45265  45.733  -41.659  -7.976 0.3000000119
41241  45.591  -44.582  -7.886 0.4000000060
42574  45.840  -43.508  -7.671 0.4000000060
42625  47.652  -43.422  -10.437 0.3000000119
42626  46.659  -43.334  -9.984 0.2000000030
42602  46.126  -43.501  -9.489 0.2000000030
45298  45.635  -42.093  -8.990 0.2000000030
41258  45.532  -44.728  -8.529 0.3000000119
42588  45.433  -43.580  -8.196 0.3000000119
41295  48.714  -44.657  -10.743 0.3000000119
41297  47.096  -44.162  -10.146 0.3000000119
41275  46.229  -44.415  -9.610 0.2000000030
41276  45.657  -44.534  -9.098 0.2000000030
39950  49.918  -45.302  -11.385 0.3000000119
39951  49.435  -45.879  -11.329 0.3000000119
39934  49.080  -45.396  -11.069 0.3000000119
39907  51.592  -45.267  -8.338 0.3000000119
47841  46.984  -39.628  -7.818 0.3000000119
47892  46.744  -39.714  -10.160 0.2000000030
49054  46.801  -38.632  -9.819 0.2000000030
46630  46.244  -40.441  -8.570 0.2000000030
46613  46.341  -40.676  -7.852 0.2000000030
46673  47.562  -40.516  -10.614 0.2000000030
45297  46.194  -41.566  -9.398 0.2000000030
46650  46.362  -40.543  -9.323 0.2000000030
46651  45.878  -41.244  -8.810 0.2000000030
33524  51.488  -49.652  -13.274 0.1000000015
39949  50.796  -45.108  -11.972 0.3000000119
37253  51.809  -46.878  -13.124 0.2000000030
29419  52.588  -54.070  -5.621 0.3000000119
25334  51.476  -57.361  -9.220 0.2000000030
25275  53.594  -56.493  -5.148 0.2000000030
39906  52.531  -45.524  -8.534 0.3000000119
28182  49.748  -55.183  -11.890 0.3000000119
29499  47.893  -53.404  -9.834 0.2000000030
28183  48.980  -54.591  -11.701 0.2000000030
26698  51.702  -56.781  -6.967 0.3000000119
24001  52.032  -58.018  -8.170 0.1000000015
30957  50.673  -52.416  -13.595 0.1000000015
29586  49.343  -52.866  -13.222 0.1000000015
29560  48.279  -53.258  -12.283 0.1000000015
28202  49.989  -54.653  -12.697 0.2000000030
29540  48.527  -53.819  -12.126 0.2000000030
29524  47.850  -53.529  -10.884 0.3000000119
30877  46.925  -52.061  -9.658 0.4000000060
32192  46.743  -51.341  -8.554 0.4000000060
29541  47.805  -53.244  -11.742 0.3000000119
29542  47.528  -53.098  -11.133 0.3000000119
30919  46.685  -51.718  -10.865 0.3000000119
37174  46.022  -47.515  -7.779 0.4000000060
34759  49.746  -49.386  -12.477 0.2000000030
34760  49.098  -49.421  -12.337 0.2000000030
35891  46.460  -48.471  -7.682 0.4000000060
35959  49.368  -48.238  -11.932 0.2000000030
37216  48.225  -46.806  -10.742 0.3000000119
37240  48.369  -47.623  -11.196 0.2000000030
41237  49.412  -44.435  -7.662 0.4000000060
41238  48.282  -44.469  -7.459 0.4000000060
41296  47.913  -44.418  -10.488 0.3000000119
38576  49.805  -46.302  -11.502 0.2000000030
42570  49.841  -43.435  -7.696 0.4000000060
45264  46.044  -41.655  -7.753 0.4000000060
45280  45.628  -41.868  -8.378 0.2000000030
43965  47.209  -42.557  -10.321 0.2000000030
45320  46.710  -41.991  -9.930 0.2000000030
43943  46.102  -42.674  -9.465 0.2000000030
41236  50.455  -44.301  -7.882 0.2000000030
42586  51.546  -43.418  -8.168 0.2000000030
22833  52.262  -58.631  -9.842 0.1000000015
24032  51.866  -58.077  -9.990 0.1000000015
22842  53.231  -58.255  -11.884 0.1000000015
24053  52.544  -58.048  -11.140 0.1000000015
39905  53.610  -45.761  -8.669 0.1000000015
42584  53.326  -43.560  -8.791 0.1000000015
41254  53.360  -44.493  -8.724 0.1000000015
41255  52.140  -44.445  -8.492 0.1000000015
42585  52.625  -43.517  -8.579 0.1000000015
43926  52.236  -42.566  -8.284 0.1000000015
42569  50.776  -43.384  -7.902 0.1000000015
43907  50.301  -42.530  -7.650 0.2000000030
43927  51.545  -42.427  -7.980 0.1000000015
46629  51.713  -40.722  -8.131 0.2000000030
45261  48.731  -41.456  -7.375 0.2000000030
45259  50.935  -41.577  -7.771 0.2000000030
45260  49.789  -41.501  -7.484 0.2000000030
43908  49.291  -42.475  -7.453 0.2000000030
47836  51.260  -39.660  -7.843 0.2000000030
46608  50.912  -40.410  -7.817 0.2000000030
46610  49.221  -40.490  -7.415 0.2000000030
45262  47.685  -41.448  -7.364 0.2000000030
46612  47.246  -40.504  -7.520 0.2000000030
49014  47.452  -38.575  -7.968 0.1000000015
47839  48.759  -39.538  -7.377 0.2000000030
47840  47.785  -39.506  -7.483 0.1000000015
50201  48.263  -37.905  -7.893 0.1000000015
41253  54.283  -45.144  -9.036 0.1000000015
41274  54.137  -44.431  -9.109 0.1000000015
43906  51.053  -42.761  -7.895 0.2000000030
47837  50.519  -39.648  -7.634 0.2000000030
41311  50.269  -44.382  -11.736 0.2000000030
39933  49.541  -45.045  -11.161 0.2000000030
41310  50.699  -44.427  -12.348 0.2000000030
42639  50.395  -43.750  -12.010 0.2000000030
42624  48.724  -43.693  -10.811 0.2000000030
42623  49.384  -43.627  -11.180 0.2000000030
42640  49.857  -43.479  -11.644 0.1000000015
43963  49.217  -42.953  -11.220 0.2000000030
43964  48.375  -42.402  -10.800 0.2000000030
43979  50.179  -43.116  -12.062 0.1000000015
43980  49.393  -42.363  -11.790 0.1000000015
43981  49.081  -42.307  -11.249 0.1000000015
43991  49.529  -42.676  -12.241 0.1000000015
42649  49.155  -43.373  -12.719 0.1000000015
45318  48.248  -41.194  -10.886 0.1000000015
45335  48.915  -41.631  -11.328 0.1000000015
49028  52.443  -38.637  -8.223 0.1000000015
49027  53.310  -38.659  -8.522 0.1000000015
47857  52.079  -39.613  -8.152 0.1000000015
46674  46.845  -40.971  -9.928 0.1000000015
45319  47.473  -41.594  -10.434 0.1000000015
46682  48.744  -40.483  -11.346 0.1000000015
45345  49.243  -41.428  -12.093 0.1000000015
43992  48.433  -42.501  -12.626 0.1000000015
45346  48.641  -41.608  -12.534 0.1000000015
50209  52.898  -37.749  -8.411 0.1000000015
49010  50.868  -39.022  -7.597 0.1000000015
47907  48.361  -39.501  -11.262 0.1000000015
47891  47.584  -39.502  -10.815 0.1000000015
47905  49.599  -39.480  -12.079 0.1000000015
47906  49.110  -39.539  -11.634 0.1000000015
46672  48.179  -40.579  -10.961 0.1000000015
46681  49.327  -40.169  -11.799 0.1000000015
47920  49.863  -39.393  -12.708 0.1000000015
46694  49.382  -40.267  -12.194 0.1000000015
45334  49.242  -41.067  -11.801 0.1000000015
47939  49.324  -39.549  -13.686 0.1000000015
46713  49.159  -39.993  -12.826 0.1000000015
46695  48.904  -40.733  -12.573 0.1000000015
50210  51.932  -37.695  -8.098 0.1000000015
49053  47.233  -38.629  -10.494 0.1000000015
47919  50.302  -39.120  -13.324 0.1000000015
42647  50.300  -43.846  -12.272 0.1000000015
43990  50.141  -43.295  -12.263 0.1000000015
49068  47.882  -38.623  -11.166 0.1000000015
25582  44.171  -56.378  -22.399 0.1000000015
25583  43.302  -56.666  -22.040 0.1000000015
24236  43.448  -57.148  -22.579 0.1000000015
23032  42.940  -58.443  -23.953 0.1000000015
21766  42.377  -59.174  -24.388 0.1000000015
20511  41.357  -60.407  -25.346 0.1000000015
26923  45.434  -54.717  -21.200 0.1000000015
26924  44.911  -54.984  -21.080 0.1000000015
24265  43.060  -57.733  -23.163 0.1000000015
24264  43.781  -57.413  -23.509 0.1000000015
26953  43.877  -55.734  -21.313 0.1000000015
28315  45.547  -53.790  -20.054 0.1000000015
32334  49.017  -51.969  -17.373 0.1000000015
31054  47.489  -52.765  -19.182 0.1000000015
26973  44.731  -55.911  -22.407 0.1000000015
24237  42.477  -57.404  -22.184 0.1000000015
33585  49.908  -50.260  -15.816 0.1000000015
33609  49.822  -50.878  -16.626 0.1000000015
25563  43.597  -56.127  -21.490 0.1000000015
28316  44.899  -54.063  -19.973 0.1000000015
29640  45.337  -53.061  -18.845 0.1000000015
25564  42.516  -56.805  -21.585 0.1000000015
26925  43.661  -55.420  -20.729 0.1000000015
26896  43.446  -55.096  -20.155 0.1000000015
29666  46.649  -53.102  -19.693 0.1000000015
20531  39.661  -60.812  -25.695 0.1000000015
11469  37.748  -67.350  -11.238 0.1000000015
11479  37.661  -67.393  -11.504 0.1000000015
12650  38.082  -67.131  -11.095 0.1000000015
12651  36.998  -67.054  -10.938 0.1000000015
12658  38.512  -66.699  -11.241 0.1000000015
12673  38.020  -66.728  -12.181 0.1000000015
13911  39.407  -65.636  -10.985 0.1000000015
13912  38.703  -66.285  -10.935 0.1000000015
13942  38.323  -65.935  -12.000 0.1000000015
15126  35.694  -64.705  -10.189 0.1000000015
15138  42.141  -63.882  -10.794 0.1000000015
15140  41.356  -64.375  -10.942 0.1000000015
15156  42.254  -63.960  -10.985 0.1000000015
15177  37.332  -64.849  -12.418 0.1000000015
16371  42.888  -63.836  -7.618 0.1000000015
16424  42.513  -63.592  -10.675 0.1000000015
16425  41.708  -63.794  -10.485 0.1000000015
16430  36.974  -64.208  -10.220 0.1000000015
16437  43.082  -63.122  -10.966 0.1000000015
16445  35.483  -63.135  -12.113 0.1000000015
16457  37.219  -64.099  -12.305 0.1000000015
17744  42.277  -63.137  -7.887 0.1000000015
17747  39.789  -62.294  -7.921 0.1000000015
17766  41.960  -62.930  -8.342 0.1000000015
17769  39.553  -62.470  -8.642 0.1000000015
17787  40.706  -62.668  -9.033 0.1000000015
17803  42.202  -62.407  -10.772 0.1000000015
17804  41.469  -62.273  -10.958 0.1000000015
17805  39.713  -62.116  -11.055 0.1000000015
17839  35.194  -62.978  -12.277 0.1000000015
19131  40.353  -61.987  -10.992 0.1000000015
19144  32.856  -61.034  -13.373 0.1000000015
20333  37.371  -60.561  -10.404 0.1000000015
20348  33.588  -60.325  -11.656 0.1000000015
20361  31.936  -60.657  -15.420 0.1000000015
20375  38.902  -59.973  -16.989 0.1000000015
20395  36.867  -60.180  -17.591 0.1000000015
21559  37.444  -59.541  -9.526 0.1000000015
21576  38.224  -59.964  -10.012 0.1000000015
21593  33.282  -59.469  -11.546 0.1000000015
21602  32.975  -59.873  -12.872 0.1000000015
21656  36.043  -59.153  -16.741 0.1000000015
21675  37.150  -59.748  -17.116 0.1000000015
21676  36.384  -59.585  -17.216 0.1000000015
21678  34.188  -59.301  -17.278 0.1000000015
21679  33.224  -59.884  -17.649 0.1000000015
22750  52.706  -58.153  -5.959 0.1000000015
22758  36.949  -58.231  -5.876 0.1000000015
22778  36.441  -58.410  -6.716 0.1000000015
22788  52.392  -58.341  -6.677 0.1000000015
22807  35.731  -58.636  -8.147 0.1000000015
22822  35.174  -58.651  -8.774 0.1000000015
22824  33.787  -58.156  -9.661 0.1000000015
22867  53.729  -57.545  -13.394 0.2000000030
22873  32.897  -59.327  -13.089 0.1000000015
22891  34.163  -57.817  -14.806 0.1000000015
22906  53.085  -58.316  -15.141 0.1000000015
22910  38.946  -57.968  -15.843 0.1000000015
22912  37.719  -58.181  -15.699 0.1000000015
22913  36.823  -58.224  -15.700 0.1000000015
22927  52.559  -58.228  -16.470 0.1000000015
22933  38.215  -58.692  -16.125 0.1000000015
22938  33.906  -58.898  -16.272 0.1000000015
22944  52.221  -57.948  -17.471 0.1000000015
22951  34.910  -58.862  -16.897 0.1000000015
23989  34.843  -57.162  -6.965 0.1000000015
23997  34.932  -57.403  -7.174 0.1000000015
23998  34.613  -57.114  -7.300 0.1000000015
24004  34.328  -57.173  -7.889 0.1000000015
24019  34.265  -57.508  -8.491 0.1000000015
24031  52.228  -58.453  -10.324 0.1000000015
24036  46.295  -56.955  -10.824 0.1000000015
24057  46.604  -57.270  -11.087 0.1000000015
24093  53.808  -57.134  -13.266 0.2000000030
24109  52.979  -57.072  -15.122 0.2000000030
24113  36.023  -57.093  -14.838 0.1000000015
24124  53.107  -57.210  -15.295 0.2000000030
24128  38.985  -57.441  -15.800 0.1000000015
24138  53.065  -57.779  -16.688 0.2000000030
24147  39.640  -57.484  -16.191 0.1000000015
24150  52.692  -57.546  -17.381 0.1000000015
24159  43.480  -57.416  -17.011 0.1000000015
24166  52.301  -57.631  -18.184 0.2000000030
24167  52.288  -57.602  -18.713 0.1000000015
24182  52.214  -57.849  -19.137 0.1000000015
24196  50.244  -57.699  -20.323 0.1000000015
24216  42.221  -57.174  -21.729 0.1000000015
25258  36.427  -56.293  -4.815 0.1000000015
25274  53.861  -55.905  -5.032 0.4000000060
25277  51.815  -57.633  -5.259 0.1000000015
25281  35.513  -56.568  -5.750 0.1000000015
25311  34.398  -56.653  -7.496 0.1000000015
25337  47.453  -56.550  -9.501 0.1000000015
25339  46.139  -56.224  -10.041 0.1000000015
25356  46.435  -56.663  -10.437 0.1000000015
25377  45.527  -56.482  -11.334 0.1000000015
25380  33.761  -56.097  -11.497 0.1000000015
25395  45.967  -56.368  -12.065 0.1000000015
25397  44.461  -55.839  -11.688 0.1000000015
25403  53.788  -56.909  -13.179 0.2000000030
25406  46.957  -56.100  -13.504 0.1000000015
25409  35.155  -56.145  -13.733 0.1000000015
25423  47.639  -56.115  -14.228 0.1000000015
25427  35.587  -56.576  -14.384 0.1000000015
25437  53.161  -56.906  -15.301 0.2000000030
25479  52.962  -56.930  -17.458 0.2000000030
25480  52.624  -57.140  -17.864 0.2000000030
25488  43.933  -56.721  -16.845 0.1000000015
25501  52.161  -57.173  -18.808 0.2000000030
25514  52.321  -56.517  -18.764 0.2000000030
25515  51.895  -56.758  -19.221 0.2000000030
25537  51.579  -56.342  -19.850 0.2000000030
25542  43.377  -55.913  -21.064 0.1000000015
25543  42.908  -56.182  -20.972 0.1000000015
25562  44.061  -56.072  -21.848 0.1000000015
25584  42.901  -56.964  -22.117 0.1000000015
26671  35.614  -55.967  -5.562 0.1000000015
26691  34.854  -55.858  -6.667 0.1000000015
26711  33.697  -55.838  -9.259 0.1000000015
26732  46.430  -55.620  -9.480 0.1000000015
26734  44.989  -55.447  -10.120 0.1000000015
26752  43.610  -55.409  -10.828 0.1000000015
26769  44.061  -55.754  -11.316 0.1000000015
26774  33.944  -55.668  -11.356 0.1000000015
26785  35.027  -55.100  -12.513 0.1000000015
26798  46.174  -55.557  -13.707 0.1000000015
26819  46.257  -55.490  -14.499 0.1000000015
26822  43.782  -54.748  -14.593 0.1000000015
26825  39.335  -55.116  -14.847 0.1000000015
26847  40.590  -55.510  -15.539 0.1000000015
26862  45.914  -55.715  -15.998 0.1000000015
26863  44.980  -55.655  -16.043 0.1000000015
26864  44.024  -55.621  -16.094 0.1000000015
26874  53.031  -56.045  -17.603 0.2000000030
26893  52.887  -55.420  -18.740 0.2000000030
26895  52.097  -55.678  -19.650 0.1000000015
26952  44.436  -55.679  -21.708 0.1000000015
28029  47.856  -54.077  -2.880 0.1000000015
28115  45.842  -54.520  -9.146 0.1000000015
28141  45.998  -55.055  -9.440 0.1000000015
28144  43.475  -54.473  -9.876 0.1000000015
28148  35.253  -54.071  -9.153 0.1000000015
28166  41.720  -54.531  -11.037 0.1000000015
28168  36.058  -53.678  -10.419 0.1000000015
28185  43.011  -54.900  -11.678 0.1000000015
28186  42.392  -54.698  -11.566 0.1000000015
28191  34.771  -54.763  -11.273 0.1000000015
28204  42.839  -54.742  -12.156 0.1000000015
28207  40.575  -53.847  -12.618 0.1000000015
28208  38.294  -53.990  -12.976 0.1000000015
28230  43.694  -54.771  -13.492 0.1000000015
28232  42.062  -54.238  -13.366 0.1000000015
28235  39.521  -54.231  -13.648 0.1000000015
28236  38.702  -54.244  -13.501 0.1000000015
28253  43.941  -54.785  -13.719 0.1000000015
28259  38.985  -54.628  -14.244 0.1000000015
28269  43.513  -54.678  -14.743 0.1000000015
28270  43.008  -54.603  -14.888 0.1000000015
28294  53.128  -55.059  -18.741 0.2000000030
28337  45.741  -54.285  -20.854 0.1000000015
28338  44.469  -54.715  -20.472 0.1000000015
28339  43.941  -54.914  -20.358 0.1000000015
29356  49.197  -53.889  -2.683 0.1000000015
29420  48.111  -54.056  -4.608 0.1000000015
29474  43.149  -52.876  -8.744 0.1000000015
29479  36.195  -53.673  -8.447 0.1000000015
29480  35.683  -53.878  -8.750 0.1000000015
29500  47.454  -52.938  -9.925 0.3000000119
29502  44.974  -54.149  -9.308 0.1000000015
29525  47.451  -53.052  -10.540 0.3000000119
29530  36.533  -53.441  -10.141 0.1000000015
29547  36.910  -53.397  -11.022 0.1000000015
29562  39.406  -53.687  -12.531 0.1000000015
29587  39.818  -53.944  -13.295 0.1000000015
29601  53.547  -53.360  -14.997 0.1000000015
29609  52.870  -53.250  -16.377 0.1000000015
29638  51.524  -53.533  -18.640 0.1000000015
29641  44.900  -53.142  -18.785 0.2000000030
29667  45.586  -53.278  -19.289 0.1000000015
29683  46.035  -53.581  -20.088 0.1000000015
30796  36.872  -52.979  -5.743 0.1000000015
30816  37.359  -52.448  -6.442 0.1000000015
30835  37.728  -52.452  -7.187 0.1000000015
30845  48.159  -52.940  -8.581 0.4000000060
30846  47.853  -52.607  -8.541 0.4000000060
30880  40.610  -53.174  -9.288 0.1000000015
30918  47.236  -52.355  -11.336 0.2000000030
30933  47.934  -52.523  -12.329 0.1000000015
30934  47.523  -52.010  -12.023 0.1000000015
30966  53.077  -51.723  -15.194 0.1000000015
30976  51.338  -51.839  -17.255 0.1000000015
30978  46.748  -52.397  -16.915 0.2000000030
30980  44.924  -52.106  -16.962 0.1000000015
31000  48.180  -52.432  -17.623 0.2000000030
31002  46.154  -52.477  -17.638 0.2000000030
31030  46.464  -52.595  -18.311 0.2000000030
31055  46.585  -52.745  -18.970 0.1000000015
32146  48.116  -51.499  -7.281 0.5000000000
32147  45.084  -51.731  -6.360 0.1000000015
32151  38.924  -51.300  -6.805 0.1000000015
32165  55.292  -50.489  -7.708 0.5000000000
32170  48.313  -52.254  -7.544 0.5000000000
32174  43.723  -51.461  -7.383 0.1000000015
32176  41.857  -51.204  -7.682 0.1000000015
32193  43.191  -51.523  -7.812 0.1000000015
32197  39.564  -52.282  -8.312 0.1000000015
32216  46.359  -51.377  -9.484 0.4000000060
32217  45.854  -50.959  -9.799 0.4000000060
32229  45.865  -50.696  -10.049 0.4000000060
32289  53.267  -50.431  -15.125 0.2000000030
32290  52.933  -50.969  -15.414 0.2000000030
32292  47.987  -51.345  -15.910 0.2000000030
32293  46.986  -51.427  -15.811 0.1000000015
32294  46.090  -51.508  -15.730 0.1000000015
32308  49.421  -51.504  -16.905 0.1000000015
32309  48.426  -51.911  -16.705 0.2000000030
32331  51.108  -51.417  -17.321 0.1000000015
33407  43.799  -50.779  -6.131 0.1000000015
33410  40.988  -50.352  -6.456 0.1000000015
33428  54.386  -50.349  -7.998 0.6000000238
33438  40.324  -50.779  -7.102 0.1000000015
33456  54.790  -50.120  -8.130 0.6000000238
33486  47.169  -50.129  -11.324 0.2000000030
33487  46.682  -50.324  -10.938 0.3000000119
33540  52.707  -50.227  -13.926 0.2000000030
33561  49.112  -50.040  -14.816 0.2000000030
33563  46.588  -50.625  -14.552 0.1000000015
33582  53.314  -49.914  -15.003 0.2000000030
33584  50.686  -50.002  -16.321 0.1000000015
34578  43.765  -49.335  -3.054 0.1000000015
34682  45.609  -49.386  -8.590 0.4000000060
34701  45.374  -49.338  -9.176 0.4000000060
34702  45.118  -49.080  -9.118 0.4000000060
34720  45.864  -49.454  -9.808 0.5000000000
34773  49.158  -48.780  -13.895 0.2000000030
34775  47.424  -49.530  -13.709 0.1000000015
34794  53.183  -49.008  -14.870 0.2000000030
34799  48.034  -49.605  -13.938 0.1000000015
34820  50.950  -49.367  -15.951 0.1000000015
34841  52.473  -49.048  -16.148 0.1000000015
35784  41.792  -48.407  2.238 0.1000000015
35912  52.470  -48.221  -8.092 0.5000000000
35913  45.438  -48.560  -8.795 0.4000000060
35914  45.025  -48.896  -8.987 0.4000000060
35930  45.230  -48.875  -9.131 0.4000000060
35980  48.280  -47.788  -13.012 0.1000000015
35995  48.574  -48.067  -13.409 0.1000000015
36016  53.338  -48.338  -14.975 0.1000000015
36018  51.887  -47.729  -15.393 0.1000000015
36019  51.351  -47.942  -15.161 0.1000000015
36034  53.219  -48.445  -15.282 0.1000000015
36036  52.122  -48.216  -15.709 0.1000000015
36057  52.336  -48.710  -16.048 0.1000000015
37149  52.431  -48.060  -6.256 0.5000000000
37201  55.723  -46.500  -9.021 0.2000000030
37276  49.664  -47.470  -13.655 0.3000000119
37277  48.961  -47.466  -13.281 0.2000000030
37294  53.265  -47.937  -15.174 0.1000000015
37308  53.120  -48.109  -15.468 0.1000000015
37309  52.908  -47.828  -15.490 0.1000000015
38525  56.546  -45.887  -8.814 0.2000000030
38526  56.031  -46.185  -8.762 0.2000000030
38532  45.540  -46.574  -8.420 0.4000000060
38575  50.471  -45.871  -11.769 0.2000000030
38612  52.393  -46.820  -14.158 0.2000000030
38634  52.512  -47.101  -14.481 0.2000000030
39786  43.313  -45.831  0.178 0.1000000015
39902  56.544  -45.740  -9.013 0.1000000015
39908  50.916  -44.939  -8.109 0.3000000119
39935  48.168  -45.336  -10.611 0.3000000119
39936  47.172  -45.222  -10.158 0.3000000119
39966  51.918  -44.921  -13.185 0.3000000119
39968  49.782  -45.316  -13.269 0.2000000030
39992  51.387  -45.214  -13.642 0.3000000119
41116  43.674  -44.796  0.211 0.1000000015
41240  46.212  -44.509  -7.459 0.4000000060
41256  51.349  -44.422  -8.256 0.2000000030
41294  49.497  -44.441  -11.149 0.2000000030
41323  51.687  -44.733  -13.251 0.3000000119
42534  47.254  -43.103  -4.706 0.1000000015
42556  51.210  -43.320  -5.996 0.1000000015
42565  55.504  -44.349  -8.127 0.1000000015
42568  51.135  -43.195  -7.989 0.1000000015
42587  51.028  -44.000  -8.058 0.1000000015
42603  45.585  -43.598  -9.018 0.2000000030
43911  46.300  -42.497  -7.556 0.4000000060
43912  45.634  -42.469  -7.932 0.3000000119
43924  55.072  -42.989  -8.243 0.1000000015
43928  45.532  -42.710  -8.561 0.2000000030
43944  45.614  -42.752  -9.011 0.2000000030
43966  46.621  -42.632  -9.971 0.2000000030
45215  49.911  -40.986  -4.933 0.1000000015
45218  47.981  -41.975  -4.321 0.1000000015
46540  49.850  -40.906  -4.282 0.1000000015
46561  50.040  -40.816  -4.614 0.1000000015
46609  50.179  -40.521  -7.587 0.2000000030
46611  48.212  -40.459  -7.338 0.2000000030
46614  45.955  -41.282  -7.909 0.3000000119
46631  45.888  -41.175  -8.201 0.2000000030
46683  48.093  -40.115  -10.998 0.1000000015
49013  48.403  -38.650  -7.575 0.1000000015
49015  46.878  -39.114  -8.084 0.1000000015
49029  51.475  -38.656  -7.829 0.1000000015
49067  48.685  -38.732  -11.558 0.1000000015
50213  48.810  -37.246  -8.197 0.1000000015
