#!ascii label  , from subject S5_08 vox2ras=TkReg
770
78412  23.940  -13.411  -14.267 0.1428571492
78403  22.923  -13.782  -13.137 0.1428571492
79507  23.020  -12.421  -13.674 0.1428571492
77284  25.251  -14.349  -14.457 0.1428571492
79522  23.537  -12.229  -14.124 0.2857142985
78402  23.171  -13.127  -13.740 0.1428571492
78411  24.848  -13.382  -14.725 0.1428571492
80665  23.414  -11.282  -13.995 0.5714285970
79520  25.407  -12.422  -14.718 0.1428571492
81870  26.647  -10.920  -14.952 0.2857142985
80662  26.012  -11.333  -14.945 0.2857142985
81886  27.071  -9.989  -15.156 0.1428571492
84500  27.036  -8.204  -16.840 0.2857142985
84485  26.582  -8.637  -16.267 0.1428571492
83186  26.091  -9.145  -16.002 0.2857142985
86995  28.437  -6.555  -17.367 0.2857142985
85748  28.517  -7.228  -16.333 0.2857142985
88231  27.851  -5.773  -18.219 0.2857142985
87013  27.383  -6.126  -18.205 0.2857142985
89371  28.289  -4.440  -17.891 0.2857142985
91509  27.660  -1.953  -16.731 0.8571428657
90447  28.009  -3.521  -17.422 0.4285714328
89388  28.251  -5.180  -18.175 0.2857142985
93750  27.838  -0.437  -16.642 0.7142857313
92620  28.974  -1.469  -16.875 0.7142857313
91508  28.324  -1.988  -16.883 0.7142857313
91525  26.851  -2.343  -16.832 0.7142857313
94836  29.548  0.247  -16.626 0.8571428657
93749  28.787  -0.554  -16.631 0.5714285970
93762  27.216  -0.042  -16.859 0.8571428657
92621  28.133  -1.314  -16.667 0.7142857313
92622  27.316  -1.386  -16.726 0.7142857313
95916  29.457  1.896  -15.799 0.4285714328
94837  28.673  0.457  -16.519 0.7142857313
94838  27.833  0.656  -16.649 0.8571428657
97996  30.680  3.125  -15.636 0.2857142985
97997  29.791  3.350  -15.439 0.5714285970
96943  29.135  2.544  -15.609 0.7142857313
95935  28.614  1.577  -16.145 0.8571428657
99077  30.528  4.198  -15.459 0.1428571492
99090  31.837  3.703  -16.372 0.1428571492
96962  28.297  2.610  -16.145 0.8571428657
100088  31.206  5.795  -14.760 0.1428571492
99075  32.031  4.311  -16.226 0.1428571492
100104  31.360  4.961  -15.254 0.1428571492
99078  29.563  4.364  -15.459 0.4285714328
98016  27.428  3.419  -17.003 0.8571428657
101120  32.526  6.489  -14.843 0.1428571492
100086  32.508  5.895  -15.311 0.1428571492
100105  30.317  5.304  -15.000 0.1428571492
100106  29.193  5.261  -15.216 0.4285714328
99079  28.573  4.454  -15.732 0.5714285970
101122  30.532  6.499  -14.199 0.1428571492
101109  30.322  7.039  -13.711 0.1428571492
101136  29.671  5.992  -14.766 0.1428571492
101137  28.814  6.092  -14.963 0.5714285970
99091  27.739  4.611  -16.536 0.8571428657
98033  27.689  3.972  -16.999 0.8571428657
99109  27.481  4.312  -17.124 0.8571428657
102193  32.309  7.483  -14.229 0.1428571492
102179  30.153  7.668  -13.556 0.2857142985
101123  29.339  6.739  -14.297 0.1428571492
101124  28.525  6.824  -14.698 0.8571428657
100107  28.201  5.413  -15.668 0.8571428657
100122  27.079  5.736  -16.371 0.8571428657
103266  30.344  8.671  -13.453 0.1428571492
104313  31.470  9.702  -13.571 0.1428571492
102180  29.359  7.605  -13.826 0.4285714328
103297  27.748  7.982  -15.215 0.8571428657
102207  27.420  7.397  -15.437 0.8571428657
101153  26.690  6.526  -16.379 0.8571428657
101169  26.090  6.534  -17.154 0.8571428657
103284  28.849  8.425  -14.004 0.4285714328
102209  26.657  8.034  -16.879 0.8571428657
102220  26.452  6.999  -16.540 0.8571428657
103327  25.712  7.831  -17.425 0.8571428657
104314  30.659  9.656  -13.390 0.1428571492
105317  30.200  10.607  -13.308 0.2857142985
104315  29.550  9.560  -13.446 0.5714285970
104331  27.749  9.543  -14.721 0.8571428657
103286  27.535  9.027  -15.022 0.8571428657
103298  27.218  8.485  -15.478 0.8571428657
103299  26.460  8.458  -16.256 0.8571428657
104351  25.960  9.240  -16.221 0.8571428657
103328  25.277  8.224  -17.404 0.8571428657
106403  30.687  11.589  -13.348 0.2857142985
105318  29.293  10.660  -13.472 0.7142857313
104316  28.895  10.052  -13.482 0.5714285970
105333  27.856  10.480  -14.402 0.8571428657
104340  26.628  9.370  -15.733 0.8571428657
104353  24.428  9.377  -16.768 0.8571428657
103312  25.511  8.649  -17.164 0.8571428657
106421  28.073  11.181  -13.942 0.8571428657
105334  27.126  10.783  -14.686 0.8571428657
105355  26.204  10.052  -15.899 0.8571428657
105358  24.047  10.418  -16.329 0.7142857313
105357  24.781  10.335  -16.425 0.7142857313
106422  27.388  11.531  -14.258 0.8571428657
106423  26.597  11.479  -14.808 0.8571428657
105345  25.960  10.688  -15.676 0.8571428657
107554  25.636  11.865  -15.552 0.8571428657
107541  25.926  12.454  -15.166 0.8571428657
106449  24.414  11.163  -15.976 0.7142857313
108560  28.757  13.658  -13.570 0.7142857313
107540  26.793  12.523  -14.486 0.8571428657
108571  27.294  13.641  -14.394 0.8571428657
108572  26.325  13.546  -14.741 0.8571428657
109517  26.637  14.602  -14.581 0.7142857313
106434  26.002  11.348  -15.333 0.8571428657
112445  31.847  17.517  -15.226 0.1428571492
108570  28.090  14.186  -14.157 0.8571428657
109515  28.032  15.012  -14.041 0.7142857313
110503  28.440  15.612  -14.013 0.7142857313
109516  27.426  14.790  -14.265 0.8571428657
114323  32.061  19.330  -15.864 0.1428571492
112413  29.760  16.831  -13.734 0.5714285970
112426  30.033  17.677  -13.787 0.5714285970
112428  27.854  17.467  -14.253 0.5714285970
113391  30.471  18.556  -14.379 0.1428571492
116236  31.122  21.245  -17.369 0.1428571492
113393  28.409  18.465  -14.319 0.5714285970
117168  30.966  22.465  -16.393 0.1428571492
117172  31.082  22.248  -17.418 0.1428571492
115247  30.414  20.737  -14.592 0.1428571492
118100  30.755  23.280  -17.029 0.1428571492
114300  29.981  19.635  -14.405 0.5714285970
118094  30.594  23.388  -16.242 0.1428571492
117155  30.393  22.844  -15.411 0.1428571492
118987  30.467  24.219  -16.649 0.1428571492
118076  30.162  23.999  -15.882 0.1428571492
76053  23.895  -14.643  -14.282 0.1428571492
77277  22.869  -14.566  -13.298 0.1428571492
79521  24.500  -12.373  -14.567 0.2857142985
80663  25.077  -11.535  -14.855 0.2857142985
84484  27.288  -8.404  -16.177 0.2857142985
84460  27.003  -8.901  -15.793 0.2857142985
83161  26.553  -9.363  -15.778 0.1428571492
89372  27.102  -4.440  -17.469 0.2857142985
88212  27.630  -5.250  -17.936 0.2857142985
91524  27.764  -2.654  -16.946 0.4285714328
90448  26.988  -3.350  -17.180 0.5714285970
95934  29.498  1.182  -16.239 0.2857142985
92639  26.514  -1.417  -16.920 0.7142857313
96941  30.802  2.113  -16.039 0.1428571492
95936  27.630  1.706  -16.601 0.8571428657
97998  28.869  3.487  -15.659 0.7142857313
102194  31.405  7.107  -13.702 0.1428571492
100108  27.541  5.830  -15.817 0.8571428657
100139  27.003  5.437  -17.064 0.8571428657
102232  25.903  7.320  -17.315 0.8571428657
106405  28.764  11.575  -13.630 0.8571428657
107528  28.350  12.591  -13.633 0.8571428657
109506  29.383  14.556  -13.423 0.8571428657
111483  29.543  16.128  -13.745 0.7142857313
114299  30.996  19.708  -14.669 0.1428571492
116231  31.394  21.181  -16.576 0.1428571492
118104  29.814  23.331  -18.547 0.1428571492
80664  24.265  -11.158  -14.493 0.4285714328
80677  25.905  -10.675  -15.324 0.2857142985
80679  24.927  -10.931  -14.827 0.4285714328
81906  26.130  -9.763  -15.866 0.1428571492
85749  27.725  -7.668  -16.609 0.2857142985
86977  28.172  -6.916  -16.884 0.2857142985
85763  27.086  -7.572  -17.296 0.2857142985
84501  26.428  -8.137  -17.053 0.2857142985
86996  27.868  -7.028  -17.643 0.2857142985
100103  32.331  5.120  -16.023 0.1428571492
102206  32.820  7.442  -15.235 0.1428571492
102177  31.718  8.126  -13.657 0.1428571492
103264  31.787  8.985  -13.688 0.1428571492
102196  28.678  7.577  -14.386 0.8571428657
99129  26.925  5.092  -17.718 0.8571428657
99130  26.673  4.795  -17.804 1.0000000000
105316  31.133  10.603  -13.371 0.1428571492
106402  31.580  11.575  -13.730 0.1428571492
106404  29.765  11.599  -13.326 0.2857142985
104354  23.733  9.509  -16.503 0.8571428657
107526  30.229  12.578  -13.183 0.5714285970
108559  29.762  13.570  -13.226 0.5714285970
109505  30.248  14.477  -13.311 0.5714285970
110495  29.102  15.465  -13.655 0.7142857313
112412  30.375  16.952  -13.832 0.4285714328
111493  31.388  16.360  -14.226 0.2857142985
112424  31.445  17.276  -14.669 0.2857142985
113390  31.379  18.353  -14.795 0.1428571492
115248  29.357  20.603  -14.475 0.2857142985
116220  31.596  20.887  -15.882 0.1428571492
116202  30.448  21.733  -14.973 0.1428571492
116203  29.678  21.628  -14.633 0.1428571492
117156  29.748  22.959  -14.920 0.1428571492
117171  31.287  21.672  -17.039 0.1428571492
118966  30.136  24.567  -16.237 0.1428571492
118077  29.386  23.772  -15.128 0.1428571492
118988  30.140  24.991  -16.538 0.1428571492
108558  30.628  13.538  -13.343 0.4285714328
109504  31.010  14.454  -13.520 0.4285714328
110492  31.254  15.328  -13.846 0.4285714328
110493  30.644  15.302  -13.576 0.5714285970
111482  30.294  16.168  -13.743 0.5714285970
77286  23.870  -14.160  -14.267 0.1428571492
79519  26.295  -12.430  -14.528 0.1428571492
80678  25.424  -10.811  -15.096 0.1428571492
81887  26.480  -10.282  -15.388 0.1428571492
93751  27.034  -0.747  -16.829 0.7142857313
96942  30.010  2.446  -15.599 0.5714285970
101110  29.925  7.047  -13.822 0.5714285970
100121  27.563  5.295  -16.224 0.8571428657
101138  27.953  6.486  -15.317 0.8571428657
103285  28.057  8.509  -14.740 0.8571428657
105343  27.330  10.158  -14.890 0.8571428657
104339  27.231  9.532  -15.246 0.8571428657
104352  25.285  9.198  -16.737 0.8571428657
105344  26.650  10.430  -15.298 0.8571428657
106406  27.955  11.861  -13.760 0.8571428657
107529  27.556  12.570  -13.964 0.8571428657
114314  32.142  18.898  -15.727 0.1428571492
113392  29.477  18.535  -14.233 0.5714285970
112427  29.001  17.320  -13.972 0.5714285970
116237  30.780  21.451  -18.087 0.1428571492
114301  28.905  19.539  -14.390 0.4285714328
115265  30.928  21.052  -14.992 0.1428571492
118103  30.666  23.221  -17.916 0.1428571492
117175  30.412  22.366  -18.269 0.1428571492
115264  31.369  20.479  -15.292 0.1428571492
84458  28.144  -8.483  -15.047 0.1428571492
107527  29.281  12.590  -13.371 0.5714285970
81871  24.305  -10.148  -14.359 0.4285714328
86998  26.139  -6.532  -17.142 0.5714285970
116204  28.696  21.517  -14.543 0.1428571492
86979  24.824  -6.414  -16.057 0.5714285970
86954  23.409  -6.533  -14.892 0.5714285970
85701  22.696  -6.887  -14.028 0.2857142985
88171  24.073  -5.462  -15.551 0.5714285970
88172  23.086  -5.312  -14.857 0.5714285970
84438  22.944  -7.664  -13.611 0.4285714328
85702  22.668  -6.623  -13.758 0.2857142985
86933  22.591  -5.909  -13.786 0.4285714328
88193  26.323  -4.992  -17.138 0.4285714328
89323  24.131  -4.622  -15.692 0.5714285970
89325  22.642  -4.542  -14.647 0.5714285970
89326  22.182  -4.695  -14.224 0.4285714328
89348  25.727  -4.184  -16.972 0.5714285970
90426  24.140  -3.510  -16.163 0.5714285970
89324  23.577  -4.288  -15.321 0.4285714328
90425  25.175  -3.322  -16.785 0.7142857313
90409  23.329  -3.125  -15.689 0.4285714328
86956  22.482  -5.255  -13.999 0.4285714328
86918  22.350  -5.952  -13.275 0.2857142985
90411  22.106  -4.067  -14.443 0.4285714328
90424  25.602  -3.573  -17.001 0.7142857313
91527  25.286  -2.261  -16.882 0.7142857313
92625  23.168  -1.460  -16.012 0.4285714328
93766  23.689  -0.423  -16.913 0.7142857313
93753  23.108  -0.609  -16.105 0.5714285970
93767  23.224  0.052  -16.517 0.7142857313
94840  22.876  0.387  -16.042 0.2857142985
91526  25.969  -2.238  -16.939 0.5714285970
92640  25.713  -1.370  -17.174 0.5714285970
92641  24.690  -1.431  -17.093 0.7142857313
94852  24.282  0.529  -17.344 0.7142857313
95937  23.191  1.063  -16.308 0.7142857313
95952  24.161  1.450  -17.158 0.7142857313
96964  23.134  1.620  -16.538 0.7142857313
95939  22.092  2.034  -15.731 0.4285714328
93764  25.451  -0.365  -17.440 0.5714285970
94869  25.385  1.470  -17.768 0.5714285970
95972  24.734  1.902  -17.720 0.7142857313
96980  24.283  2.196  -17.509 0.7142857313
98057  24.864  3.394  -18.103 0.7142857313
96982  22.759  2.344  -16.484 0.7142857313
98039  22.501  2.706  -16.107 0.5714285970
99080  22.208  3.905  -15.727 0.5714285970
96963  27.475  2.713  -16.750 0.7142857313
95950  26.199  1.964  -17.742 0.5714285970
95970  25.760  2.080  -17.935 0.5714285970
96998  26.187  2.671  -18.231 0.7142857313
97017  25.323  2.382  -18.166 0.7142857313
99112  24.227  4.171  -17.589 0.8571428657
96944  21.538  2.371  -15.390 0.4285714328
99113  23.506  4.466  -16.999 0.7142857313
100142  24.727  5.117  -17.869 0.7142857313
99081  21.737  4.419  -15.519 0.5714285970
100124  23.144  5.103  -16.567 0.7142857313
96979  26.717  2.646  -17.912 0.5714285970
98036  24.155  2.971  -17.541 0.7142857313
99132  25.102  4.374  -18.144 0.8571428657
100143  24.013  5.434  -17.316 0.7142857313
99095  22.076  5.107  -15.685 0.5714285970
100092  21.178  5.906  -14.812 0.2857142985
98034  27.120  3.827  -17.378 0.7142857313
101189  25.235  5.802  -18.062 0.7142857313
102223  22.519  7.347  -15.749 0.7142857313
100161  26.028  5.486  -17.971 0.7142857313
101171  24.936  6.172  -17.904 0.8571428657
100125  22.513  5.591  -15.869 0.8571428657
103329  24.396  8.358  -17.163 0.8571428657
101172  24.224  6.554  -17.267 0.8571428657
101140  22.042  6.639  -15.495 0.5714285970
102222  23.228  7.558  -16.299 0.8571428657
103330  23.783  8.188  -16.773 0.8571428657
102211  21.299  7.577  -14.851 0.7142857313
101170  25.675  6.337  -17.589 0.8571428657
102235  23.915  7.418  -17.033 0.8571428657
103315  22.703  8.343  -15.691 0.8571428657
103313  23.916  8.856  -16.818 0.8571428657
103316  22.308  8.710  -15.259 0.7142857313
107567  24.637  11.713  -15.851 0.7142857313
106438  23.264  11.534  -15.238 0.7142857313
107555  25.107  12.299  -15.708 0.5714285970
106424  22.891  11.604  -14.545 0.7142857313
107557  23.658  12.251  -15.261 0.7142857313
107542  25.401  12.951  -15.363 0.7142857313
108573  25.601  13.564  -15.129 0.8571428657
109525  24.529  14.220  -15.253 0.7142857313
108587  23.503  12.931  -14.721 0.7142857313
110522  23.617  14.448  -14.924 0.7142857313
110521  24.018  14.823  -15.024 0.7142857313
109520  22.923  14.062  -13.724 0.5714285970
109518  25.846  14.508  -14.931 0.7142857313
110520  24.706  15.344  -15.184 0.7142857313
110509  23.368  15.073  -14.375 0.5714285970
111514  25.071  15.839  -15.367 0.4285714328
110508  24.099  15.731  -14.884 0.5714285970
110496  22.568  15.164  -13.505 0.5714285970
110506  26.089  15.511  -14.831 0.5714285970
109509  22.172  14.209  -13.053 0.5714285970
111498  25.381  16.390  -15.016 0.5714285970
111501  22.717  15.957  -13.989 0.5714285970
109510  21.957  14.826  -12.479 0.5714285970
111486  22.197  16.071  -13.234 0.5714285970
110497  22.013  15.258  -12.836 0.5714285970
111499  24.533  16.551  -14.830 0.5714285970
109501  21.711  14.754  -11.893 0.4285714328
108552  22.485  13.545  -12.223 0.4285714328
110488  21.638  15.287  -12.219 0.5714285970
110474  21.006  14.861  -10.272 0.4285714328
91523  28.745  -2.514  -17.360 0.2857142985
111477  21.643  15.799  -11.822 0.2857142985
110483  21.447  15.163  -11.408 0.4285714328
108532  20.205  12.966  -9.872 0.2857142985
85728  24.347  -7.360  -15.417 0.5714285970
84463  23.891  -8.416  -14.836 0.5714285970
88214  26.218  -5.694  -17.154 0.2857142985
86931  23.168  -6.823  -14.468 0.5714285970
88213  26.849  -5.709  -17.761 0.2857142985
88194  25.549  -5.534  -16.623 0.5714285970
88153  22.044  -4.960  -13.969 0.4285714328
90410  22.730  -3.595  -14.958 0.4285714328
88139  21.780  -5.126  -13.524 0.2857142985
89292  21.551  -4.295  -13.770 0.2857142985
91512  23.303  -2.058  -16.068 0.5714285970
92637  29.532  -1.678  -17.611 0.2857142985
93736  21.587  -0.705  -14.898 0.2857142985
94839  23.209  0.696  -16.315 0.7142857313
101188  25.453  5.832  -17.959 0.8571428657
100109  22.261  6.090  -15.597 0.7142857313
105347  23.502  10.560  -15.706 0.7142857313
105335  22.781  10.851  -14.945 0.7142857313
143680  22.501  10.112  -14.466 0.7142857313
109527  23.347  13.864  -14.761 0.7142857313
110505  26.911  15.605  -14.438 0.5714285970
111497  26.388  16.511  -14.574 0.5714285970
111496  27.324  16.537  -14.364 0.5714285970
111485  23.002  16.496  -13.477 0.2857142985
90395  22.140  -3.135  -14.504 0.4285714328
86997  27.051  -6.795  -17.899 0.2857142985
94849  27.048  0.760  -17.126 0.7142857313
98055  26.487  3.709  -17.780 0.7142857313
96997  26.992  2.968  -18.273 0.7142857313
102233  25.384  7.226  -17.514 0.7142857313
90449  25.989  -3.208  -17.117 0.5714285970
90450  25.592  -2.764  -16.952 0.5714285970
104342  22.317  9.303  -14.858 0.7142857313
93763  26.453  -0.365  -17.220 0.5714285970
86978  25.500  -6.442  -16.600 0.5714285970
86953  24.179  -6.442  -15.431 0.5714285970
85751  24.936  -7.243  -15.986 0.4285714328
86932  22.975  -6.539  -14.250 0.5714285970
86955  22.857  -5.747  -14.283 0.4285714328
85700  23.234  -7.366  -14.321 0.5714285970
88195  24.758  -5.493  -16.130 0.5714285970
88173  22.565  -5.072  -14.269 0.4285714328
89349  24.719  -4.543  -16.198 0.5714285970
89350  24.171  -4.230  -15.779 0.5714285970
89305  21.826  -4.398  -14.149 0.4285714328
91511  23.752  -2.462  -16.315 0.5714285970
91494  23.238  -2.507  -15.894 0.4285714328
91510  24.551  -2.484  -16.628 0.5714285970
92624  23.812  -1.462  -16.576 0.7142857313
93752  23.458  -0.982  -16.406 0.5714285970
93735  22.360  -0.631  -15.498 0.4285714328
92604  22.682  -1.314  -15.539 0.4285714328
92642  24.156  -0.941  -17.095 0.7142857313
93765  24.526  -0.370  -17.449 0.7142857313
94823  21.979  -0.011  -15.438 0.2857142985
94851  25.210  0.674  -17.617 0.7142857313
96981  23.519  2.162  -16.945 0.7142857313
94850  26.173  0.822  -17.603 0.5714285970
98037  23.255  3.392  -16.790 0.7142857313
98001  20.949  3.777  -15.120 0.2857142985
100110  21.636  5.550  -15.305 0.5714285970
100093  20.645  5.375  -14.631 0.2857142985
107558  23.192  12.289  -14.645 0.7142857313
108586  23.834  13.085  -15.234 0.7142857313
109494  21.376  14.445  -11.044 0.4285714328
80648  22.964  -11.784  -13.616 0.4285714328
88191  29.251  -5.836  -16.715 0.1428571492
87011  28.425  -6.509  -18.016 0.1428571492
88230  28.554  -5.651  -18.100 0.1428571492
89370  28.941  -4.241  -18.137 0.1428571492
90446  29.110  -3.645  -17.925 0.1428571492
88210  29.229  -5.420  -17.616 0.1428571492
90464  29.571  -3.601  -18.794 0.1428571492
89387  28.942  -4.566  -18.256 0.1428571492
88229  29.230  -4.896  -18.084 0.1428571492
90445  29.478  -3.276  -18.461 0.1428571492
92636  30.140  -1.234  -17.893 0.2857142985
94835  30.096  -0.061  -16.992 0.1428571492
105359  23.634  10.006  -16.170 0.5714285970
119806  28.707  25.638  -15.741 0.1428571492
102198  21.161  8.267  -14.360 0.4285714328
119807  27.558  25.759  -15.627 0.1428571492
118061  28.721  23.437  -14.790 0.1428571492
143673  21.245  10.005  -13.407 0.4285714328
107530  22.493  11.034  -13.640 0.4285714328
116207  25.750  21.271  -14.763 0.2857142985
113396  25.550  18.484  -14.323 0.2857142985
112431  25.049  17.527  -14.540 0.2857142985
114303  26.827  19.445  -14.560 0.2857142985
143669  20.271  11.107  -12.546 0.1428571492
107543  22.656  12.217  -14.113 0.5714285970
113398  24.439  18.276  -14.009 0.2857142985
112429  26.847  17.490  -14.364 0.4285714328
108554  21.017  11.856  -12.614 0.4285714328
108562  22.575  13.418  -13.675 0.5714285970
112432  24.283  17.660  -14.179 0.2857142985
108553  21.709  13.293  -12.443 0.2857142985
111475  22.779  16.846  -12.775 0.1428571492
112415  23.568  17.471  -13.343 0.1428571492
111469  21.558  15.687  -10.918 0.1428571492
111467  22.750  16.927  -11.810 0.1428571492
113381  24.342  18.567  -13.637 0.1428571492
111460  21.558  15.506  -10.319 0.2857142985
110448  21.749  14.756  -8.448 0.1428571492
112407  23.130  17.789  -12.373 0.1428571492
110473  21.554  15.312  -9.770 0.1428571492
112400  22.570  17.036  -10.863 0.1428571492
112392  22.782  16.813  -10.427 0.1428571492
81854  23.022  -10.801  -13.480 0.4285714328
83129  22.942  -10.167  -13.026 0.2857142985
88192  28.766  -6.234  -17.088 0.1428571492
89385  30.088  -4.417  -18.085 0.1428571492
91539  29.576  -2.883  -18.819 0.1428571492
103287  21.652  9.623  -13.844 0.2857142985
111495  28.221  16.482  -14.182 0.4285714328
114302  27.845  19.472  -14.449 0.2857142985
113380  24.807  19.022  -13.744 0.2857142985
114304  25.911  19.470  -14.574 0.2857142985
113376  23.801  18.573  -12.852 0.2857142985
83106  22.723  -9.888  -12.537 0.2857142985
83146  27.482  -9.612  -14.935 0.1428571492
86975  29.250  -6.515  -16.061 0.1428571492
93747  29.928  -0.510  -17.063 0.1428571492
92638  28.979  -1.899  -17.226 0.1428571492
108546  21.142  12.674  -11.928 0.1428571492
103288  20.777  8.813  -13.768 0.4285714328
109508  22.457  13.673  -13.491 0.5714285970
115252  25.342  20.597  -14.670 0.2857142985
115251  26.270  20.394  -14.672 0.2857142985
115250  27.263  20.408  -14.541 0.2857142985
117139  27.004  22.113  -14.661 0.2857142985
118063  27.165  22.876  -14.787 0.1428571492
118080  26.130  23.227  -15.154 0.1428571492
118078  28.227  23.936  -15.095 0.1428571492
114290  24.821  19.649  -13.598 0.2857142985
118062  28.074  23.190  -14.729 0.1428571492
117137  29.066  22.688  -14.636 0.1428571492
94847  31.037  0.577  -17.771 0.2857142985
117141  25.437  21.743  -15.062 0.2857142985
116205  27.659  21.351  -14.578 0.1428571492
81872  23.717  -10.413  -13.932 0.4285714328
93761  29.677  -1.102  -17.214 0.4285714328
113394  27.354  18.472  -14.396 0.2857142985
115249  28.298  20.486  -14.481 0.2857142985
143675  21.895  10.441  -13.553 0.4285714328
108574  22.809  13.593  -13.760 0.5714285970
112430  25.895  17.468  -14.480 0.2857142985
111487  21.838  15.749  -12.525 0.4285714328
109473  20.447  14.100  -8.677 0.2857142985
111476  22.220  16.255  -12.254 0.2857142985
104341  22.916  9.876  -15.187 0.5714285970
108575  22.887  13.169  -14.104 0.5714285970
111500  23.645  16.431  -14.173 0.2857142985
90465  29.156  -4.056  -18.410 0.1428571492
89369  29.724  -5.039  -16.975 0.1428571492
90478  30.098  -3.226  -19.210 0.1428571492
114305  25.311  19.509  -14.252 0.2857142985
113395  26.375  18.474  -14.443 0.2857142985
108564  21.688  11.641  -13.234 0.4285714328
108563  22.127  12.781  -13.360 0.4285714328
81855  22.643  -10.806  -13.183 0.2857142985
91555  29.828  -2.742  -19.185 0.1428571492
103274  20.298  8.915  -13.426 0.2857142985
116206  26.649  21.289  -14.603 0.2857142985
118079  27.219  23.694  -15.135 0.1428571492
98000  21.836  3.322  -15.614 0.4285714328
100111  21.192  5.188  -14.894 0.2857142985
115238  24.528  20.390  -13.313 0.1428571492
115266  24.913  21.119  -14.980 0.1428571492
117160  23.872  21.929  -15.056 0.1428571492
113363  23.964  18.407  -11.001 0.1428571492
116195  24.076  21.398  -13.949 0.1428571492
115254  24.511  20.863  -14.023 0.1428571492
116223  24.538  21.474  -15.076 0.1428571492
114288  24.256  19.451  -12.552 0.1428571492
115235  24.448  20.408  -12.478 0.1428571492
117142  23.807  22.067  -14.575 0.1428571492
114291  24.408  19.302  -13.159 0.1428571492
116190  24.411  21.119  -12.417 0.1428571492
116193  24.007  21.379  -13.074 0.1428571492
99082  21.113  4.719  -14.965 0.2857142985
114286  24.338  19.537  -11.597 0.1428571492
118083  23.894  22.582  -15.006 0.1428571492
89373  26.400  -3.905  -17.238 0.2857142985
115253  24.915  20.521  -14.245 0.1428571492
117158  24.974  22.194  -15.280 0.1428571492
116224  24.099  21.722  -15.098 0.1428571492
115233  24.635  20.531  -11.848 0.1428571492
89347  26.363  -4.380  -17.222 0.4285714328
83162  25.273  -9.238  -15.725 0.2857142985
81907  25.774  -9.530  -15.923 0.1428571492
84461  25.252  -8.518  -15.836 0.2857142985
85727  25.131  -7.883  -15.887 0.2857142985
83147  24.361  -9.624  -14.695 0.2857142985
85765  25.967  -7.311  -17.100 0.2857142985
83164  24.140  -9.180  -14.760 0.4285714328
84486  25.759  -8.458  -16.320 0.1428571492
85750  25.517  -7.283  -16.551 0.2857142985
85729  23.677  -7.441  -14.885 0.4285714328
84462  24.705  -8.464  -15.520 0.2857142985
83163  24.498  -9.212  -15.161 0.2857142985
83128  23.267  -9.608  -13.505 0.2857142985
83148  23.861  -9.429  -14.244 0.2857142985
84415  23.068  -9.016  -13.447 0.2857142985
84437  23.313  -8.606  -13.809 0.2857142985
91477  22.100  -2.549  -14.600 0.2857142985
91496  22.079  -2.232  -14.672 0.2857142985
92605  22.026  -1.586  -14.854 0.2857142985
95917  22.088  0.721  -15.462 0.1428571492
95918  21.536  1.427  -15.045 0.1428571492
96945  20.956  2.843  -14.929 0.1428571492
101125  20.907  6.122  -14.653 0.1428571492
101142  20.912  7.076  -14.760 0.1428571492
101126  20.424  6.619  -14.338 0.1428571492
102212  20.870  7.439  -14.530 0.1428571492
101111  20.257  7.254  -13.838 0.1428571492
143668  20.626  9.766  -13.260 0.1428571492
107531  21.347  10.691  -13.325 0.1428571492
143659  19.845  10.505  -12.699 0.1428571492
143667  19.831  9.837  -12.890 0.1428571492
109500  22.565  14.180  -12.236 0.1428571492
109493  22.044  14.181  -11.525 0.1428571492
109481  22.051  13.691  -11.272 0.1428571492
103300  22.216  8.264  -15.261 0.2857142985
102184  20.093  8.052  -13.579 0.1428571492
143677  20.482  10.890  -13.020 0.1428571492
80649  22.557  -11.407  -13.186 0.2857142985
90396  21.623  -3.677  -14.109 0.2857142985
95900  20.341  1.433  -14.266 0.1428571492
97984  20.186  3.181  -14.429 0.1428571492
99067  20.252  4.188  -14.636 0.1428571492
99069  19.065  5.140  -13.844 0.1428571492
100094  19.518  5.641  -14.071 0.1428571492
100078  19.447  6.054  -13.728 0.1428571492
101112  19.624  6.813  -13.630 0.1428571492
104302  19.253  9.925  -12.679 0.1428571492
109499  22.499  13.754  -11.874 0.1428571492
91478  21.424  -2.552  -14.171 0.2857142985
95919  20.971  2.101  -14.735 0.1428571492
101141  21.244  6.642  -15.013 0.1428571492
108545  21.796  13.098  -11.787 0.1428571492
102199  20.650  7.702  -14.026 0.1428571492
92587  21.173  -1.537  -14.280 0.1428571492
100095  19.140  5.441  -13.750 0.1428571492
81815  22.494  -10.761  -12.190 0.1428571492
81836  22.495  -10.807  -12.819 0.1428571492
81805  22.846  -10.723  -11.553 0.1428571492
83086  22.564  -9.789  -11.934 0.1428571492
95933  30.612  1.178  -16.631 0.1428571492
95947  31.241  1.054  -17.453 0.1428571492
108569  31.727  13.579  -14.186 0.1428571492
80631  22.499  -11.790  -12.489 0.1428571492
84416  22.763  -8.811  -13.180 0.1428571492
84394  22.623  -8.879  -12.445 0.1428571492
85684  22.587  -6.668  -13.492 0.1428571492
107539  31.498  12.673  -13.949 0.1428571492
109513  31.862  14.486  -14.549 0.1428571492
106420  31.702  12.094  -14.209 0.1428571492
95932  31.115  1.429  -16.897 0.1428571492
84417  22.687  -7.504  -13.287 0.1428571492
77276  23.345  -14.349  -13.863 0.1428571492
83160  27.069  -9.510  -15.464 0.1428571492
83187  25.740  -9.097  -15.951 0.1428571492
84439  22.647  -7.075  -13.647 0.2857142985
84502  25.899  -7.841  -17.121 0.2857142985
85699  28.450  -8.143  -14.945 0.1428571492
85724  28.954  -7.163  -15.743 0.1428571492
85747  28.926  -6.901  -16.232 0.1428571492
85764  26.438  -7.381  -17.275 0.2857142985
86976  28.733  -6.565  -16.664 0.1428571492
87012  27.886  -6.406  -18.202 0.1428571492
88174  22.287  -4.964  -14.072 0.4285714328
88209  29.656  -4.759  -17.672 0.1428571492
88211  28.793  -6.080  -17.595 0.1428571492
88228  29.652  -4.571  -17.984 0.1428571492
88232  27.401  -5.730  -18.125 0.2857142985
89386  29.579  -4.313  -18.407 0.1428571492
90479  29.938  -3.026  -19.266 0.1428571492
91495  22.695  -2.344  -15.261 0.4285714328
91507  28.720  -1.947  -17.104 0.7142857313
91522  29.462  -2.760  -18.066 0.1428571492
92619  29.455  -1.249  -17.104 0.4285714328
92623  24.235  -1.939  -16.597 0.7142857313
92663  29.750  -2.470  -19.042 0.1428571492
93748  29.592  -0.703  -16.908 0.4285714328
93760  30.076  -0.757  -17.382 0.1428571492
94848  30.716  0.245  -17.603 0.2857142985
94853  23.504  0.612  -16.630 0.7142857313
94854  23.218  0.338  -16.404 0.7142857313
94866  31.029  0.462  -18.272 0.2857142985
94868  25.765  1.395  -17.783 0.5714285970
95914  30.519  1.724  -16.224 0.1428571492
95915  30.151  1.763  -16.030 0.4285714328
95938  22.538  1.539  -16.072 0.7142857313
95948  30.916  0.797  -17.171 0.1428571492
95949  26.811  1.947  -17.241 0.8571428657
95951  24.842  1.305  -17.631 0.5714285970
95953  23.542  1.393  -16.674 0.7142857313
95954  22.370  2.115  -16.152 0.4285714328
95955  22.299  2.242  -15.948 0.7142857313
95969  31.390  1.037  -18.532 0.1428571492
95971  25.225  1.853  -17.853 0.7142857313
95986  25.798  2.288  -18.112 0.7142857313
95987  25.499  2.221  -18.051 0.7142857313
95988  24.976  2.126  -17.928 0.7142857313
96961  30.940  1.796  -16.412 0.1428571492
96965  22.944  1.919  -16.574 0.7142857313
96966  22.124  2.524  -15.756 0.4285714328
96978  27.229  2.930  -17.753 0.7142857313
96983  22.437  2.477  -16.115 0.7142857313
96999  25.450  2.786  -18.244 0.7142857313
97000  24.835  2.522  -17.961 0.7142857313
97015  26.020  2.441  -18.181 0.7142857313
97016  25.739  2.465  -18.252 0.7142857313
97999  22.233  3.613  -15.759 0.5714285970
98015  28.025  3.619  -16.390 0.8571428657
98017  22.963  3.728  -16.445 0.5714285970
98018  22.581  3.605  -16.081 0.5714285970
98019  22.397  2.885  -15.935 0.5714285970
98035  26.852  4.387  -17.530 0.7142857313
98038  22.648  2.883  -16.268 0.5714285970
98054  27.035  3.204  -17.928 0.8571428657
98056  25.662  3.568  -18.151 0.7142857313
99076  31.497  3.965  -16.064 0.1428571492
99092  27.382  5.177  -16.802 0.8571428657
99093  23.011  4.152  -16.468 0.5714285970
99094  22.467  4.561  -15.996 0.5714285970
99110  27.177  4.786  -17.396 0.8571428657
99111  26.945  4.690  -17.622 1.0000000000
99131  25.906  4.566  -18.073 0.8571428657
100087  32.040  5.706  -14.965 0.1428571492
100123  26.667  5.938  -16.720 0.8571428657
100126  22.090  5.412  -15.610 0.5714285970
100140  26.493  5.784  -17.175 0.8571428657
100141  26.141  5.859  -17.485 0.8571428657
100159  26.874  5.277  -17.478 0.8571428657
100160  26.569  5.372  -17.673 0.7142857313
100162  25.351  5.360  -18.098 0.7142857313
101121  31.698  6.478  -14.409 0.1428571492
101127  19.766  6.255  -13.946 0.1428571492
101139  27.148  6.537  -15.835 0.8571428657
101154  26.374  6.520  -16.773 0.8571428657
101155  23.405  6.329  -16.610 0.8571428657
101156  22.669  6.594  -15.937 0.5714285970
102178  30.932  7.897  -13.522 0.2857142985
102195  30.683  7.165  -13.609 0.1428571492
102197  28.041  7.451  -14.928 0.8571428657
102208  26.699  7.487  -16.171 0.8571428657
102210  21.953  7.607  -15.307 0.7142857313
102221  26.341  7.386  -16.911 0.8571428657
102234  24.693  7.352  -17.442 0.7142857313
103265  31.172  8.830  -13.503 0.1428571492
103267  29.532  8.463  -13.578 0.4285714328
103301  21.854  8.456  -14.819 0.7142857313
103311  26.065  8.355  -17.147 0.8571428657
103314  23.438  8.665  -16.356 0.8571428657
104329  29.109  8.981  -13.739 0.5714285970
104330  28.533  9.502  -13.992 0.8571428657
104355  23.208  9.463  -15.923 0.8571428657
104356  22.622  9.162  -15.464 0.7142857313
104366  25.266  8.744  -17.154 0.8571428657
104367  24.933  8.808  -17.114 0.8571428657
105315  31.874  10.520  -13.682 0.1428571492
105332  28.533  10.568  -13.779 0.7142857313
105346  23.953  10.849  -15.963 0.7142857313
105356  25.535  10.335  -16.188 0.7142857313
106435  25.511  11.306  -15.773 0.8571428657
106436  24.232  11.550  -15.773 0.7142857313
106437  23.932  11.400  -15.745 0.7142857313
106448  25.002  11.245  -16.101 0.7142857313
106450  24.175  10.975  -15.986 0.7142857313
107482  20.720  12.616  -9.235 0.2857142985
107483  19.965  12.682  -9.007 0.2857142985
107498  20.500  12.162  -10.131 0.2857142985
107499  20.064  12.601  -9.470 0.2857142985
107525  31.021  12.585  -13.469 0.1428571492
107556  24.281  12.148  -15.608 0.5714285970
107568  24.395  11.678  -15.780 0.7142857313
108496  20.912  13.349  -8.620 0.2857142985
108497  20.329  13.480  -8.632 0.2857142985
108513  20.190  12.964  -8.752 0.2857142985
108514  19.733  13.173  -9.025 0.2857142985
108531  20.851  12.855  -10.392 0.1428571492
108557  31.303  13.558  -13.655 0.1428571492
108561  27.966  13.330  -13.877 0.7142857313
108584  25.037  13.462  -15.404 0.8571428657
108585  24.441  13.205  -15.408 0.7142857313
109455  22.458  14.544  -8.753 0.1428571492
109457  20.654  13.799  -8.331 0.2857142985
109482  21.390  13.653  -10.887 0.1428571492
109483  20.677  13.802  -10.311 0.2857142985
109484  20.195  13.779  -9.567 0.2857142985
109507  28.602  14.759  -13.742 0.8571428657
109514  31.567  14.471  -13.918 0.1428571492
109519  22.678  13.724  -13.611 0.5714285970
109524  25.169  14.427  -15.204 0.7142857313
109526  23.874  13.984  -15.266 0.7142857313
110465  20.518  14.365  -9.489 0.2857142985
110475  20.501  14.206  -9.895 0.4285714328
110494  29.875  15.367  -13.515 0.7142857313
110504  27.730  15.672  -14.267 0.5714285970
110507  24.490  15.973  -15.206 0.5714285970
110519  25.374  15.366  -15.182 0.7142857313
111459  22.279  16.139  -10.188 0.1428571492
111468  22.049  16.393  -11.302 0.1428571492
111481  30.940  15.973  -13.787 0.2857142985
111484  28.918  16.283  -13.872 0.7142857313
111494  30.811  16.589  -13.927 0.5714285970
111515  24.812  16.078  -15.313 0.5714285970
112414  29.292  16.648  -13.785 0.5714285970
112425  30.854  17.406  -14.213 0.4285714328
113371  23.687  18.615  -11.961 0.1428571492
113397  24.849  18.539  -14.058 0.2857142985
113407  31.899  18.474  -15.414 0.1428571492
114306  25.049  19.434  -13.908 0.2857142985
114315  31.725  19.344  -15.356 0.1428571492
115237  24.741  20.384  -13.808 0.1428571492
115246  30.983  20.529  -14.807 0.1428571492
115267  24.840  21.019  -14.785 0.1428571492
115275  31.785  19.953  -16.231 0.1428571492
116208  24.622  21.146  -14.723 0.1428571492
116209  24.266  21.423  -14.665 0.1428571492
116221  31.066  21.577  -15.698 0.1428571492
116222  25.104  21.367  -15.066 0.2857142985
116232  31.218  21.810  -16.338 0.1428571492
117136  29.907  22.392  -14.856 0.1428571492
117138  27.961  22.298  -14.611 0.1428571492
117159  24.163  22.108  -15.242 0.1428571492
117167  31.273  21.909  -16.754 0.1428571492
143674  21.031  9.379  -13.605 0.2857142985
