#!ascii label  , from subject S5_07 vox2ras=TkReg
836
28679  -21.724  -60.207  51.967 0.0000000000
50194  -43.996  -43.465  52.026 0.0000000000
60791  -48.414  -33.783  50.616 0.0000000000
65758  -57.713  -29.855  45.768 0.0000000000
46716  -46.508  -47.190  47.639 0.0000000000
62044  -52.661  -31.904  48.587 0.0000000000
74724  -55.548  -21.392  40.915 0.0000000000
80091  -57.988  -16.275  40.809 0.0000000000
51334  -46.862  -42.176  51.420 0.0000000000
56567  -46.642  -37.122  52.278 0.0000000000
57549  -43.373  -36.376  52.611 0.0000000000
32698  -22.494  -58.418  54.608 0.0000000000
34014  -27.587  -56.380  55.178 0.0000000000
37940  -32.285  -54.560  53.851 0.0000000000
39296  -36.948  -53.702  51.267 0.0000000000
38018  -41.065  -53.246  48.899 0.0000000000
39385  -46.178  -52.111  47.269 0.0000000000
45507  -48.504  -47.557  47.887 0.0000000000
56636  -51.004  -36.226  48.129 0.0000000000
82220  -60.080  -14.709  39.605 0.0000000000
50175  -45.721  -43.365  52.614 0.0000000000
54626  -44.790  -39.742  54.479 0.0000000000
54639  -42.990  -39.689  53.146 0.0000000000
32739  -22.460  -57.583  52.722 0.0000000000
34011  -24.793  -56.895  55.075 0.0000000000
40659  -41.742  -51.929  49.109 0.0000000000
38029  -43.259  -53.078  47.978 0.0000000000
41953  -44.481  -51.051  48.437 0.0000000000
47867  -45.388  -45.370  49.803 0.0000000000
45493  -47.683  -47.677  48.752 0.0000000000
47843  -47.090  -45.457  50.975 0.0000000000
50210  -48.417  -44.679  49.974 0.0000000000
58585  -47.752  -35.166  52.598 0.0000000000
56602  -48.967  -36.255  50.334 0.0000000000
58604  -50.460  -34.805  50.635 0.0000000000
63317  -55.236  -31.240  47.015 0.0000000000
60833  -54.696  -33.113  47.278 0.0000000000
62089  -56.974  -32.026  44.970 0.0000000000
64608  -58.811  -30.243  43.436 0.0000000000
74706  -57.442  -20.968  42.161 0.0000000000
72561  -58.093  -23.000  42.704 0.0000000000
43172  -45.498  -49.458  47.285 0.0000000000
64559  -55.226  -30.186  45.767 0.0000000000
77991  -56.725  -18.553  41.411 0.0000000000
77986  -58.218  -18.577  42.042 0.0000000000
80113  -60.305  -15.725  38.632 0.0000000000
53648  -46.349  -41.137  49.420 0.0000000000
54656  -45.796  -39.759  52.708 0.0000000000
57514  -45.259  -36.748  53.744 0.0000000000
27295  -22.887  -60.073  53.785 0.0000000000
32714  -29.140  -57.365  54.860 0.0000000000
35313  -29.190  -55.778  54.955 0.0000000000
32717  -30.799  -56.908  53.852 0.0000000000
34042  -33.663  -55.628  52.855 0.0000000000
35353  -35.673  -54.983  52.049 0.0000000000
35366  -37.567  -54.775  50.842 0.0000000000
38004  -39.066  -53.768  50.161 0.0000000000
36710  -41.657  -54.355  47.328 0.0000000000
41965  -46.737  -50.463  48.131 0.0000000000
41978  -47.463  -50.478  47.136 0.0000000000
44321  -47.261  -49.100  45.595 0.0000000000
47895  -47.655  -45.778  47.042 0.0000000000
50252  -47.413  -43.902  47.578 0.0000000000
58638  -52.798  -34.569  48.351 0.0000000000
70423  -57.456  -25.312  43.504 0.0000000000
68227  -59.204  -27.344  43.878 0.0000000000
27322  -21.357  -60.160  53.329 0.0000000000
50173  -44.620  -43.283  52.578 0.0000000000
52444  -44.307  -41.677  53.431 0.0000000000
52461  -43.105  -41.275  52.471 0.0000000000
40677  -42.787  -51.441  48.177 0.0000000000
41951  -43.081  -51.604  48.492 0.0000000000
41962  -43.387  -51.289  48.129 0.0000000000
49012  -44.560  -44.524  50.858 0.0000000000
47842  -46.325  -45.820  50.813 0.0000000000
48994  -44.971  -44.524  51.576 0.0000000000
48996  -46.203  -44.470  51.882 0.0000000000
57580  -49.265  -35.159  51.667 0.0000000000
59640  -49.460  -34.303  51.034 0.0000000000
64538  -56.520  -30.556  46.557 0.0000000000
63341  -56.773  -31.208  46.534 0.0000000000
63342  -57.505  -31.197  45.919 0.0000000000
63385  -58.127  -31.435  44.323 0.0000000000
64561  -58.681  -30.165  45.033 0.0000000000
74717  -58.041  -21.280  41.561 0.0000000000
73653  -58.167  -22.410  42.112 0.0000000000
73660  -58.124  -22.187  41.299 0.0000000000
79041  -56.208  -17.657  39.898 0.0000000000
78001  -57.055  -17.885  41.080 0.0000000000
77985  -57.748  -18.528  42.151 0.0000000000
79034  -57.984  -17.506  41.662 0.0000000000
77993  -58.741  -18.307  41.514 0.0000000000
80083  -58.599  -16.823  41.347 0.0000000000
80095  -61.022  -15.510  39.722 0.0000000000
52505  -46.458  -41.711  49.916 0.0000000000
53627  -46.105  -40.637  50.941 0.0000000000
52463  -46.461  -41.068  52.512 0.0000000000
56546  -43.592  -37.804  53.707 0.0000000000
55592  -44.655  -38.637  54.491 0.0000000000
57531  -44.411  -36.412  53.524 0.0000000000
59614  -45.672  -35.392  53.159 0.0000000000
58600  -44.332  -35.480  51.853 0.0000000000
28660  -23.918  -59.382  54.175 0.0000000000
30017  -23.936  -58.872  54.594 0.0000000000
34012  -25.383  -56.888  55.368 0.0000000000
36639  -30.720  -55.092  53.447 0.0000000000
36617  -30.496  -55.502  54.271 0.0000000000
34028  -30.265  -56.390  54.613 0.0000000000
35327  -31.103  -55.570  54.275 0.0000000000
34040  -32.137  -56.066  53.547 0.0000000000
35329  -32.885  -55.250  53.725 0.0000000000
37987  -36.406  -53.937  51.568 0.0000000000
35365  -37.023  -55.053  51.162 0.0000000000
36665  -37.401  -54.337  51.218 0.0000000000
39336  -39.967  -52.931  49.065 0.0000000000
39335  -39.169  -52.866  49.158 0.0000000000
38005  -39.670  -53.774  49.782 0.0000000000
36676  -39.529  -54.248  49.826 0.0000000000
36686  -40.483  -54.161  49.107 0.0000000000
36695  -40.871  -54.373  48.160 0.0000000000
36696  -41.639  -53.930  48.232 0.0000000000
38031  -44.706  -52.594  47.539 0.0000000000
38041  -43.566  -53.401  47.236 0.0000000000
38043  -45.131  -52.722  46.967 0.0000000000
39405  -45.730  -52.344  46.613 0.0000000000
43173  -45.998  -49.326  47.821 0.0000000000
44292  -47.266  -48.606  48.322 0.0000000000
45494  -48.275  -47.390  48.795 0.0000000000
43167  -48.095  -48.761  48.209 0.0000000000
44302  -48.415  -48.427  47.582 0.0000000000
43183  -47.798  -49.458  46.673 0.0000000000
44310  -48.048  -48.641  46.572 0.0000000000
46718  -48.313  -46.644  47.783 0.0000000000
50208  -47.705  -43.970  50.211 0.0000000000
50222  -47.667  -44.209  49.278 0.0000000000
51367  -47.209  -43.300  49.533 0.0000000000
51383  -46.847  -42.567  48.850 0.0000000000
32724  -21.437  -58.077  53.730 0.0000000000
31360  -21.115  -58.644  54.536 0.0000000000
30003  -21.657  -59.627  54.422 0.0000000000
55651  -45.260  -38.476  51.767 0.0000000000
56583  -46.354  -37.095  51.334 0.0000000000
56620  -49.924  -36.148  48.969 0.0000000000
62021  -52.154  -32.228  49.017 0.0000000000
59672  -52.096  -33.793  49.486 0.0000000000
60821  -53.357  -32.849  48.449 0.0000000000
59724  -55.673  -33.637  45.685 0.0000000000
59705  -54.467  -34.221  46.780 0.0000000000
72550  -59.281  -23.798  43.472 0.0000000000
71483  -57.670  -23.633  43.081 0.0000000000
70425  -58.937  -25.162  43.660 0.0000000000
69336  -58.405  -26.178  43.760 0.0000000000
69338  -59.502  -26.304  43.322 0.0000000000
68237  -59.483  -27.446  43.279 0.0000000000
81148  -58.179  -15.524  39.920 0.0000000000
81139  -58.859  -15.562  40.426 0.0000000000
82232  -59.063  -14.758  39.455 0.0000000000
83310  -60.087  -13.775  38.437 0.0000000000
50177  -46.893  -43.266  52.048 0.0000000000
52447  -46.206  -41.270  53.127 0.0000000000
52445  -44.909  -41.627  53.618 0.0000000000
54640  -43.491  -39.709  53.797 0.0000000000
56545  -43.046  -37.848  53.196 0.0000000000
32725  -22.395  -57.836  53.622 0.0000000000
32699  -23.617  -58.012  54.797 0.0000000000
34037  -25.475  -56.454  53.606 0.0000000000
39338  -41.620  -52.368  49.084 0.0000000000
38019  -41.935  -52.959  49.057 0.0000000000
39339  -42.719  -52.363  48.737 0.0000000000
39340  -43.776  -52.046  48.537 0.0000000000
40679  -45.261  -51.539  48.245 0.0000000000
46700  -46.631  -46.678  48.500 0.0000000000
45492  -46.951  -47.751  48.280 0.0000000000
46688  -46.653  -46.299  49.791 0.0000000000
45464  -47.515  -46.680  49.963 0.0000000000
46690  -48.516  -46.526  49.319 0.0000000000
47881  -48.578  -45.858  48.820 0.0000000000
47844  -48.140  -45.335  50.225 0.0000000000
48997  -46.791  -44.181  51.644 0.0000000000
32750  -20.651  -57.826  51.790 0.0000000000
56549  -47.723  -36.113  52.337 0.0000000000
56584  -47.337  -36.677  51.421 0.0000000000
56570  -48.917  -36.475  51.840 0.0000000000
56587  -49.297  -35.779  50.872 0.0000000000
56621  -50.894  -35.732  49.013 0.0000000000
63290  -53.503  -31.647  47.738 0.0000000000
60822  -54.065  -32.661  47.780 0.0000000000
62062  -55.388  -32.000  47.040 0.0000000000
60835  -56.126  -32.585  46.283 0.0000000000
74716  -56.822  -21.311  42.078 0.0000000000
73659  -56.852  -22.249  42.043 0.0000000000
73652  -57.535  -22.002  42.138 0.0000000000
73654  -58.678  -23.152  42.363 0.0000000000
51349  -43.124  -42.692  50.932 0.0000000000
49034  -43.673  -44.521  49.776 0.0000000000
60806  -49.387  -33.390  49.673 0.0000000000
63314  -52.699  -31.347  47.463 0.0000000000
64516  -53.888  -30.887  47.093 0.0000000000
64537  -55.331  -30.308  46.784 0.0000000000
65775  -56.927  -29.656  45.699 0.0000000000
76840  -55.789  -19.784  40.923 0.0000000000
76832  -56.846  -19.958  42.220 0.0000000000
75729  -57.778  -20.171  42.236 0.0000000000
75743  -58.412  -19.803  41.594 0.0000000000
80093  -59.790  -16.121  40.409 0.0000000000
80102  -59.758  -16.267  40.065 0.0000000000
53638  -45.512  -40.126  50.062 0.0000000000
54680  -45.292  -39.036  51.137 0.0000000000
55638  -45.476  -38.383  52.824 0.0000000000
54628  -45.723  -40.031  53.901 0.0000000000
55623  -45.455  -38.441  53.644 0.0000000000
56531  -46.106  -36.633  53.538 0.0000000000
58552  -46.341  -35.882  53.613 0.0000000000
59624  -47.175  -34.716  52.625 0.0000000000
54668  -42.703  -39.623  51.311 0.0000000000
55650  -42.568  -38.441  51.081 0.0000000000
58617  -43.529  -35.689  50.625 0.0000000000
27323  -22.160  -59.844  53.478 0.0000000000
28670  -23.205  -59.534  53.318 0.0000000000
31378  -29.526  -58.248  53.778 0.0000000000
34049  -26.170  -56.296  52.687 0.0000000000
35322  -27.088  -56.008  53.857 0.0000000000
35312  -28.321  -55.816  54.869 0.0000000000
31366  -30.045  -57.679  54.271 0.0000000000
34061  -33.611  -56.575  51.939 0.0000000000
34053  -34.898  -55.627  51.914 0.0000000000
38002  -37.178  -53.532  50.595 0.0000000000
38014  -37.605  -53.380  49.592 0.0000000000
38003  -37.968  -53.737  50.662 0.0000000000
36675  -38.632  -54.240  50.390 0.0000000000
35382  -38.818  -54.685  49.929 0.0000000000
36697  -42.349  -53.748  47.891 0.0000000000
41963  -44.406  -50.631  48.119 0.0000000000
41964  -45.445  -50.682  48.348 0.0000000000
40700  -46.626  -51.336  47.583 0.0000000000
43166  -47.570  -49.329  48.168 0.0000000000
41966  -47.423  -50.180  47.795 0.0000000000
40701  -47.148  -51.279  47.137 0.0000000000
40752  -47.050  -50.727  46.254 0.0000000000
42016  -46.627  -50.451  45.590 0.0000000000
47918  -47.332  -45.815  44.787 0.0000000000
49072  -48.227  -45.550  48.028 0.0000000000
49071  -47.831  -45.057  47.543 0.0000000000
49079  -46.938  -44.262  45.754 0.0000000000
51411  -46.380  -43.119  46.812 0.0000000000
27293  -21.275  -60.419  53.952 0.0000000000
59656  -50.869  -34.155  50.424 0.0000000000
58636  -51.680  -35.088  49.652 0.0000000000
56623  -52.315  -35.332  47.963 0.0000000000
59704  -53.960  -34.129  47.388 0.0000000000
58651  -53.881  -35.041  47.227 0.0000000000
56673  -52.846  -36.240  46.936 0.0000000000
65817  -56.403  -29.317  44.295 0.0000000000
67027  -57.819  -28.734  44.900 0.0000000000
71492  -56.408  -23.709  41.848 0.0000000000
71482  -56.742  -24.525  42.627 0.0000000000
69335  -57.391  -26.390  43.659 0.0000000000
68214  -58.296  -27.854  44.462 0.0000000000
65801  -58.819  -28.828  44.785 0.0000000000
65818  -59.298  -29.303  43.864 0.0000000000
51311  -44.008  -42.663  52.668 0.0000000000
52481  -43.247  -42.108  51.980 0.0000000000
40697  -42.269  -51.415  47.543 0.0000000000
40698  -42.992  -51.270  47.756 0.0000000000
48993  -44.122  -44.130  51.490 0.0000000000
48973  -44.481  -43.993  52.070 0.0000000000
48974  -45.072  -44.076  52.282 0.0000000000
60780  -48.390  -34.238  51.423 0.0000000000
59639  -48.829  -34.432  51.719 0.0000000000
60781  -48.938  -33.968  51.103 0.0000000000
65757  -57.077  -29.945  46.106 0.0000000000
64539  -57.288  -30.468  46.171 0.0000000000
64540  -58.011  -30.307  45.646 0.0000000000
63343  -58.131  -30.831  45.360 0.0000000000
80090  -57.353  -16.461  40.155 0.0000000000
79043  -57.463  -17.331  41.253 0.0000000000
51351  -46.836  -42.330  50.602 0.0000000000
52496  -46.505  -41.536  50.774 0.0000000000
52482  -46.536  -41.289  51.693 0.0000000000
57530  -43.637  -37.021  53.526 0.0000000000
57512  -44.056  -37.260  53.909 0.0000000000
58566  -44.037  -36.057  53.074 0.0000000000
58582  -43.844  -35.824  52.282 0.0000000000
31346  -22.179  -58.876  54.661 0.0000000000
31347  -23.446  -58.470  54.707 0.0000000000
34013  -26.372  -56.734  55.409 0.0000000000
32701  -26.492  -57.387  55.468 0.0000000000
36640  -31.775  -54.277  53.665 0.0000000000
36628  -31.055  -54.975  54.054 0.0000000000
36618  -31.031  -55.223  54.160 0.0000000000
35316  -30.710  -55.539  54.314 0.0000000000
36629  -31.930  -54.765  53.852 0.0000000000
35328  -32.151  -55.248  53.764 0.0000000000
36630  -32.473  -55.142  54.062 0.0000000000
39295  -36.428  -53.694  51.304 0.0000000000
37988  -37.135  -53.888  51.353 0.0000000000
39337  -40.745  -52.843  48.916 0.0000000000
38017  -40.173  -53.503  49.315 0.0000000000
36677  -40.000  -53.948  49.638 0.0000000000
36687  -41.180  -53.705  48.745 0.0000000000
39366  -45.339  -52.176  47.704 0.0000000000
44301  -46.431  -48.639  47.644 0.0000000000
44311  -48.373  -48.608  46.973 0.0000000000
45516  -48.506  -47.974  47.254 0.0000000000
45515  -48.073  -47.804  46.621 0.0000000000
46735  -48.368  -47.365  47.309 0.0000000000
51335  -47.270  -42.740  51.143 0.0000000000
51352  -47.196  -43.080  50.439 0.0000000000
51366  -46.739  -42.484  49.729 0.0000000000
32711  -21.481  -58.423  54.422 0.0000000000
32697  -21.873  -58.651  54.634 0.0000000000
56566  -45.756  -37.682  52.102 0.0000000000
56582  -45.475  -37.562  51.043 0.0000000000
56635  -50.597  -36.370  48.073 0.0000000000
56654  -51.049  -36.394  47.571 0.0000000000
57636  -51.389  -36.389  46.950 0.0000000000
60810  -52.521  -32.972  49.147 0.0000000000
62022  -52.772  -32.345  48.764 0.0000000000
73668  -55.477  -22.483  40.644 0.0000000000
72551  -59.589  -23.918  43.451 0.0000000000
71475  -59.389  -24.322  43.559 0.0000000000
70426  -59.466  -25.180  43.417 0.0000000000
50176  -46.250  -43.088  52.513 0.0000000000
51293  -45.912  -42.161  53.013 0.0000000000
51292  -45.275  -42.197  53.245 0.0000000000
53579  -43.529  -40.591  53.350 0.0000000000
53565  -44.331  -40.745  53.863 0.0000000000
55621  -42.896  -38.755  53.246 0.0000000000
40675  -41.267  -51.938  48.682 0.0000000000
39362  -41.074  -52.401  48.855 0.0000000000
40660  -42.332  -51.811  48.906 0.0000000000
41952  -43.771  -51.313  48.354 0.0000000000
40661  -43.269  -51.729  48.575 0.0000000000
40662  -44.110  -51.511  48.441 0.0000000000
40678  -44.583  -51.629  48.398 0.0000000000
40663  -44.772  -51.256  48.451 0.0000000000
46687  -46.052  -45.666  49.691 0.0000000000
46669  -47.148  -46.336  50.303 0.0000000000
46670  -47.759  -46.307  50.043 0.0000000000
46689  -48.241  -46.665  49.647 0.0000000000
46671  -48.297  -46.125  49.796 0.0000000000
48976  -46.284  -43.845  52.335 0.0000000000
48977  -46.592  -43.640  52.217 0.0000000000
32751  -21.660  -57.606  51.759 0.0000000000
32738  -21.534  -57.885  52.734 0.0000000000
57534  -47.974  -36.230  52.339 0.0000000000
57535  -48.533  -36.430  52.288 0.0000000000
58603  -49.692  -34.907  51.238 0.0000000000
56571  -48.815  -36.077  51.308 0.0000000000
56588  -49.965  -35.453  50.514 0.0000000000
56604  -50.267  -35.615  50.110 0.0000000000
57582  -50.575  -35.248  50.362 0.0000000000
63316  -54.307  -31.338  47.309 0.0000000000
62061  -54.582  -32.026  47.417 0.0000000000
62074  -56.765  -32.043  46.137 0.0000000000
62063  -56.109  -31.927  46.609 0.0000000000
60851  -56.378  -32.799  45.846 0.0000000000
60867  -56.014  -33.250  45.579 0.0000000000
60869  -57.003  -32.563  44.590 0.0000000000
72570  -59.470  -23.546  42.957 0.0000000000
49010  -43.127  -44.197  50.155 0.0000000000
63315  -53.582  -31.201  47.298 0.0000000000
64558  -54.173  -30.641  45.851 0.0000000000
65754  -55.108  -29.935  46.200 0.0000000000
65755  -55.512  -30.271  46.458 0.0000000000
65774  -56.039  -29.908  45.765 0.0000000000
78000  -56.412  -18.103  40.602 0.0000000000
77990  -55.921  -18.926  40.871 0.0000000000
76850  -55.104  -19.528  40.093 0.0000000000
76841  -56.523  -19.544  41.715 0.0000000000
76834  -57.989  -19.259  42.353 0.0000000000
75730  -58.197  -19.766  42.124 0.0000000000
76843  -58.364  -19.158  41.855 0.0000000000
78003  -59.167  -17.723  41.148 0.0000000000
81150  -59.182  -15.181  40.131 0.0000000000
81140  -59.587  -15.437  40.122 0.0000000000
81141  -60.012  -15.407  40.042 0.0000000000
81151  -61.171  -15.317  39.121 0.0000000000
80103  -60.322  -16.094  39.348 0.0000000000
52518  -46.028  -41.273  48.389 0.0000000000
53647  -45.904  -40.496  48.924 0.0000000000
53614  -46.021  -40.238  51.997 0.0000000000
53626  -45.712  -39.726  51.117 0.0000000000
54669  -45.491  -39.524  51.907 0.0000000000
54655  -45.376  -39.083  52.559 0.0000000000
53580  -45.457  -40.557  53.844 0.0000000000
53581  -45.785  -40.502  53.602 0.0000000000
53568  -45.568  -40.194  53.992 0.0000000000
56529  -44.753  -37.585  54.091 0.0000000000
56515  -45.092  -38.227  54.188 0.0000000000
56530  -45.421  -37.454  53.725 0.0000000000
57532  -46.485  -36.321  53.525 0.0000000000
57515  -45.997  -36.368  53.654 0.0000000000
59622  -45.440  -35.324  52.835 0.0000000000
59623  -46.209  -34.963  52.700 0.0000000000
27310  -22.041  -60.042  53.817 0.0000000000
27324  -22.631  -59.676  53.492 0.0000000000
27311  -22.650  -59.757  53.805 0.0000000000
30030  -24.396  -58.884  54.435 0.0000000000
32700  -24.214  -57.843  55.021 0.0000000000
32690  -24.663  -57.856  55.524 0.0000000000
31364  -28.508  -57.675  54.644 0.0000000000
31365  -29.591  -57.777  54.317 0.0000000000
35334  -26.745  -56.205  52.901 0.0000000000
34015  -28.695  -56.245  55.154 0.0000000000
34016  -29.348  -56.123  55.088 0.0000000000
34029  -30.844  -56.367  54.320 0.0000000000
32705  -29.881  -56.780  54.749 0.0000000000
32716  -30.291  -57.147  54.216 0.0000000000
32727  -30.744  -57.495  53.758 0.0000000000
31380  -31.024  -57.850  53.571 0.0000000000
34041  -33.087  -55.841  53.213 0.0000000000
34050  -32.577  -56.518  53.083 0.0000000000
34051  -33.207  -56.368  52.613 0.0000000000
35352  -34.976  -55.193  52.333 0.0000000000
35363  -35.456  -55.379  51.881 0.0000000000
35364  -36.130  -55.279  51.508 0.0000000000
35380  -37.262  -55.331  50.485 0.0000000000
35398  -37.515  -55.415  49.676 0.0000000000
35381  -38.055  -54.868  50.282 0.0000000000
38015  -38.635  -53.402  49.730 0.0000000000
36685  -39.795  -54.503  49.351 0.0000000000
35400  -39.241  -54.748  49.294 0.0000000000
35399  -38.335  -55.041  49.449 0.0000000000
36694  -40.212  -54.507  48.015 0.0000000000
39363  -42.991  -52.771  48.396 0.0000000000
38028  -42.435  -53.254  48.413 0.0000000000
43164  -45.457  -49.911  48.098 0.0000000000
43165  -46.454  -49.577  48.218 0.0000000000
40680  -46.047  -51.159  48.158 0.0000000000
44293  -47.985  -48.404  48.464 0.0000000000
43174  -47.798  -49.571  47.517 0.0000000000
41977  -47.154  -50.804  47.572 0.0000000000
40725  -47.118  -51.271  46.752 0.0000000000
41993  -47.372  -50.432  46.579 0.0000000000
43197  -47.450  -49.415  45.924 0.0000000000
42017  -47.242  -50.038  46.102 0.0000000000
43196  -46.932  -49.584  45.435 0.0000000000
46749  -47.597  -46.909  46.105 0.0000000000
47907  -47.537  -45.953  45.890 0.0000000000
49037  -48.153  -45.262  49.161 0.0000000000
47889  -48.436  -45.949  48.197 0.0000000000
50237  -47.463  -43.937  48.429 0.0000000000
49055  -47.759  -44.723  48.500 0.0000000000
50263  -47.517  -44.371  46.895 0.0000000000
49080  -47.480  -44.821  46.168 0.0000000000
50262  -46.964  -43.837  46.435 0.0000000000
50251  -46.919  -43.401  47.144 0.0000000000
52534  -46.356  -42.006  48.385 0.0000000000
27279  -21.850  -60.183  54.096 0.0000000000
27278  -21.515  -60.272  54.128 0.0000000000
27294  -22.112  -60.042  54.046 0.0000000000
56585  -47.988  -36.423  51.217 0.0000000000
56601  -48.089  -36.468  50.550 0.0000000000
60807  -50.182  -33.322  49.714 0.0000000000
60794  -50.566  -33.639  50.190 0.0000000000
58622  -51.888  -34.281  49.833 0.0000000000
58637  -52.180  -34.663  49.340 0.0000000000
57599  -51.805  -35.406  49.193 0.0000000000
57600  -52.373  -35.201  48.541 0.0000000000
60832  -53.909  -33.330  47.824 0.0000000000
58666  -54.101  -34.858  47.072 0.0000000000
58681  -53.735  -35.454  46.701 0.0000000000
56674  -53.225  -36.067  47.027 0.0000000000
57657  -53.094  -35.812  46.679 0.0000000000
65799  -56.926  -29.262  44.870 0.0000000000
67026  -57.424  -28.388  44.376 0.0000000000
72568  -56.528  -22.893  41.777 0.0000000000
72560  -57.129  -23.076  42.438 0.0000000000
71473  -57.803  -24.459  43.455 0.0000000000
71472  -57.182  -24.972  43.247 0.0000000000
70431  -56.224  -25.565  42.451 0.0000000000
70432  -56.730  -25.665  43.169 0.0000000000
69344  -56.629  -26.537  43.225 0.0000000000
68226  -58.663  -27.120  43.913 0.0000000000
68215  -58.827  -27.781  44.420 0.0000000000
67028  -58.498  -28.548  44.770 0.0000000000
67029  -59.073  -28.296  44.484 0.0000000000
65802  -59.082  -29.140  44.611 0.0000000000
67051  -59.386  -28.357  43.899 0.0000000000
50174  -45.204  -43.424  52.632 0.0000000000
51291  -44.847  -42.365  53.262 0.0000000000
51290  -44.596  -42.662  52.997 0.0000000000
53596  -43.214  -41.077  52.770 0.0000000000
53595  -42.989  -40.642  52.576 0.0000000000
40676  -42.244  -51.623  48.416 0.0000000000
41950  -42.690  -51.710  48.642 0.0000000000
41961  -42.872  -51.571  48.454 0.0000000000
47840  -44.952  -44.975  50.325 0.0000000000
47868  -46.103  -45.634  50.288 0.0000000000
47820  -45.290  -44.879  50.917 0.0000000000
47821  -45.699  -45.188  51.248 0.0000000000
47822  -46.222  -45.169  51.413 0.0000000000
47823  -46.541  -44.836  51.463 0.0000000000
48995  -45.639  -44.619  51.806 0.0000000000
48975  -45.716  -44.021  52.368 0.0000000000
59625  -48.135  -34.534  52.252 0.0000000000
57565  -48.607  -35.565  51.993 0.0000000000
58587  -48.886  -34.721  52.055 0.0000000000
58602  -49.198  -34.891  51.811 0.0000000000
59641  -50.110  -34.471  50.724 0.0000000000
64519  -56.004  -30.754  47.069 0.0000000000
63318  -56.030  -31.182  46.924 0.0000000000
62075  -57.169  -31.854  45.593 0.0000000000
63384  -57.523  -31.752  44.691 0.0000000000
63366  -57.713  -31.451  45.144 0.0000000000
63367  -58.483  -31.002  44.963 0.0000000000
64594  -58.984  -30.059  43.867 0.0000000000
74707  -57.828  -21.152  41.980 0.0000000000
76842  -57.112  -18.801  42.026 0.0000000000
77992  -57.384  -18.114  41.681 0.0000000000
79028  -58.386  -18.158  41.793 0.0000000000
79035  -58.650  -17.598  41.520 0.0000000000
80084  -59.242  -16.803  41.183 0.0000000000
82234  -60.388  -14.413  38.973 0.0000000000
82206  -60.422  -15.026  39.810 0.0000000000
82221  -60.565  -14.894  39.630 0.0000000000
81161  -61.162  -14.946  38.812 0.0000000000
81169  -60.626  -15.463  38.252 0.0000000000
52519  -46.559  -41.566  49.054 0.0000000000
53639  -46.156  -40.941  49.991 0.0000000000
55605  -44.315  -38.676  54.438 0.0000000000
55606  -44.533  -39.161  54.534 0.0000000000
55591  -44.506  -38.511  54.487 0.0000000000
57513  -44.470  -37.008  53.856 0.0000000000
58550  -45.073  -36.230  53.668 0.0000000000
58551  -45.782  -36.021  53.711 0.0000000000
58567  -44.798  -35.816  53.314 0.0000000000
59621  -45.048  -35.393  52.624 0.0000000000
59634  -45.023  -35.354  52.250 0.0000000000
28645  -22.367  -59.688  54.289 0.0000000000
28646  -23.158  -59.530  54.218 0.0000000000
32703  -28.391  -57.014  55.290 0.0000000000
35314  -29.623  -55.886  54.906 0.0000000000
35315  -30.273  -55.826  54.599 0.0000000000
35326  -30.620  -56.025  54.548 0.0000000000
34039  -31.299  -56.493  53.887 0.0000000000
34030  -31.522  -55.972  54.056 0.0000000000
35339  -32.406  -55.446  53.629 0.0000000000
35341  -33.541  -55.258  53.167 0.0000000000
36655  -36.059  -54.483  51.872 0.0000000000
36664  -36.734  -54.435  51.491 0.0000000000
39360  -39.665  -52.482  48.466 0.0000000000
38016  -39.461  -53.395  49.589 0.0000000000
38030  -43.997  -52.773  47.700 0.0000000000
38042  -44.326  -52.981  47.114 0.0000000000
39424  -46.092  -51.878  46.331 0.0000000000
44300  -45.924  -48.995  47.352 0.0000000000
44294  -48.361  -48.312  48.196 0.0000000000
43175  -48.224  -48.961  47.908 0.0000000000
43184  -48.235  -49.035  47.331 0.0000000000
44322  -47.579  -48.579  45.921 0.0000000000
46734  -47.794  -46.727  47.015 0.0000000000
49036  -47.793  -44.860  49.202 0.0000000000
51384  -47.223  -43.372  48.665 0.0000000000
51399  -47.226  -43.499  48.116 0.0000000000
32723  -20.492  -58.320  53.807 0.0000000000
31359  -20.430  -58.488  54.084 0.0000000000
30004  -21.959  -59.224  54.756 0.0000000000
56619  -48.833  -36.347  49.574 0.0000000000
62020  -51.327  -32.388  49.035 0.0000000000
60809  -51.721  -33.156  49.503 0.0000000000
59673  -52.674  -33.770  48.800 0.0000000000
60849  -55.105  -33.540  46.551 0.0000000000
72549  -58.530  -23.665  43.346 0.0000000000
71474  -58.776  -24.349  43.671 0.0000000000
70424  -58.171  -25.255  43.673 0.0000000000
69337  -59.076  -26.168  43.660 0.0000000000
81138  -58.492  -15.593  40.332 0.0000000000
81149  -58.875  -15.095  39.968 0.0000000000
82219  -59.409  -14.884  39.786 0.0000000000
82233  -59.660  -14.400  38.929 0.0000000000
51313  -47.121  -42.784  51.702 0.0000000000
51312  -46.545  -42.170  52.285 0.0000000000
52446  -45.446  -41.232  53.608 0.0000000000
52431  -44.949  -40.951  53.883 0.0000000000
52429  -44.462  -41.140  53.719 0.0000000000
52430  -44.688  -41.051  53.808 0.0000000000
54625  -43.998  -39.793  54.414 0.0000000000
55622  -43.522  -38.733  53.846 0.0000000000
57548  -43.090  -37.102  52.802 0.0000000000
32712  -22.426  -57.991  54.362 0.0000000000
32713  -23.299  -57.741  54.345 0.0000000000
34010  -24.085  -57.675  54.815 0.0000000000
34024  -24.667  -56.886  54.664 0.0000000000
34025  -25.482  -56.587  54.690 0.0000000000
34026  -26.527  -56.290  54.515 0.0000000000
39313  -36.456  -53.564  51.104 0.0000000000
39361  -40.518  -52.484  48.690 0.0000000000
39364  -43.551  -52.499  48.306 0.0000000000
39365  -44.488  -52.164  48.209 0.0000000000
40699  -45.914  -51.662  47.783 0.0000000000
45479  -47.258  -47.064  49.214 0.0000000000
45463  -47.336  -46.790  49.887 0.0000000000
45480  -47.887  -47.004  49.564 0.0000000000
45481  -48.333  -46.967  49.419 0.0000000000
46701  -48.495  -46.631  48.463 0.0000000000
47869  -48.466  -45.569  49.628 0.0000000000
47845  -48.443  -44.902  50.133 0.0000000000
49013  -47.528  -44.542  50.715 0.0000000000
49014  -48.187  -44.688  50.174 0.0000000000
50195  -47.320  -43.501  51.206 0.0000000000
56548  -46.636  -36.724  53.080 0.0000000000
56568  -47.531  -36.509  52.106 0.0000000000
56569  -48.478  -36.473  51.976 0.0000000000
56586  -48.871  -36.070  51.166 0.0000000000
57553  -48.598  -35.991  51.572 0.0000000000
56603  -49.659  -35.910  50.072 0.0000000000
62045  -53.226  -31.966  48.391 0.0000000000
62046  -53.793  -32.056  47.837 0.0000000000
60834  -55.538  -32.749  46.657 0.0000000000
60850  -55.732  -33.298  46.098 0.0000000000
74715  -56.134  -21.145  41.677 0.0000000000
73658  -56.145  -22.107  41.524 0.0000000000
72562  -58.993  -23.371  42.897 0.0000000000
51350  -43.381  -43.188  51.171 0.0000000000
51332  -43.229  -42.269  51.640 0.0000000000
52495  -42.940  -41.590  50.669 0.0000000000
46715  -45.806  -46.468  47.460 0.0000000000
46699  -45.668  -45.787  48.776 0.0000000000
47880  -44.872  -45.384  49.063 0.0000000000
47866  -44.419  -45.035  49.560 0.0000000000
49035  -44.243  -44.646  50.214 0.0000000000
50206  -43.318  -43.607  50.642 0.0000000000
60805  -48.517  -33.456  49.806 0.0000000000
60792  -49.080  -33.621  50.495 0.0000000000
60820  -49.429  -33.234  49.024 0.0000000000
62019  -50.433  -32.799  49.109 0.0000000000
63264  -51.743  -31.966  48.750 0.0000000000
63288  -52.199  -31.671  48.334 0.0000000000
63289  -52.973  -31.571  48.060 0.0000000000
64517  -54.303  -30.858  46.981 0.0000000000
64536  -54.895  -30.413  46.537 0.0000000000
64518  -55.158  -30.699  46.794 0.0000000000
65741  -55.510  -30.390  46.595 0.0000000000
65756  -56.205  -30.181  46.373 0.0000000000
75750  -55.364  -20.460  40.568 0.0000000000
75740  -55.934  -20.462  41.370 0.0000000000
75741  -56.535  -20.459  41.995 0.0000000000
75728  -57.132  -20.380  42.288 0.0000000000
76833  -57.308  -19.494  42.308 0.0000000000
75742  -58.223  -20.431  41.934 0.0000000000
75751  -58.187  -20.341  40.985 0.0000000000
80092  -59.060  -16.201  40.762 0.0000000000
80085  -59.496  -16.808  40.951 0.0000000000
80094  -60.409  -15.406  39.643 0.0000000000
56547  -45.809  -37.578  53.032 0.0000000000
53597  -46.211  -40.439  53.015 0.0000000000
54642  -45.838  -39.919  53.539 0.0000000000
54616  -45.148  -38.929  54.362 0.0000000000
54627  -45.448  -39.459  54.138 0.0000000000
54641  -45.560  -39.200  53.340 0.0000000000
57533  -47.152  -36.127  53.294 0.0000000000
58570  -46.961  -35.499  53.336 0.0000000000
58569  -46.194  -35.574  53.443 0.0000000000
59616  -46.503  -35.155  53.144 0.0000000000
60790  -47.665  -34.145  50.701 0.0000000000
52480  -43.016  -41.640  51.829 0.0000000000
54654  -42.779  -39.880  52.203 0.0000000000
55637  -42.762  -38.828  52.365 0.0000000000
56565  -42.800  -37.694  52.088 0.0000000000
57563  -43.027  -36.759  51.722 0.0000000000
57564  -43.339  -36.092  51.862 0.0000000000
58599  -43.688  -35.759  51.455 0.0000000000
60804  -47.677  -33.551  49.934 0.0000000000
28668  -21.830  -59.886  52.752 0.0000000000
28669  -22.545  -59.593  52.958 0.0000000000
28681  -23.189  -59.601  52.427 0.0000000000
31336  -24.124  -58.047  55.265 0.0000000000
31348  -24.421  -58.139  55.106 0.0000000000
34038  -26.250  -56.278  53.361 0.0000000000
34017  -29.784  -56.262  54.916 0.0000000000
32729  -32.014  -56.937  53.199 0.0000000000
36642  -33.379  -55.134  53.327 0.0000000000
35351  -34.095  -55.177  52.723 0.0000000000
34052  -34.138  -55.762  52.284 0.0000000000
35379  -36.420  -55.697  50.785 0.0000000000
38001  -36.496  -53.540  50.713 0.0000000000
39314  -36.826  -53.552  51.109 0.0000000000
39334  -38.331  -52.877  49.019 0.0000000000
39315  -37.303  -53.675  51.067 0.0000000000
39298  -37.796  -53.645  51.066 0.0000000000
36666  -37.926  -54.266  50.841 0.0000000000
38027  -41.634  -53.420  48.723 0.0000000000
36711  -42.498  -54.056  47.326 0.0000000000
38040  -42.853  -53.572  47.630 0.0000000000
36712  -43.080  -53.801  47.161 0.0000000000
39386  -46.928  -51.700  47.139 0.0000000000
39406  -46.685  -51.900  46.833 0.0000000000
40724  -46.681  -51.625  46.559 0.0000000000
40751  -46.559  -51.291  46.085 0.0000000000
46717  -47.926  -46.274  47.516 0.0000000000
51419  -46.278  -43.229  46.018 0.0000000000
51398  -46.692  -42.892  47.811 0.0000000000
27309  -21.190  -60.333  53.694 0.0000000000
60793  -49.768  -33.691  50.432 0.0000000000
59655  -50.164  -34.034  50.577 0.0000000000
59657  -51.668  -33.922  50.091 0.0000000000
58621  -51.378  -34.713  50.082 0.0000000000
57598  -51.144  -35.348  49.767 0.0000000000
56637  -51.670  -35.871  47.819 0.0000000000
59688  -53.437  -33.926  48.145 0.0000000000
58665  -53.873  -34.648  47.342 0.0000000000
57615  -52.747  -35.137  47.812 0.0000000000
56638  -52.510  -35.661  47.539 0.0000000000
56655  -51.697  -36.262  47.337 0.0000000000
64560  -55.734  -29.996  45.297 0.0000000000
65800  -57.404  -29.286  45.249 0.0000000000
65776  -57.692  -29.372  45.410 0.0000000000
72567  -55.821  -23.326  41.139 0.0000000000
71491  -55.607  -24.703  41.350 0.0000000000
68236  -56.537  -27.583  43.219 0.0000000000
68224  -57.390  -27.730  43.959 0.0000000000
68225  -58.022  -27.216  43.947 0.0000000000
68213  -57.791  -27.954  44.379 0.0000000000
67005  -58.093  -28.951  45.179 0.0000000000
65777  -58.433  -29.386  45.186 0.0000000000
65778  -58.838  -29.570  44.953 0.0000000000
64582  -59.007  -29.814  44.451 0.0000000000
65829  -59.081  -29.716  43.283 0.0000000000
67071  -59.365  -28.651  43.091 0.0000000000
65828  -58.845  -29.446  42.656 0.0000000000
28631  -21.336  -60.080  54.248 0.0000000000
28632  -21.891  -59.968  54.223 0.0000000000
28647  -23.877  -59.232  54.379 0.0000000000
31335  -21.880  -59.300  54.597 0.0000000000
31344  -21.257  -58.922  54.967 0.0000000000
31345  -21.405  -58.838  54.665 0.0000000000
32682  -24.934  -57.796  56.125 0.0000000000
32683  -25.142  -57.911  55.999 0.0000000000
32691  -25.092  -57.853  55.608 0.0000000000
32710  -21.028  -58.367  54.242 0.0000000000
34004  -25.036  -57.082  55.632 0.0000000000
35340  -32.891  -55.261  53.508 0.0000000000
36615  -29.465  -55.734  54.843 0.0000000000
36643  -33.634  -54.887  53.061 0.0000000000
36713  -44.453  -53.171  46.619 0.0000000000
36714  -44.649  -52.994  46.739 0.0000000000
37941  -32.432  -54.471  53.760 0.0000000000
37954  -32.156  -54.091  53.971 0.0000000000
37989  -37.596  -53.820  51.079 0.0000000000
39297  -37.349  -53.718  51.141 0.0000000000
39316  -37.580  -53.756  51.019 0.0000000000
39341  -44.247  -51.808  48.442 0.0000000000
39387  -47.220  -51.401  46.973 0.0000000000
39407  -47.133  -51.638  46.975 0.0000000000
47841  -45.620  -45.445  50.672 0.0000000000
47870  -48.541  -45.063  49.992 0.0000000000
47888  -48.082  -45.861  47.785 0.0000000000
49011  -43.702  -44.203  50.649 0.0000000000
49015  -48.579  -44.868  49.970 0.0000000000
49033  -43.242  -44.259  49.594 0.0000000000
49038  -48.417  -44.920  49.782 0.0000000000
49056  -48.257  -45.430  48.332 0.0000000000
50153  -44.717  -42.913  52.811 0.0000000000
50154  -44.951  -42.880  52.917 0.0000000000
50155  -45.197  -42.825  52.875 0.0000000000
50156  -45.623  -42.751  52.822 0.0000000000
50207  -43.601  -43.593  51.319 0.0000000000
50209  -48.170  -44.513  49.893 0.0000000000
50223  -48.110  -44.744  49.618 0.0000000000
50224  -48.282  -44.711  49.795 0.0000000000
51333  -43.487  -42.721  51.789 0.0000000000
52462  -43.391  -41.749  52.601 0.0000000000
53566  -44.633  -40.471  54.232 0.0000000000
53567  -45.187  -40.395  54.122 0.0000000000
53578  -43.158  -40.289  53.035 0.0000000000
53613  -45.764  -39.803  51.669 0.0000000000
54615  -44.963  -39.074  54.527 0.0000000000
54670  -45.783  -39.834  52.212 0.0000000000
55593  -44.987  -38.615  54.408 0.0000000000
55607  -45.224  -38.539  54.166 0.0000000000
56513  -44.519  -38.282  54.383 0.0000000000
56514  -44.884  -38.173  54.291 0.0000000000
56528  -44.095  -37.750  54.125 0.0000000000
56550  -48.700  -36.637  52.243 0.0000000000
56551  -49.051  -36.747  52.079 0.0000000000
56622  -51.901  -35.549  48.301 0.0000000000
56639  -52.986  -35.792  47.304 0.0000000000
56656  -52.387  -36.137  47.256 0.0000000000
56657  -52.967  -36.006  47.175 0.0000000000
56672  -52.344  -36.322  46.955 0.0000000000
57516  -46.497  -36.085  53.613 0.0000000000
57529  -43.185  -37.282  53.233 0.0000000000
57550  -47.568  -35.783  52.771 0.0000000000
57551  -48.149  -35.828  52.118 0.0000000000
57552  -48.573  -36.168  51.886 0.0000000000
57566  -48.878  -35.551  51.737 0.0000000000
57567  -49.238  -35.483  51.366 0.0000000000
57568  -49.864  -35.253  50.829 0.0000000000
57581  -49.476  -35.102  51.541 0.0000000000
57616  -53.271  -35.456  47.371 0.0000000000
57617  -53.653  -35.505  47.190 0.0000000000
57638  -53.422  -35.788  47.160 0.0000000000
57639  -53.835  -35.513  47.085 0.0000000000
57658  -53.533  -35.683  46.816 0.0000000000
57659  -53.836  -35.547  46.875 0.0000000000
58553  -46.697  -35.927  53.558 0.0000000000
58568  -45.519  -35.603  53.362 0.0000000000
58583  -44.689  -35.553  52.696 0.0000000000
58584  -45.106  -35.522  53.108 0.0000000000
58586  -48.658  -34.973  52.306 0.0000000000
58601  -48.906  -35.201  52.073 0.0000000000
58619  -49.473  -34.882  51.897 0.0000000000
58620  -49.343  -34.958  51.609 0.0000000000
58650  -53.496  -34.752  47.560 0.0000000000
58652  -54.049  -35.159  47.065 0.0000000000
58667  -53.984  -35.270  46.861 0.0000000000
58679  -52.970  -35.492  46.160 0.0000000000
59615  -45.935  -35.310  53.152 0.0000000000
59626  -48.626  -34.561  52.081 0.0000000000
60782  -49.298  -33.899  50.796 0.0000000000
60795  -51.209  -33.621  50.006 0.0000000000
62018  -49.830  -33.129  49.211 0.0000000000
62088  -56.813  -32.393  45.579 0.0000000000
63340  -53.646  -30.899  47.033 0.0000000000
64562  -58.952  -29.668  44.781 0.0000000000
64581  -58.745  -30.570  44.436 0.0000000000
64607  -58.548  -30.615  42.838 0.0000000000
65740  -55.563  -30.239  46.844 0.0000000000
65773  -55.537  -30.110  46.175 0.0000000000
65798  -56.094  -29.708  44.785 0.0000000000
67004  -57.849  -29.012  45.212 0.0000000000
68212  -57.571  -28.004  44.255 0.0000000000
71481  -56.023  -25.159  42.073 0.0000000000
71494  -59.682  -23.717  42.974 0.0000000000
72563  -59.544  -23.727  43.214 0.0000000000
77994  -58.993  -17.753  41.405 0.0000000000
79027  -58.158  -18.097  41.893 0.0000000000
79036  -59.227  -17.300  41.214 0.0000000000
80104  -60.974  -15.942  39.471 0.0000000000
81142  -60.579  -15.183  39.757 0.0000000000
81152  -60.794  -15.208  39.538 0.0000000000
82204  -59.841  -15.026  39.803 0.0000000000
82205  -59.955  -14.856  39.938 0.0000000000
82218  -59.059  -14.827  39.828 0.0000000000
