#!ascii label  , from subject S5_07 vox2ras=TkReg
1254
115784  -53.191  17.605  34.035 0.0000000000
128869  -48.430  35.498  24.280 0.0000000000
122945  -43.502  27.182  29.250 0.0000000000
121305  -55.078  24.904  28.166 0.0000000000
126772  -52.031  32.877  19.052 0.0000000000
124559  -52.550  29.405  23.574 0.0000000000
121392  -54.313  25.721  22.078 0.0000000000
119869  -51.042  23.355  28.077 0.0000000000
110731  -44.991  12.151  34.394 0.0000000000
114969  -47.439  18.014  33.118 0.0000000000
129474  -44.967  37.198  28.850 0.0000000000
132004  -46.299  41.009  22.505 0.0000000000
126026  -47.478  31.726  19.252 0.0000000000
120527  -48.719  24.766  34.749 0.0000000000
125292  -45.333  30.258  25.245 0.0000000000
122952  -50.687  27.684  29.535 0.0000000000
118369  -52.844  20.912  29.470 0.0000000000
116706  -52.807  19.637  23.025 0.0000000000
117606  -45.356  20.260  21.386 0.0000000000
113430  -51.312  15.664  31.800 0.0000000000
123830  -51.475  28.532  17.272 0.0000000000
123803  -54.273  27.731  19.564 0.0000000000
121445  -52.884  25.525  18.150 0.0000000000
122228  -51.223  26.407  22.152 0.0000000000
112558  -46.630  14.836  32.714 0.0000000000
115775  -43.782  18.536  33.312 0.0000000000
129437  -45.103  36.717  31.818 0.0000000000
130221  -48.832  38.234  18.291 0.0000000000
120523  -45.353  25.101  34.097 0.0000000000
121276  -45.515  25.576  31.785 0.0000000000
128828  -47.002  35.572  27.820 0.0000000000
126729  -46.069  32.449  23.145 0.0000000000
122977  -53.362  27.472  26.139 0.0000000000
123744  -51.417  29.173  26.602 0.0000000000
122969  -53.430  27.223  28.856 0.0000000000
120558  -52.264  25.134  31.009 0.0000000000
119864  -54.913  23.486  29.667 0.0000000000
115837  -55.322  19.140  27.377 0.0000000000
118410  -55.434  20.934  27.454 0.0000000000
117556  -48.287  20.469  25.311 0.0000000000
128233  -49.830  34.609  21.539 0.0000000000
125330  -48.823  30.683  21.692 0.0000000000
124593  -52.192  30.118  20.621 0.0000000000
123010  -53.952  27.516  22.736 0.0000000000
121357  -54.380  25.544  25.299 0.0000000000
119895  -53.823  23.807  27.644 0.0000000000
121374  -53.054  25.619  24.710 0.0000000000
121324  -49.724  25.374  26.138 0.0000000000
109699  -48.313  11.841  35.982 0.0000000000
112526  -49.439  14.401  34.618 0.0000000000
115782  -50.900  18.155  34.308 0.0000000000
128747  -47.801  35.582  33.161 0.0000000000
129458  -48.485  36.898  30.479 0.0000000000
130741  -48.291  38.185  27.841 0.0000000000
130185  -48.506  37.069  23.558 0.0000000000
129544  -49.402  36.945  19.954 0.0000000000
128257  -50.220  34.571  17.481 0.0000000000
123815  -49.226  28.629  17.727 0.0000000000
123812  -45.700  28.481  18.455 0.0000000000
118356  -45.653  21.299  32.590 0.0000000000
118341  -48.317  21.158  33.746 0.0000000000
117456  -50.548  20.432  33.687 0.0000000000
123730  -45.057  28.784  27.380 0.0000000000
124541  -49.494  29.497  24.790 0.0000000000
124500  -48.726  28.912  27.137 0.0000000000
122949  -47.674  27.133  29.060 0.0000000000
121266  -49.575  26.359  32.879 0.0000000000
118364  -50.064  22.105  30.796 0.0000000000
115799  -51.111  18.651  31.238 0.0000000000
114226  -52.577  16.809  29.315 0.0000000000
115031  -50.688  17.801  26.541 0.0000000000
115855  -48.862  18.443  23.722 0.0000000000
117537  -51.764  20.247  25.863 0.0000000000
117609  -48.560  20.421  20.630 0.0000000000
115894  -45.821  18.396  20.799 0.0000000000
114178  -52.558  16.289  34.477 0.0000000000
114195  -52.978  16.038  33.968 0.0000000000
114208  -52.409  16.615  32.787 0.0000000000
123079  -51.028  27.461  17.082 0.0000000000
122317  -52.809  26.787  17.315 0.0000000000
121475  -51.279  25.955  16.761 0.0000000000
121443  -50.708  25.782  18.436 0.0000000000
121299  -44.871  25.783  30.015 0.0000000000
128855  -47.328  35.437  26.104 0.0000000000
122134  -53.922  26.542  26.643 0.0000000000
122975  -53.118  27.476  27.542 0.0000000000
122128  -54.277  26.166  29.164 0.0000000000
121300  -54.314  25.719  29.772 0.0000000000
120566  -55.352  24.064  28.910 0.0000000000
119130  -56.284  21.796  28.895 0.0000000000
119874  -55.453  23.175  28.582 0.0000000000
127518  -50.825  33.784  20.025 0.0000000000
126753  -50.712  32.696  20.274 0.0000000000
126028  -52.099  31.628  19.409 0.0000000000
122253  -54.461  26.383  20.723 0.0000000000
123040  -54.461  27.656  21.050 0.0000000000
122230  -54.268  26.812  22.433 0.0000000000
122185  -54.338  26.153  23.846 0.0000000000
121383  -54.195  25.829  23.133 0.0000000000
121375  -53.848  25.521  24.474 0.0000000000
121382  -53.813  25.635  23.460 0.0000000000
122181  -50.355  26.357  23.975 0.0000000000
114202  -47.530  16.410  32.806 0.0000000000
112541  -48.125  14.791  33.617 0.0000000000
114192  -48.815  16.463  33.409 0.0000000000
113412  -50.254  15.873  33.956 0.0000000000
115780  -48.964  18.527  33.658 0.0000000000
129465  -44.687  37.041  29.964 0.0000000000
130078  -48.114  37.322  31.318 0.0000000000
130108  -47.242  38.106  29.887 0.0000000000
130110  -48.301  37.533  29.013 0.0000000000
130128  -46.849  37.847  28.011 0.0000000000
131373  -45.308  39.556  23.166 0.0000000000
130168  -46.852  37.564  24.759 0.0000000000
130799  -47.082  38.900  22.228 0.0000000000
130193  -48.203  37.703  21.461 0.0000000000
130824  -47.764  39.692  21.022 0.0000000000
128244  -48.599  34.814  18.440 0.0000000000
128896  -49.161  36.033  17.903 0.0000000000
126786  -49.000  32.672  18.515 0.0000000000
126040  -49.980  31.694  17.815 0.0000000000
125366  -48.467  30.727  18.659 0.0000000000
123814  -48.088  28.640  18.426 0.0000000000
124605  -47.177  30.446  19.271 0.0000000000
120540  -40.417  24.686  33.326 0.0000000000
119845  -40.224  23.645  32.845 0.0000000000
119847  -42.318  23.437  32.804 0.0000000000
118354  -43.853  21.344  32.420 0.0000000000
119848  -43.278  23.308  32.806 0.0000000000
121226  -46.315  25.326  34.138 0.0000000000
119837  -47.387  23.931  33.795 0.0000000000
119084  -48.682  22.927  34.281 0.0000000000
117445  -49.738  20.726  34.173 0.0000000000
119100  -49.633  21.933  33.854 0.0000000000
125284  -44.031  30.203  25.946 0.0000000000
124497  -43.641  29.479  27.198 0.0000000000
124508  -45.751  29.331  26.419 0.0000000000
124572  -50.816  29.559  22.752 0.0000000000
124570  -48.868  29.686  23.132 0.0000000000
124557  -50.644  29.510  23.778 0.0000000000
123724  -51.369  28.375  28.484 0.0000000000
124502  -50.374  29.251  27.069 0.0000000000
123722  -49.448  28.322  28.190 0.0000000000
122973  -47.890  27.869  28.026 0.0000000000
122950  -48.668  27.227  29.287 0.0000000000
122111  -48.888  26.376  30.934 0.0000000000
122113  -50.386  26.904  31.460 0.0000000000
119122  -53.048  22.584  29.939 0.0000000000
119859  -51.235  23.819  30.843 0.0000000000
117481  -51.462  20.536  29.969 0.0000000000
117480  -50.673  20.314  30.590 0.0000000000
116636  -51.726  19.464  29.643 0.0000000000
114996  -51.722  17.778  30.242 0.0000000000
115807  -52.472  18.455  29.169 0.0000000000
115848  -54.514  18.705  25.476 0.0000000000
115834  -52.732  18.237  26.038 0.0000000000
115858  -52.152  18.568  23.934 0.0000000000
115844  -50.245  18.316  24.689 0.0000000000
115871  -50.557  18.901  22.869 0.0000000000
119894  -52.720  23.863  27.641 0.0000000000
118380  -52.730  21.960  28.119 0.0000000000
118407  -51.697  21.583  27.759 0.0000000000
117582  -46.693  20.624  23.304 0.0000000000
117584  -48.987  20.593  22.891 0.0000000000
117608  -47.402  20.447  20.757 0.0000000000
115918  -47.391  19.250  18.914 0.0000000000
116750  -45.447  19.623  18.657 0.0000000000
115098  -44.693  18.035  18.633 0.0000000000
111682  -51.553  13.456  35.802 0.0000000000
113434  -50.660  15.600  30.690 0.0000000000
126055  -52.295  31.323  17.547 0.0000000000
125368  -52.715  30.619  18.478 0.0000000000
123832  -52.836  28.402  17.888 0.0000000000
121447  -54.296  26.308  18.700 0.0000000000
121412  -53.657  25.656  20.131 0.0000000000
121400  -52.977  25.615  21.654 0.0000000000
121411  -52.567  25.704  20.372 0.0000000000
111704  -46.198  13.359  33.704 0.0000000000
113421  -45.283  15.509  32.450 0.0000000000
114968  -46.453  17.961  33.210 0.0000000000
129463  -42.556  36.208  28.813 0.0000000000
132650  -49.011  41.338  19.469 0.0000000000
127532  -47.087  33.622  19.339 0.0000000000
126025  -46.606  31.753  19.510 0.0000000000
120543  -43.576  24.868  33.531 0.0000000000
121262  -45.701  25.607  32.778 0.0000000000
121248  -47.067  25.524  33.802 0.0000000000
125976  -45.690  31.473  23.915 0.0000000000
123751  -52.899  28.598  25.478 0.0000000000
124528  -51.943  29.407  25.478 0.0000000000
123746  -52.722  28.251  26.844 0.0000000000
122968  -52.565  27.770  28.453 0.0000000000
122954  -52.434  27.564  29.699 0.0000000000
122927  -51.856  27.138  31.494 0.0000000000
122114  -53.154  26.746  30.880 0.0000000000
120562  -53.902  24.421  30.382 0.0000000000
119127  -54.018  22.097  29.756 0.0000000000
116643  -54.128  19.478  28.535 0.0000000000
116640  -55.855  20.247  28.927 0.0000000000
117514  -56.100  19.979  27.332 0.0000000000
116664  -54.467  19.461  25.564 0.0000000000
117508  -49.734  20.858  26.988 0.0000000000
122959  -42.435  28.001  28.543 0.0000000000
128218  -49.130  35.342  23.135 0.0000000000
128225  -47.761  34.182  22.561 0.0000000000
126751  -49.057  32.349  21.117 0.0000000000
125332  -50.306  30.269  21.192 0.0000000000
124574  -52.925  29.439  22.418 0.0000000000
124595  -53.449  29.274  20.525 0.0000000000
124586  -53.562  28.993  21.717 0.0000000000
124560  -53.293  29.127  23.461 0.0000000000
122979  -53.571  27.389  24.807 0.0000000000
122137  -54.069  26.552  25.474 0.0000000000
121329  -54.610  25.303  26.223 0.0000000000
120588  -54.666  24.426  27.452 0.0000000000
120616  -54.493  24.923  26.495 0.0000000000
120614  -53.109  24.691  26.823 0.0000000000
121308  -52.041  25.014  26.854 0.0000000000
122209  -52.073  26.162  23.176 0.0000000000
121354  -51.346  25.767  25.517 0.0000000000
111690  -47.592  13.619  34.232 0.0000000000
111679  -48.856  13.180  35.328 0.0000000000
111669  -50.604  12.973  35.951 0.0000000000
112528  -51.123  14.744  34.927 0.0000000000
114177  -51.772  16.667  34.433 0.0000000000
114951  -51.807  17.818  34.523 0.0000000000
128179  -47.221  34.794  31.770 0.0000000000
128765  -48.442  35.874  31.531 0.0000000000
128792  -46.885  35.353  30.710 0.0000000000
128804  -47.822  36.091  29.400 0.0000000000
128816  -48.395  36.284  27.756 0.0000000000
129499  -48.980  36.451  25.953 0.0000000000
129496  -44.549  36.578  26.708 0.0000000000
130138  -46.539  37.407  26.961 0.0000000000
130152  -48.558  37.567  25.515 0.0000000000
129527  -49.462  36.378  24.146 0.0000000000
129534  -49.519  36.245  23.283 0.0000000000
128880  -50.222  35.244  20.931 0.0000000000
128883  -50.442  35.328  19.981 0.0000000000
130837  -49.378  39.296  18.929 0.0000000000
128897  -50.047  36.236  17.934 0.0000000000
128252  -51.207  34.195  18.173 0.0000000000
126800  -51.113  32.496  17.352 0.0000000000
124629  -50.402  29.748  17.521 0.0000000000
123065  -48.384  27.878  17.841 0.0000000000
123063  -46.351  27.794  17.947 0.0000000000
124603  -45.599  30.146  19.403 0.0000000000
116622  -44.976  19.653  32.879 0.0000000000
116604  -46.715  19.596  33.470 0.0000000000
119835  -45.172  23.893  33.205 0.0000000000
118339  -46.800  21.813  33.100 0.0000000000
116605  -47.698  19.505  33.716 0.0000000000
116607  -49.584  19.211  34.110 0.0000000000
116594  -51.022  19.504  33.994 0.0000000000
116609  -51.747  18.827  33.790 0.0000000000
122961  -44.359  27.662  28.605 0.0000000000
125989  -46.960  31.925  22.486 0.0000000000
125308  -47.470  30.375  23.381 0.0000000000
124539  -47.392  29.684  24.814 0.0000000000
124526  -50.267  29.504  25.642 0.0000000000
124525  -49.284  29.428  25.681 0.0000000000
124523  -47.177  29.395  25.737 0.0000000000
123742  -46.949  28.650  27.075 0.0000000000
122963  -46.382  27.704  28.355 0.0000000000
122947  -45.559  27.093  29.129 0.0000000000
122108  -46.289  26.169  30.286 0.0000000000
121278  -47.591  25.537  32.092 0.0000000000
121250  -49.402  25.910  34.247 0.0000000000
121268  -51.421  26.118  32.215 0.0000000000
120554  -50.386  25.046  33.096 0.0000000000
119851  -49.865  23.824  33.750 0.0000000000
117471  -49.954  20.940  32.547 0.0000000000
116623  -50.841  19.594  32.407 0.0000000000
115796  -52.210  17.912  32.834 0.0000000000
114990  -51.969  17.212  31.991 0.0000000000
114211  -51.867  16.668  30.750 0.0000000000
114217  -51.349  16.278  29.488 0.0000000000
115017  -54.003  17.859  28.005 0.0000000000
115015  -52.026  17.025  27.878 0.0000000000
115001  -49.947  17.090  27.941 0.0000000000
115012  -48.668  17.473  26.943 0.0000000000
115028  -47.516  17.364  25.623 0.0000000000
119873  -54.880  23.217  28.205 0.0000000000
117511  -53.537  20.428  27.128 0.0000000000
117560  -52.592  20.187  23.678 0.0000000000
117536  -50.248  20.481  26.092 0.0000000000
117585  -50.164  20.495  22.703 0.0000000000
117611  -50.768  20.040  21.327 0.0000000000
115897  -48.992  19.138  20.693 0.0000000000
115884  -47.652  18.505  21.815 0.0000000000
114953  -53.180  17.015  34.410 0.0000000000
114179  -52.897  16.140  34.249 0.0000000000
114974  -53.410  16.712  33.979 0.0000000000
114205  -52.624  16.278  33.375 0.0000000000
114988  -52.986  17.062  33.310 0.0000000000
122315  -50.597  26.573  16.791 0.0000000000
122333  -50.974  26.080  16.589 0.0000000000
122332  -50.220  26.025  16.512 0.0000000000
121297  -43.746  25.802  30.065 0.0000000000
122122  -44.724  26.332  29.630 0.0000000000
128863  -48.136  35.476  24.948 0.0000000000
128211  -46.999  35.030  24.376 0.0000000000
128212  -47.891  35.331  24.253 0.0000000000
122132  -54.602  25.617  28.017 0.0000000000
122131  -53.966  26.445  27.886 0.0000000000
122129  -54.910  25.484  28.688 0.0000000000
121301  -55.147  25.086  29.247 0.0000000000
121306  -55.290  24.706  28.601 0.0000000000
120570  -55.209  24.247  28.239 0.0000000000
126754  -51.361  33.140  19.714 0.0000000000
126771  -51.449  32.541  19.726 0.0000000000
126027  -51.722  32.196  19.531 0.0000000000
121402  -54.264  25.844  20.995 0.0000000000
123027  -54.434  26.809  21.201 0.0000000000
122231  -54.502  26.339  21.717 0.0000000000
122211  -54.390  26.169  22.756 0.0000000000
121391  -53.783  25.519  22.414 0.0000000000
110732  -45.873  12.301  34.478 0.0000000000
114985  -47.842  17.288  32.912 0.0000000000
114203  -48.163  16.712  33.078 0.0000000000
114986  -48.467  17.191  33.228 0.0000000000
114971  -49.245  17.513  33.517 0.0000000000
114970  -48.330  17.893  33.274 0.0000000000
130117  -45.509  37.420  29.753 0.0000000000
130118  -46.199  37.683  29.262 0.0000000000
130119  -47.160  37.977  28.942 0.0000000000
129475  -45.806  37.519  28.645 0.0000000000
131401  -45.493  40.149  22.207 0.0000000000
131371  -43.884  39.850  23.299 0.0000000000
131386  -45.715  40.128  22.742 0.0000000000
130797  -45.610  39.351  23.132 0.0000000000
131387  -46.726  40.247  22.225 0.0000000000
131388  -47.266  39.688  21.955 0.0000000000
131402  -47.178  40.840  21.749 0.0000000000
127546  -47.837  33.282  19.053 0.0000000000
127547  -48.722  33.697  18.553 0.0000000000
126785  -48.073  32.595  18.903 0.0000000000
126039  -49.162  31.693  18.331 0.0000000000
126038  -48.266  31.700  18.750 0.0000000000
124617  -47.501  29.788  18.945 0.0000000000
125365  -47.662  30.866  19.136 0.0000000000
121241  -39.998  25.475  33.097 0.0000000000
120541  -41.507  24.596  33.294 0.0000000000
120551  -40.949  24.250  33.048 0.0000000000
119831  -41.643  24.225  33.126 0.0000000000
121227  -47.336  25.288  34.309 0.0000000000
120526  -47.580  24.721  34.434 0.0000000000
119818  -49.072  23.886  34.372 0.0000000000
119085  -49.450  22.565  34.221 0.0000000000
119839  -49.567  23.818  34.193 0.0000000000
125297  -44.798  30.742  24.908 0.0000000000
125291  -44.452  30.439  25.453 0.0000000000
124520  -44.511  29.849  26.061 0.0000000000
124521  -45.170  29.743  25.865 0.0000000000
124558  -51.629  29.488  23.692 0.0000000000
123710  -50.981  28.124  28.945 0.0000000000
123723  -50.424  28.316  28.565 0.0000000000
122967  -50.090  27.769  29.152 0.0000000000
122966  -49.497  27.771  28.852 0.0000000000
122951  -49.666  27.241  29.754 0.0000000000
122934  -50.324  27.211  30.201 0.0000000000
118367  -53.055  21.876  29.691 0.0000000000
118366  -52.288  21.496  29.797 0.0000000000
117483  -52.413  20.381  29.501 0.0000000000
116637  -52.965  19.510  28.780 0.0000000000
115874  -53.130  19.242  23.491 0.0000000000
115859  -53.244  18.764  24.061 0.0000000000
115873  -52.634  19.005  23.275 0.0000000000
115857  -51.008  18.572  23.869 0.0000000000
116704  -51.283  19.241  22.520 0.0000000000
119870  -51.967  23.334  28.067 0.0000000000
119138  -52.182  22.560  28.212 0.0000000000
119162  -50.841  22.198  27.974 0.0000000000
117595  -45.936  20.500  22.243 0.0000000000
117596  -47.015  20.665  22.021 0.0000000000
117607  -46.215  20.335  20.897 0.0000000000
117616  -46.775  20.170  19.777 0.0000000000
116740  -45.816  20.123  19.639 0.0000000000
116749  -44.401  19.409  18.519 0.0000000000
116739  -44.892  19.812  19.619 0.0000000000
112517  -51.512  14.255  35.386 0.0000000000
113435  -51.468  16.074  31.064 0.0000000000
124631  -51.947  29.534  17.348 0.0000000000
124632  -52.559  29.279  17.771 0.0000000000
123831  -52.285  28.500  17.483 0.0000000000
121462  -52.836  25.969  17.438 0.0000000000
121463  -53.476  26.421  17.734 0.0000000000
121446  -53.766  25.965  18.314 0.0000000000
121430  -54.520  25.950  19.073 0.0000000000
121429  -53.807  25.582  19.067 0.0000000000
121428  -52.787  25.501  19.181 0.0000000000
122287  -50.889  25.972  19.272 0.0000000000
113420  -44.344  15.552  32.463 0.0000000000
114983  -45.980  17.201  32.789 0.0000000000
114967  -45.416  17.817  33.291 0.0000000000
129454  -42.759  36.411  29.927 0.0000000000
128889  -47.297  35.715  19.145 0.0000000000
127531  -45.902  33.607  19.556 0.0000000000
128241  -45.463  34.543  19.567 0.0000000000
121261  -44.727  25.678  32.616 0.0000000000
121263  -46.768  25.555  32.955 0.0000000000
128813  -46.313  35.133  28.469 0.0000000000
122974  -52.541  27.938  27.835 0.0000000000
123725  -51.983  28.078  28.886 0.0000000000
122938  -53.209  26.798  30.606 0.0000000000
122955  -53.280  26.869  29.975 0.0000000000
120563  -54.665  24.323  30.056 0.0000000000
121293  -54.132  25.267  30.209 0.0000000000
119124  -54.607  23.134  29.856 0.0000000000
119123  -54.152  22.907  30.074 0.0000000000
119128  -55.033  22.427  29.567 0.0000000000
118371  -54.752  21.299  29.495 0.0000000000
118372  -55.742  21.324  29.361 0.0000000000
118384  -56.039  21.331  27.927 0.0000000000
118385  -56.479  20.896  28.020 0.0000000000
118411  -56.128  20.589  27.572 0.0000000000
117540  -54.994  19.787  26.379 0.0000000000
117512  -54.701  20.374  27.004 0.0000000000
128227  -49.413  35.314  22.401 0.0000000000
128226  -48.847  34.522  22.322 0.0000000000
128232  -49.338  34.078  21.729 0.0000000000
125341  -51.612  30.536  20.317 0.0000000000
125340  -50.600  30.796  20.550 0.0000000000
125333  -51.086  30.153  20.978 0.0000000000
124583  -51.005  29.714  21.747 0.0000000000
124584  -52.048  29.756  21.306 0.0000000000
124621  -53.222  29.013  18.860 0.0000000000
124607  -53.522  29.176  19.578 0.0000000000
123795  -54.210  28.560  20.006 0.0000000000
123026  -54.360  27.367  21.655 0.0000000000
123788  -54.213  28.238  21.037 0.0000000000
123782  -53.915  28.248  22.178 0.0000000000
124575  -53.511  28.893  22.617 0.0000000000
123775  -53.548  28.298  23.151 0.0000000000
123763  -53.414  28.487  24.214 0.0000000000
122992  -53.707  27.554  23.711 0.0000000000
122156  -54.568  26.003  24.861 0.0000000000
122155  -54.176  26.490  24.609 0.0000000000
122138  -54.649  25.925  25.880 0.0000000000
120631  -54.448  25.074  25.850 0.0000000000
121356  -53.772  25.200  25.481 0.0000000000
121327  -52.992  25.037  26.272 0.0000000000
121309  -52.645  24.828  26.813 0.0000000000
122229  -52.228  26.054  21.987 0.0000000000
121390  -53.060  25.688  22.756 0.0000000000
121353  -50.279  25.818  25.467 0.0000000000
122152  -50.857  26.231  24.823 0.0000000000
112539  -46.447  14.206  33.183 0.0000000000
111689  -46.824  13.426  34.104 0.0000000000
112540  -47.319  14.528  33.361 0.0000000000
112542  -48.817  14.844  33.850 0.0000000000
112525  -48.416  14.240  34.131 0.0000000000
111692  -49.185  13.721  35.113 0.0000000000
111680  -49.904  13.543  35.571 0.0000000000
112515  -50.076  14.267  35.196 0.0000000000
112516  -50.664  14.232  35.404 0.0000000000
112527  -50.411  14.688  34.794 0.0000000000
114972  -50.342  17.458  33.901 0.0000000000
114194  -50.744  16.612  34.113 0.0000000000
114973  -51.158  17.405  34.325 0.0000000000
128162  -47.767  34.715  33.897 0.0000000000
127442  -47.520  33.954  33.546 0.0000000000
128172  -47.749  34.871  33.007 0.0000000000
128171  -47.445  34.496  32.531 0.0000000000
128180  -47.723  35.138  32.246 0.0000000000
129413  -45.592  36.824  32.776 0.0000000000
129439  -46.872  37.206  32.197 0.0000000000
129440  -48.247  36.883  31.600 0.0000000000
129441  -48.339  36.723  31.346 0.0000000000
128780  -47.810  35.587  31.433 0.0000000000
128781  -48.293  36.285  30.913 0.0000000000
128793  -47.798  35.826  30.389 0.0000000000
128794  -48.339  36.423  30.083 0.0000000000
129477  -48.415  36.793  28.509 0.0000000000
130121  -48.513  37.605  27.934 0.0000000000
128830  -48.409  36.137  27.112 0.0000000000
129488  -48.893  36.758  27.150 0.0000000000
130137  -45.902  37.072  26.597 0.0000000000
130149  -45.533  37.043  25.892 0.0000000000
130184  -47.646  37.506  23.800 0.0000000000
130169  -47.757  37.566  24.718 0.0000000000
130170  -48.652  37.417  24.584 0.0000000000
130153  -49.241  37.268  25.362 0.0000000000
130171  -49.366  37.036  24.428 0.0000000000
129533  -49.016  36.630  22.892 0.0000000000
129540  -48.769  37.045  20.843 0.0000000000
129541  -49.409  36.380  21.217 0.0000000000
128882  -49.930  35.917  20.548 0.0000000000
128891  -49.863  36.055  19.265 0.0000000000
131447  -49.205  40.186  18.468 0.0000000000
131432  -49.455  40.167  18.831 0.0000000000
130847  -49.258  39.478  18.617 0.0000000000
128904  -49.882  35.515  17.533 0.0000000000
128905  -50.226  35.284  17.551 0.0000000000
128898  -50.653  35.171  17.900 0.0000000000
128906  -50.519  34.825  17.646 0.0000000000
127549  -51.068  33.973  17.759 0.0000000000
126799  -50.453  32.675  17.492 0.0000000000
124619  -49.716  29.746  17.916 0.0000000000
125378  -50.201  30.704  17.603 0.0000000000
123816  -49.910  29.174  17.577 0.0000000000
123828  -49.689  27.954  17.420 0.0000000000
123813  -46.891  28.589  18.581 0.0000000000
123062  -45.682  27.836  17.909 0.0000000000
125353  -46.082  30.930  19.676 0.0000000000
117466  -42.225  20.627  32.150 0.0000000000
118355  -44.808  21.270  32.450 0.0000000000
117468  -44.162  20.377  32.474 0.0000000000
117469  -45.208  20.318  32.640 0.0000000000
116603  -45.607  19.595  33.150 0.0000000000
117470  -45.932  20.739  32.763 0.0000000000
121245  -44.053  25.439  33.483 0.0000000000
119834  -43.985  24.127  33.246 0.0000000000
120544  -44.845  24.948  33.886 0.0000000000
119098  -48.190  22.191  33.804 0.0000000000
119096  -46.651  22.881  33.261 0.0000000000
118340  -47.459  21.451  33.512 0.0000000000
117454  -47.512  20.414  33.624 0.0000000000
117455  -48.396  20.214  33.994 0.0000000000
116606  -48.619  19.350  34.003 0.0000000000
116592  -49.247  20.048  34.311 0.0000000000
117446  -50.294  20.568  34.043 0.0000000000
116593  -50.133  19.896  34.222 0.0000000000
116595  -51.695  18.751  34.058 0.0000000000
116608  -51.122  19.642  33.384 0.0000000000
124498  -44.368  29.318  27.121 0.0000000000
123717  -43.262  28.513  28.124 0.0000000000
126001  -48.203  32.001  21.721 0.0000000000
126733  -47.242  32.483  22.330 0.0000000000
125990  -47.721  31.457  22.209 0.0000000000
124556  -49.641  29.551  23.858 0.0000000000
125309  -48.214  30.115  23.068 0.0000000000
124555  -48.546  29.673  23.868 0.0000000000
125300  -47.124  30.133  24.042 0.0000000000
124540  -48.481  29.530  24.839 0.0000000000
124514  -51.495  29.259  26.090 0.0000000000
124527  -51.142  29.506  25.544 0.0000000000
124513  -50.883  29.386  26.439 0.0000000000
124501  -49.584  29.153  27.124 0.0000000000
124512  -49.946  29.411  26.452 0.0000000000
124511  -48.989  29.246  26.504 0.0000000000
124524  -48.243  29.287  25.699 0.0000000000
124510  -47.911  28.893  26.707 0.0000000000
124509  -46.679  29.136  26.435 0.0000000000
123743  -47.587  28.561  27.223 0.0000000000
122964  -47.418  27.559  28.431 0.0000000000
122972  -47.328  27.902  27.899 0.0000000000
122948  -46.621  27.116  29.070 0.0000000000
122962  -45.301  27.624  28.612 0.0000000000
122123  -45.763  26.410  29.755 0.0000000000
122124  -46.890  26.590  29.674 0.0000000000
122096  -49.346  26.413  31.493 0.0000000000
121291  -48.140  25.843  31.319 0.0000000000
121279  -48.837  25.939  32.121 0.0000000000
121265  -49.139  26.109  33.355 0.0000000000
122084  -49.643  26.191  33.800 0.0000000000
122928  -52.314  26.905  31.475 0.0000000000
122099  -51.608  26.490  31.926 0.0000000000
121282  -51.932  25.809  31.742 0.0000000000
119120  -50.408  22.810  30.922 0.0000000000
119856  -50.782  24.310  31.516 0.0000000000
119117  -50.212  23.323  31.550 0.0000000000
119852  -49.966  24.286  33.144 0.0000000000
119116  -49.843  22.807  31.904 0.0000000000
118358  -49.773  21.756  32.556 0.0000000000
117477  -49.731  21.145  32.030 0.0000000000
116629  -50.759  19.432  31.218 0.0000000000
116630  -51.190  18.936  31.933 0.0000000000
116624  -51.682  18.817  32.891 0.0000000000
115800  -51.536  18.087  31.816 0.0000000000
114997  -52.250  17.453  29.761 0.0000000000
114994  -52.205  17.125  30.212 0.0000000000
114218  -52.047  16.432  29.763 0.0000000000
114225  -52.101  16.524  28.816 0.0000000000
115812  -54.552  19.104  28.205 0.0000000000
115811  -54.054  18.601  28.149 0.0000000000
115035  -54.404  18.261  27.490 0.0000000000
115032  -51.822  17.675  26.799 0.0000000000
115033  -52.959  17.656  27.049 0.0000000000
115002  -50.923  16.862  28.190 0.0000000000
115014  -50.866  17.326  27.432 0.0000000000
115000  -49.147  17.158  27.623 0.0000000000
115013  -49.809  17.473  27.147 0.0000000000
115843  -49.250  18.301  24.548 0.0000000000
115830  -48.715  17.961  25.023 0.0000000000
115842  -48.404  18.155  24.395 0.0000000000
115052  -47.782  18.021  24.201 0.0000000000
119896  -54.699  23.770  27.828 0.0000000000
119872  -54.028  23.262  28.122 0.0000000000
117510  -52.273  20.489  27.146 0.0000000000
118408  -53.000  21.270  27.662 0.0000000000
117538  -52.994  20.115  26.251 0.0000000000
116662  -52.756  20.019  25.424 0.0000000000
116678  -52.399  20.209  25.038 0.0000000000
117535  -49.040  20.557  26.200 0.0000000000
117557  -49.430  20.442  25.133 0.0000000000
117597  -48.189  20.606  21.825 0.0000000000
117570  -49.801  20.381  23.906 0.0000000000
117598  -49.372  20.479  21.672 0.0000000000
117599  -50.496  20.289  21.716 0.0000000000
117610  -49.667  20.144  20.608 0.0000000000
115898  -49.851  19.481  21.121 0.0000000000
116743  -49.114  19.927  19.869 0.0000000000
115905  -46.107  18.513  19.553 0.0000000000
115895  -46.865  18.536  20.703 0.0000000000
115867  -46.568  18.170  22.790 0.0000000000
113398  -52.233  14.976  34.554 0.0000000000
113413  -52.197  15.052  33.611 0.0000000000
123080  -52.025  27.530  17.232 0.0000000000
122316  -51.640  26.391  16.907 0.0000000000
121461  -51.742  25.755  17.316 0.0000000000
121444  -51.791  25.546  18.256 0.0000000000
121460  -50.796  25.649  17.433 0.0000000000
121287  -44.332  25.719  30.720 0.0000000000
121288  -45.386  25.750  30.696 0.0000000000
128842  -46.968  35.595  26.844 0.0000000000
128207  -46.650  35.123  25.568 0.0000000000
128215  -46.215  33.735  23.311 0.0000000000
120565  -55.075  24.154  29.433 0.0000000000
119129  -55.994  22.041  29.198 0.0000000000
119865  -55.728  23.066  29.202 0.0000000000
119875  -56.056  22.331  28.811 0.0000000000
119142  -55.783  22.080  28.425 0.0000000000
127512  -50.280  33.994  20.875 0.0000000000
127517  -50.226  33.365  20.640 0.0000000000
126013  -51.229  31.653  20.022 0.0000000000
125342  -52.381  30.334  20.144 0.0000000000
123049  -54.639  27.126  19.718 0.0000000000
123796  -54.544  27.803  20.287 0.0000000000
123041  -54.527  27.175  20.655 0.0000000000
122210  -53.971  26.763  23.243 0.0000000000
121376  -54.263  25.780  24.194 0.0000000000
122208  -50.822  26.328  23.121 0.0000000000
109718  -47.267  12.209  34.948 0.0000000000
113423  -47.058  15.500  32.700 0.0000000000
113409  -47.781  15.482  33.198 0.0000000000
113410  -48.508  15.535  33.505 0.0000000000
113411  -49.424  15.523  33.804 0.0000000000
113395  -50.076  15.227  34.359 0.0000000000
114193  -49.834  16.575  33.663 0.0000000000
115781  -49.958  18.344  33.870 0.0000000000
129456  -44.849  36.923  30.921 0.0000000000
130076  -46.667  37.303  31.768 0.0000000000
130106  -45.492  37.336  30.497 0.0000000000
130096  -47.303  37.724  30.800 0.0000000000
130097  -48.049  37.806  30.402 0.0000000000
130098  -48.401  37.475  29.993 0.0000000000
130109  -47.982  37.995  29.473 0.0000000000
130120  -47.978  38.199  28.383 0.0000000000
130782  -44.171  39.022  23.576 0.0000000000
130167  -45.799  37.531  24.616 0.0000000000
130783  -45.331  38.592  23.594 0.0000000000
130784  -46.123  38.218  23.531 0.0000000000
130189  -47.353  37.770  22.848 0.0000000000
130190  -48.152  37.183  22.424 0.0000000000
130192  -47.652  38.068  22.075 0.0000000000
130810  -48.173  38.412  21.016 0.0000000000
130208  -48.903  38.430  19.936 0.0000000000
129558  -48.601  37.148  18.339 0.0000000000
129559  -49.444  37.288  18.000 0.0000000000
128249  -49.537  34.778  17.647 0.0000000000
128250  -49.862  34.205  17.509 0.0000000000
127560  -50.121  33.628  17.496 0.0000000000
126787  -49.769  32.688  17.922 0.0000000000
125367  -49.441  30.695  18.211 0.0000000000
124618  -48.775  29.669  18.405 0.0000000000
124616  -46.220  29.413  18.998 0.0000000000
122065  -39.293  25.721  33.094 0.0000000000
121240  -39.049  25.448  33.320 0.0000000000
120539  -39.404  24.813  33.404 0.0000000000
118353  -42.899  21.467  32.368 0.0000000000
119109  -42.615  22.466  32.507 0.0000000000
119110  -43.569  22.343  32.509 0.0000000000
119111  -44.491  22.209  32.509 0.0000000000
120524  -45.705  25.125  34.175 0.0000000000
120545  -45.876  24.645  33.958 0.0000000000
120547  -47.243  24.467  34.155 0.0000000000
119838  -48.021  23.145  33.925 0.0000000000
118329  -48.914  21.871  34.128 0.0000000000
117444  -49.069  20.909  34.034 0.0000000000
118330  -49.486  21.538  34.049 0.0000000000
119086  -49.563  21.811  33.982 0.0000000000
118343  -50.034  21.196  33.820 0.0000000000
124506  -44.036  29.801  26.567 0.0000000000
124507  -44.937  29.436  26.640 0.0000000000
123740  -45.463  29.104  26.856 0.0000000000
124582  -50.044  29.845  21.922 0.0000000000
125321  -48.543  30.375  22.377 0.0000000000
124571  -49.668  29.644  22.796 0.0000000000
124542  -50.492  29.551  24.747 0.0000000000
123736  -51.140  28.967  27.429 0.0000000000
123735  -50.071  28.780  27.657 0.0000000000
123734  -49.188  28.653  27.601 0.0000000000
123733  -48.184  28.382  27.548 0.0000000000
123721  -48.864  28.307  27.937 0.0000000000
122965  -48.493  27.796  28.381 0.0000000000
122125  -47.866  26.603  29.755 0.0000000000
122126  -48.746  26.701  30.051 0.0000000000
122112  -49.863  26.799  30.860 0.0000000000
122097  -49.813  26.466  32.098 0.0000000000
119860  -52.391  23.613  30.510 0.0000000000
120560  -52.022  24.441  30.804 0.0000000000
119121  -51.613  22.670  30.316 0.0000000000
118365  -50.671  21.582  30.389 0.0000000000
118362  -50.167  20.967  30.905 0.0000000000
116632  -50.945  19.391  30.188 0.0000000000
115805  -50.948  18.876  29.964 0.0000000000
115803  -51.388  18.122  30.731 0.0000000000
115806  -51.500  18.472  29.902 0.0000000000
115004  -53.117  17.529  28.729 0.0000000000
115836  -54.801  18.651  26.768 0.0000000000
115835  -53.785  18.375  26.300 0.0000000000
115847  -53.668  18.399  25.088 0.0000000000
115846  -52.499  18.558  24.965 0.0000000000
115833  -51.595  18.189  25.828 0.0000000000
115832  -50.482  18.179  25.633 0.0000000000
115845  -51.349  18.400  24.822 0.0000000000
115856  -49.878  18.604  23.797 0.0000000000
115870  -49.375  18.654  22.806 0.0000000000
119871  -53.001  23.330  28.162 0.0000000000
119139  -53.294  22.613  28.290 0.0000000000
117509  -50.960  20.612  27.093 0.0000000000
117568  -47.495  20.477  24.339 0.0000000000
117569  -48.619  20.486  24.140 0.0000000000
117583  -47.812  20.538  23.097 0.0000000000
116742  -47.916  19.682  19.516 0.0000000000
117623  -47.115  19.983  19.247 0.0000000000
115927  -46.513  19.011  18.169 0.0000000000
115915  -45.468  18.380  18.546 0.0000000000
115904  -45.228  18.251  19.545 0.0000000000
115107  -44.857  18.396  18.071 0.0000000000
115925  -44.461  18.764  17.922 0.0000000000
111670  -51.124  12.970  36.156 0.0000000000
126789  -52.238  32.080  18.414 0.0000000000
126029  -52.493  31.439  18.777 0.0000000000
126041  -52.459  31.357  18.039 0.0000000000
124620  -52.912  29.738  18.265 0.0000000000
123818  -53.421  28.135  18.605 0.0000000000
123081  -52.848  27.682  17.567 0.0000000000
123066  -53.928  27.211  18.496 0.0000000000
123056  -54.311  27.069  19.039 0.0000000000
122289  -54.524  26.556  19.154 0.0000000000
121413  -54.338  25.905  19.935 0.0000000000
121401  -53.686  25.583  21.300 0.0000000000
122252  -52.251  25.995  20.969 0.0000000000
121427  -51.656  25.713  19.363 0.0000000000
122270  -51.670  25.895  20.177 0.0000000000
110752  -45.534  12.713  33.882 0.0000000000
111703  -45.154  13.436  33.163 0.0000000000
112538  -45.771  13.983  32.974 0.0000000000
112557  -45.906  14.715  32.603 0.0000000000
113422  -46.180  15.545  32.488 0.0000000000
114201  -46.555  16.409  32.550 0.0000000000
114984  -46.968  17.280  32.732 0.0000000000
129436  -44.001  36.506  31.496 0.0000000000
129455  -43.790  36.584  30.443 0.0000000000
129464  -43.724  36.662  29.378 0.0000000000
132624  -47.635  41.454  20.759 0.0000000000
128895  -48.219  36.270  18.572 0.0000000000
128243  -47.700  34.715  19.130 0.0000000000
126770  -47.214  32.589  19.268 0.0000000000
126769  -46.264  32.654  19.487 0.0000000000
126024  -45.635  31.769  19.634 0.0000000000
121246  -44.864  25.534  33.395 0.0000000000
121247  -46.003  25.524  33.587 0.0000000000
121228  -48.458  25.344  34.601 0.0000000000
125975  -44.635  31.496  24.642 0.0000000000
125298  -45.433  30.735  24.602 0.0000000000
124545  -52.950  29.229  24.466 0.0000000000
124544  -52.236  29.458  24.558 0.0000000000
124529  -52.559  29.307  25.175 0.0000000000
123750  -52.348  29.087  25.620 0.0000000000
123745  -51.994  28.874  26.399 0.0000000000
123738  -52.614  28.080  27.522 0.0000000000
123737  -52.145  28.409  27.776 0.0000000000
123711  -51.410  27.962  29.195 0.0000000000
122953  -51.525  27.618  29.907 0.0000000000
122936  -51.831  27.416  30.750 0.0000000000
122937  -52.708  27.120  30.888 0.0000000000
121283  -53.074  25.601  30.833 0.0000000000
121292  -53.512  25.002  30.453 0.0000000000
120561  -52.957  24.565  30.622 0.0000000000
119861  -53.511  23.612  30.395 0.0000000000
119126  -53.417  21.990  29.723 0.0000000000
118370  -53.504  21.320  29.483 0.0000000000
117484  -53.284  20.405  29.188 0.0000000000
117485  -54.382  20.279  29.136 0.0000000000
117491  -55.166  19.888  29.025 0.0000000000
116654  -55.876  19.589  27.845 0.0000000000
118373  -56.322  21.283  29.072 0.0000000000
116655  -56.381  20.043  28.312 0.0000000000
116666  -55.516  19.377  26.974 0.0000000000
116665  -55.031  19.221  26.040 0.0000000000
116681  -54.576  19.082  24.964 0.0000000000
116693  -53.446  19.290  23.936 0.0000000000
119161  -49.874  22.264  27.868 0.0000000000
118405  -49.263  21.542  27.482 0.0000000000
117507  -48.657  20.975  26.965 0.0000000000
117534  -47.991  20.607  26.301 0.0000000000
117555  -47.227  20.381  25.477 0.0000000000
117581  -45.613  20.570  23.453 0.0000000000
117594  -44.863  20.355  22.294 0.0000000000
128870  -48.995  35.578  23.971 0.0000000000
128217  -48.059  35.095  23.428 0.0000000000
127504  -48.255  33.759  22.140 0.0000000000
127509  -48.154  33.205  21.771 0.0000000000
126002  -48.825  31.512  21.336 0.0000000000
126752  -49.685  32.670  20.818 0.0000000000
126003  -49.452  31.141  20.990 0.0000000000
125331  -49.455  30.606  21.370 0.0000000000
124573  -51.871  29.526  22.594 0.0000000000
125356  -52.616  30.551  19.377 0.0000000000
125343  -52.974  30.049  20.109 0.0000000000
124594  -52.699  29.860  20.689 0.0000000000
124585  -52.990  29.521  21.354 0.0000000000
122184  -53.857  26.789  24.044 0.0000000000
122135  -54.411  25.740  26.959 0.0000000000
121310  -54.698  25.075  27.186 0.0000000000
120569  -55.083  24.525  27.922 0.0000000000
120615  -53.914  24.672  26.559 0.0000000000
120630  -54.222  24.840  26.001 0.0000000000
120587  -53.470  24.341  27.212 0.0000000000
120586  -52.393  24.480  27.212 0.0000000000
119893  -51.632  23.904  27.701 0.0000000000
121381  -53.094  25.729  23.800 0.0000000000
122183  -52.345  25.968  24.250 0.0000000000
122182  -51.404  26.295  24.058 0.0000000000
122153  -51.864  26.121  24.881 0.0000000000
122154  -52.451  25.805  24.823 0.0000000000
110733  -46.708  12.826  34.485 0.0000000000
110721  -48.071  12.469  35.426 0.0000000000
112524  -47.876  14.262  33.811 0.0000000000
111678  -48.121  13.165  34.933 0.0000000000
110723  -50.141  12.762  35.949 0.0000000000
110711  -50.502  12.312  36.439 0.0000000000
111681  -50.931  13.581  35.808 0.0000000000
113396  -50.936  15.568  34.435 0.0000000000
113397  -51.817  15.235  34.642 0.0000000000
114952  -52.612  17.344  34.505 0.0000000000
115764  -52.979  17.580  34.387 0.0000000000
130059  -47.910  36.992  31.863 0.0000000000
129416  -48.076  36.461  32.140 0.0000000000
128764  -48.113  35.756  32.217 0.0000000000
128779  -47.181  35.198  31.316 0.0000000000
128791  -46.442  35.149  30.510 0.0000000000
128803  -46.853  35.464  29.754 0.0000000000
128814  -46.754  35.390  28.745 0.0000000000
128805  -48.316  36.519  29.596 0.0000000000
129476  -48.111  36.401  28.896 0.0000000000
128829  -47.857  35.826  27.460 0.0000000000
128843  -47.931  35.762  26.651 0.0000000000
128844  -48.575  36.090  26.396 0.0000000000
128857  -48.845  35.839  25.539 0.0000000000
129485  -44.681  36.794  27.646 0.0000000000
129486  -45.782  37.421  27.939 0.0000000000
129487  -46.311  37.493  27.584 0.0000000000
130746  -48.118  38.241  27.451 0.0000000000
130150  -46.736  37.482  25.771 0.0000000000
130139  -47.679  37.968  26.732 0.0000000000
130753  -48.586  37.839  27.076 0.0000000000
129500  -49.137  36.976  26.200 0.0000000000
129515  -49.442  36.539  25.179 0.0000000000
128865  -49.422  35.959  24.507 0.0000000000
128871  -49.502  35.860  23.572 0.0000000000
128219  -49.493  35.622  22.994 0.0000000000
128876  -49.635  35.814  22.767 0.0000000000
129537  -48.799  36.749  21.860 0.0000000000
128879  -49.716  35.619  21.702 0.0000000000
128237  -50.841  34.647  19.540 0.0000000000
127534  -51.242  34.141  19.266 0.0000000000
132028  -48.471  40.958  20.623 0.0000000000
130836  -49.048  39.241  19.586 0.0000000000
130209  -49.340  38.180  19.240 0.0000000000
129560  -49.705  37.306  18.152 0.0000000000
129552  -49.713  37.232  18.639 0.0000000000
128892  -50.440  35.258  18.779 0.0000000000
128245  -51.087  34.515  18.546 0.0000000000
127535  -51.508  33.879  18.782 0.0000000000
127550  -51.431  33.702  18.042 0.0000000000
126801  -51.652  32.172  17.496 0.0000000000
125380  -51.673  30.579  17.143 0.0000000000
126052  -50.703  31.642  17.421 0.0000000000
125379  -50.907  30.657  17.182 0.0000000000
124630  -51.149  29.626  17.332 0.0000000000
123829  -50.364  28.553  17.360 0.0000000000
123078  -50.079  27.360  17.183 0.0000000000
123064  -47.434  27.829  17.959 0.0000000000
125354  -46.959  30.963  19.493 0.0000000000
124604  -46.586  30.263  19.339 0.0000000000
124615  -45.097  29.325  19.018 0.0000000000
116601  -44.045  19.218  33.093 0.0000000000
117467  -43.148  20.442  32.328 0.0000000000
116621  -44.417  19.666  32.796 0.0000000000
116602  -44.611  19.209  33.185 0.0000000000
115777  -46.000  18.702  33.421 0.0000000000
115778  -47.031  18.758  33.458 0.0000000000
119849  -44.262  23.188  32.704 0.0000000000
119850  -45.040  22.919  32.673 0.0000000000
119836  -46.305  23.876  33.475 0.0000000000
119095  -45.804  22.982  32.928 0.0000000000
119113  -46.172  22.086  32.692 0.0000000000
117453  -46.531  20.630  33.173 0.0000000000
115779  -48.007  18.687  33.532 0.0000000000
115761  -50.558  18.992  34.140 0.0000000000
115762  -51.475  18.597  34.207 0.0000000000
115763  -52.405  18.192  34.276 0.0000000000
115783  -52.467  18.233  33.637 0.0000000000
122960  -43.394  27.792  28.570 0.0000000000
128224  -47.217  33.801  22.550 0.0000000000
126732  -46.583  32.445  22.663 0.0000000000
125320  -47.775  30.601  22.676 0.0000000000
125982  -47.328  30.939  22.775 0.0000000000
125981  -46.616  31.438  23.080 0.0000000000
125977  -46.344  31.018  23.748 0.0000000000
125299  -46.393  30.438  24.333 0.0000000000
124538  -46.599  29.813  25.080 0.0000000000
124543  -51.408  29.556  24.675 0.0000000000
124522  -46.109  29.676  25.678 0.0000000000
123741  -46.021  28.842  26.946 0.0000000000
123731  -46.176  28.290  27.678 0.0000000000
123732  -47.189  28.260  27.509 0.0000000000
122971  -46.780  27.997  27.825 0.0000000000
123719  -45.167  28.146  28.132 0.0000000000
122946  -44.512  27.052  29.202 0.0000000000
121289  -46.340  25.747  31.003 0.0000000000
122110  -48.013  26.174  30.534 0.0000000000
121290  -47.276  25.751  31.171 0.0000000000
121277  -46.512  25.550  31.960 0.0000000000
121264  -47.978  25.525  33.120 0.0000000000
121249  -48.246  25.609  34.043 0.0000000000
121229  -49.357  25.367  34.786 0.0000000000
122926  -51.391  27.261  31.314 0.0000000000
122098  -50.848  26.815  31.944 0.0000000000
122086  -50.545  26.124  32.904 0.0000000000
120557  -51.461  24.887  31.422 0.0000000000
121267  -50.974  25.784  32.542 0.0000000000
122085  -49.954  26.362  33.201 0.0000000000
122070  -50.084  26.196  33.930 0.0000000000
120548  -49.810  24.860  34.293 0.0000000000
120528  -49.407  24.758  34.647 0.0000000000
119099  -49.924  22.784  34.013 0.0000000000
118342  -49.731  21.907  33.516 0.0000000000
117472  -50.488  20.394  32.924 0.0000000000
117478  -50.145  20.489  31.736 0.0000000000
115797  -52.752  17.636  33.432 0.0000000000
114987  -52.492  17.324  32.899 0.0000000000
114207  -51.924  16.479  31.938 0.0000000000
114993  -51.853  17.343  30.730 0.0000000000
114210  -51.464  16.041  30.236 0.0000000000
113441  -50.771  15.931  29.921 0.0000000000
116642  -53.562  19.034  28.379 0.0000000000
115810  -53.293  18.489  28.529 0.0000000000
115034  -53.940  17.884  27.267 0.0000000000
115016  -53.126  17.260  27.994 0.0000000000
114233  -52.554  16.844  28.342 0.0000000000
115003  -51.552  16.689  28.420 0.0000000000
114224  -51.080  16.513  28.816 0.0000000000
114215  -49.272  16.135  29.196 0.0000000000
114222  -48.934  16.713  28.342 0.0000000000
114232  -48.427  16.951  27.641 0.0000000000
115030  -49.578  17.970  26.327 0.0000000000
115011  -47.858  17.253  26.368 0.0000000000
119897  -55.093  23.755  28.137 0.0000000000
119141  -55.139  22.482  28.316 0.0000000000
118383  -55.275  21.688  27.990 0.0000000000
118381  -53.659  21.893  28.180 0.0000000000
118409  -54.305  21.240  27.645 0.0000000000
117539  -54.095  19.967  26.259 0.0000000000
116679  -52.986  19.825  24.474 0.0000000000
117573  -52.696  20.185  23.020 0.0000000000
118406  -50.371  21.477  27.571 0.0000000000
117558  -50.697  20.418  24.864 0.0000000000
117571  -51.000  20.433  23.606 0.0000000000
117572  -52.010  20.369  23.263 0.0000000000
116720  -52.162  19.820  22.328 0.0000000000
116718  -50.428  19.493  21.598 0.0000000000
115886  -49.821  19.093  21.838 0.0000000000
115885  -48.711  18.719  21.758 0.0000000000
115907  -48.025  18.908  19.769 0.0000000000
115896  -47.915  18.697  20.642 0.0000000000
115869  -48.332  18.470  22.821 0.0000000000
110734  -47.531  12.877  34.846 0.0000000000
110753  -46.095  12.769  34.147 0.0000000000
111691  -48.619  13.679  34.707 0.0000000000
111705  -46.881  13.810  33.730 0.0000000000
114191  -48.151  16.128  33.198 0.0000000000
114212  -52.164  16.959  30.418 0.0000000000
114219  -52.238  16.850  30.031 0.0000000000
114223  -50.079  16.627  28.662 0.0000000000
114234  -52.776  16.886  28.640 0.0000000000
114991  -52.413  16.945  32.592 0.0000000000
115005  -53.658  18.027  28.353 0.0000000000
115018  -54.406  18.273  27.729 0.0000000000
115029  -48.512  17.753  25.830 0.0000000000
115043  -47.898  17.713  24.872 0.0000000000
115106  -44.084  18.229  18.204 0.0000000000
115776  -44.925  18.551  33.384 0.0000000000
115802  -50.966  18.775  30.492 0.0000000000
115820  -54.320  18.327  27.952 0.0000000000
115821  -54.793  18.824  27.773 0.0000000000
115822  -55.347  19.244  27.720 0.0000000000
115831  -49.457  18.115  25.377 0.0000000000
115853  -47.461  18.111  23.723 0.0000000000
115854  -48.025  18.263  23.678 0.0000000000
115860  -54.186  18.803  24.490 0.0000000000
115872  -51.669  18.935  23.160 0.0000000000
115883  -46.700  18.307  21.873 0.0000000000
115887  -50.685  19.305  22.138 0.0000000000
115906  -47.058  18.734  19.553 0.0000000000
115908  -48.771  19.503  19.917 0.0000000000
115914  -43.713  19.017  18.192 0.0000000000
115916  -46.333  18.689  18.574 0.0000000000
115917  -47.102  18.919  18.730 0.0000000000
115926  -45.578  18.774  17.888 0.0000000000
115928  -46.980  19.187  18.467 0.0000000000
115929  -47.171  19.250  18.587 0.0000000000
116633  -51.201  19.933  30.103 0.0000000000
116635  -51.190  19.051  29.821 0.0000000000
116638  -53.686  19.936  28.901 0.0000000000
116639  -55.597  19.978  28.889 0.0000000000
116644  -55.213  19.441  28.495 0.0000000000
116645  -55.960  19.973  28.638 0.0000000000
116646  -56.353  20.179  28.458 0.0000000000
116653  -55.333  19.288  27.964 0.0000000000
116663  -53.588  19.729  25.423 0.0000000000
116680  -54.079  19.422  24.655 0.0000000000
116692  -52.940  19.818  23.537 0.0000000000
116694  -54.225  19.127  24.420 0.0000000000
116705  -52.041  19.399  22.653 0.0000000000
116707  -53.120  19.474  23.466 0.0000000000
116719  -51.233  19.692  21.921 0.0000000000
116721  -52.532  19.824  22.528 0.0000000000
116729  -45.328  20.150  20.482 0.0000000000
116730  -49.509  19.699  20.475 0.0000000000
116731  -50.402  19.857  21.154 0.0000000000
116732  -51.037  19.999  21.470 0.0000000000
116741  -47.584  19.846  19.355 0.0000000000
116751  -46.455  19.800  18.884 0.0000000000
116752  -47.242  19.774  19.040 0.0000000000
116753  -47.285  19.468  18.856 0.0000000000
116757  -45.171  19.229  17.910 0.0000000000
116758  -46.018  19.338  18.049 0.0000000000
116759  -46.724  19.402  18.457 0.0000000000
116760  -47.032  19.479  18.611 0.0000000000
116761  -47.185  19.369  18.654 0.0000000000
117452  -45.855  20.282  32.863 0.0000000000
117486  -55.473  20.462  29.212 0.0000000000
117487  -56.174  20.585  28.981 0.0000000000
117488  -56.441  20.871  28.833 0.0000000000
117490  -54.776  19.701  28.881 0.0000000000
117492  -56.267  20.316  28.631 0.0000000000
117493  -56.441  20.531  28.468 0.0000000000
117513  -55.588  20.202  27.027 0.0000000000
117515  -56.518  20.194  27.898 0.0000000000
117541  -55.442  19.679  26.796 0.0000000000
117559  -51.971  20.388  24.389 0.0000000000
117586  -51.262  20.361  22.568 0.0000000000
117587  -52.151  20.208  22.563 0.0000000000
117588  -52.586  20.033  22.644 0.0000000000
117600  -51.468  20.075  21.896 0.0000000000
117601  -52.324  20.013  22.380 0.0000000000
117602  -52.571  20.053  22.418 0.0000000000
117612  -51.151  20.111  21.644 0.0000000000
117617  -47.658  20.081  19.640 0.0000000000
117618  -48.789  20.145  19.881 0.0000000000
117619  -49.235  20.134  20.032 0.0000000000
117624  -47.224  20.206  19.136 0.0000000000
118331  -49.848  21.300  33.994 0.0000000000
118357  -46.260  21.300  32.801 0.0000000000
118359  -50.067  21.093  33.279 0.0000000000
118361  -49.855  21.632  31.339 0.0000000000
118374  -56.445  21.158  28.644 0.0000000000
118382  -54.533  21.937  28.219 0.0000000000
118412  -56.402  20.391  27.715 0.0000000000
119097  -47.447  22.578  33.510 0.0000000000
119112  -45.361  22.139  32.544 0.0000000000
119114  -49.838  22.773  33.179 0.0000000000
119119  -49.968  22.334  31.170 0.0000000000
119136  -50.477  22.869  28.149 0.0000000000
119137  -51.306  22.773  28.190 0.0000000000
119140  -54.268  22.578  28.289 0.0000000000
119143  -56.231  21.585  28.470 0.0000000000
119163  -51.478  22.264  28.090 0.0000000000
119816  -47.740  24.304  34.192 0.0000000000
119817  -48.238  24.034  34.217 0.0000000000
119830  -39.590  24.133  33.177 0.0000000000
119832  -42.051  24.188  33.188 0.0000000000
119846  -41.361  23.802  32.823 0.0000000000
119854  -49.884  23.558  32.844 0.0000000000
119855  -50.233  24.023  32.161 0.0000000000
119858  -50.533  23.663  31.352 0.0000000000
119862  -54.365  23.648  30.191 0.0000000000
119866  -56.104  22.293  29.062 0.0000000000
120525  -46.544  25.012  34.391 0.0000000000
120546  -46.809  24.526  34.083 0.0000000000
120549  -50.155  25.301  33.929 0.0000000000
120552  -41.268  24.242  33.075 0.0000000000
120553  -50.009  24.719  33.723 0.0000000000
120556  -50.678  25.053  32.016 0.0000000000
120589  -55.027  24.059  27.842 0.0000000000
121225  -45.498  25.280  33.984 0.0000000000
121230  -49.674  25.269  34.647 0.0000000000
121251  -50.021  25.694  34.375 0.0000000000
121252  -50.416  25.758  33.582 0.0000000000
121280  -49.348  26.280  32.661 0.0000000000
121281  -51.252  25.468  31.937 0.0000000000
121284  -53.504  25.855  30.574 0.0000000000
121294  -54.888  24.758  29.812 0.0000000000
121298  -44.105  25.674  29.982 0.0000000000
121302  -55.344  24.533  28.762 0.0000000000
121328  -53.811  24.827  26.005 0.0000000000
121355  -52.495  25.563  25.418 0.0000000000
121410  -51.966  25.756  19.981 0.0000000000
121426  -51.088  25.806  19.012 0.0000000000
121474  -50.828  25.796  16.797 0.0000000000
122069  -49.816  26.220  33.916 0.0000000000
122071  -50.353  26.036  33.873 0.0000000000
122087  -51.140  26.205  32.434 0.0000000000
122100  -52.804  26.464  31.238 0.0000000000
122101  -53.362  26.102  30.908 0.0000000000
122109  -47.102  26.190  30.381 0.0000000000
122115  -53.564  26.250  30.400 0.0000000000
122127  -49.310  26.747  30.354 0.0000000000
122271  -52.169  25.843  20.525 0.0000000000
122272  -54.592  26.470  19.836 0.0000000000
122288  -51.398  25.828  19.615 0.0000000000
122302  -53.939  26.591  18.280 0.0000000000
122303  -54.283  26.713  18.720 0.0000000000
122318  -53.542  27.092  17.765 0.0000000000
122334  -51.249  26.175  16.692 0.0000000000
122935  -50.874  27.329  30.802 0.0000000000
123055  -53.886  27.619  19.028 0.0000000000
123067  -54.243  26.949  18.727 0.0000000000
123082  -53.347  27.818  18.033 0.0000000000
123712  -51.853  27.833  29.440 0.0000000000
123720  -45.768  27.952  28.201 0.0000000000
123789  -54.516  27.744  20.775 0.0000000000
123802  -53.724  28.343  19.296 0.0000000000
123817  -52.960  28.819  18.279 0.0000000000
123833  -53.144  28.309  18.189 0.0000000000
124499  -48.303  28.759  27.151 0.0000000000
124554  -47.783  29.790  24.156 0.0000000000
124606  -53.134  29.886  19.016 0.0000000000
125290  -43.802  30.673  25.657 0.0000000000
125293  -45.985  30.201  24.998 0.0000000000
125307  -46.759  30.674  23.691 0.0000000000
125322  -49.288  30.206  22.024 0.0000000000
125339  -49.852  30.832  20.821 0.0000000000
125355  -52.042  30.804  19.735 0.0000000000
125357  -53.232  29.851  19.718 0.0000000000
125381  -52.379  30.520  17.610 0.0000000000
125971  -44.365  30.996  25.007 0.0000000000
125980  -45.915  31.928  23.392 0.0000000000
125991  -48.376  30.948  21.798 0.0000000000
126011  -49.294  32.030  20.878 0.0000000000
126012  -49.911  31.645  20.655 0.0000000000
126014  -51.696  31.128  19.799 0.0000000000
126053  -51.375  31.510  17.214 0.0000000000
126054  -52.044  31.391  17.197 0.0000000000
126728  -45.496  32.475  23.605 0.0000000000
126740  -47.844  32.507  21.893 0.0000000000
126741  -48.552  32.589  21.495 0.0000000000
126742  -49.175  32.958  21.300 0.0000000000
126773  -52.234  32.042  18.919 0.0000000000
126788  -51.942  32.697  17.969 0.0000000000
126802  -52.133  31.865  17.715 0.0000000000
127498  -45.791  33.284  23.416 0.0000000000
127499  -46.320  33.260  22.962 0.0000000000
127503  -47.583  33.346  22.204 0.0000000000
127510  -48.861  33.562  21.690 0.0000000000
127511  -49.661  33.612  21.256 0.0000000000
127519  -51.443  33.598  19.364 0.0000000000
127533  -48.040  34.018  18.997 0.0000000000
127548  -49.559  33.655  17.912 0.0000000000
127561  -50.843  33.703  17.506 0.0000000000
127562  -51.481  33.027  17.505 0.0000000000
128203  -46.706  35.297  26.225 0.0000000000
128210  -46.012  34.120  23.811 0.0000000000
128234  -50.477  34.611  20.533 0.0000000000
128246  -51.310  34.097  18.379 0.0000000000
128251  -50.935  34.359  17.836 0.0000000000
128256  -50.006  35.115  17.399 0.0000000000
128258  -50.591  34.422  17.604 0.0000000000
128802  -46.411  35.197  30.221 0.0000000000
128815  -47.874  35.975  28.397 0.0000000000
128827  -46.298  35.233  28.082 0.0000000000
128841  -46.321  35.346  27.335 0.0000000000
128856  -48.106  35.598  25.868 0.0000000000
128858  -49.296  35.980  25.121 0.0000000000
128862  -47.440  35.392  25.375 0.0000000000
128864  -48.973  35.624  24.777 0.0000000000
128890  -48.240  35.525  18.652 0.0000000000
129417  -48.361  36.272  31.811 0.0000000000
129438  -46.110  37.063  31.980 0.0000000000
129457  -45.544  37.081  31.362 0.0000000000
129466  -48.293  36.592  29.221 0.0000000000
129467  -48.507  36.926  29.593 0.0000000000
129489  -49.086  37.130  26.809 0.0000000000
129497  -45.572  36.886  26.951 0.0000000000
129498  -46.060  37.276  27.371 0.0000000000
129513  -45.058  36.762  26.370 0.0000000000
129514  -49.188  36.189  25.429 0.0000000000
129538  -49.479  36.221  22.336 0.0000000000
129543  -48.961  37.364  20.335 0.0000000000
130060  -48.089  37.253  31.785 0.0000000000
130077  -47.312  37.340  31.696 0.0000000000
130079  -48.365  37.297  30.734 0.0000000000
130094  -45.502  37.240  30.983 0.0000000000
130095  -46.277  37.431  31.177 0.0000000000
130107  -46.330  37.712  30.234 0.0000000000
130127  -46.357  37.707  28.557 0.0000000000
130129  -47.595  38.146  27.586 0.0000000000
130130  -48.823  37.483  27.115 0.0000000000
130131  -48.975  37.314  26.597 0.0000000000
130140  -48.499  37.710  26.515 0.0000000000
130141  -48.900  37.327  26.072 0.0000000000
130151  -47.722  37.661  25.693 0.0000000000
130182  -46.155  37.829  23.987 0.0000000000
130183  -46.799  37.813  23.821 0.0000000000
130186  -49.280  36.673  23.698 0.0000000000
130188  -46.944  37.883  23.326 0.0000000000
130196  -48.581  37.922  20.559 0.0000000000
130197  -49.041  37.733  19.955 0.0000000000
130222  -49.299  38.267  18.499 0.0000000000
130740  -48.053  38.334  27.847 0.0000000000
130747  -48.517  37.972  27.444 0.0000000000
130752  -48.332  38.064  27.064 0.0000000000
130766  -43.506  38.397  24.020 0.0000000000
130798  -46.310  38.741  22.972 0.0000000000
130809  -47.655  38.976  21.457 0.0000000000
130825  -48.300  39.126  20.508 0.0000000000
130846  -49.012  39.307  18.389 0.0000000000
131372  -44.791  39.686  23.238 0.0000000000
131403  -47.517  40.314  21.511 0.0000000000
131418  -48.052  40.271  20.789 0.0000000000
131419  -48.629  40.159  20.010 0.0000000000
131431  -49.301  40.139  19.360 0.0000000000
132003  -45.912  40.829  22.469 0.0000000000
132012  -46.177  40.725  22.452 0.0000000000
132013  -46.855  41.081  21.738 0.0000000000
132014  -47.671  41.135  21.280 0.0000000000
132015  -48.174  41.238  20.987 0.0000000000
132027  -48.079  40.899  21.183 0.0000000000
132041  -49.020  40.863  19.851 0.0000000000
132042  -49.359  40.798  19.215 0.0000000000
132062  -49.317  40.863  18.806 0.0000000000
132625  -48.150  41.442  20.760 0.0000000000
132626  -48.286  41.283  20.689 0.0000000000
132639  -48.284  41.615  20.084 0.0000000000
132640  -48.558  41.309  20.276 0.0000000000
132649  -48.356  41.708  19.217 0.0000000000
132651  -49.338  41.067  19.127 0.0000000000
132665  -48.936  41.346  18.874 0.0000000000
132666  -49.219  41.233  19.029 0.0000000000
