#!ascii label  , from subject S5_07 vox2ras=TkReg
1628
64681  -45.507  -31.076  36.269 0.0000000000
81214  -58.460  -15.301  34.180 0.0000000000
73726  -50.291  -22.647  33.804 0.0000000000
27382  -15.605  -61.091  47.443 0.0000000000
62148  -37.127  -33.239  41.375 0.0000000000
36691  -32.815  -55.239  47.661 0.0000000000
41974  -42.815  -51.154  47.161 0.0000000000
51409  -42.838  -42.441  46.213 0.0000000000
56648  -41.158  -36.821  47.164 0.0000000000
36802  -22.786  -54.917  43.341 0.0000000000
35390  -27.417  -55.905  49.520 0.0000000000
38093  -27.244  -54.477  42.756 0.0000000000
43275  -37.622  -49.191  41.407 0.0000000000
46754  -41.488  -46.082  43.223 0.0000000000
62111  -46.927  -32.499  43.595 0.0000000000
63394  -52.708  -31.731  43.517 0.0000000000
76908  -53.592  -19.092  34.101 0.0000000000
68340  -48.588  -27.446  34.567 0.0000000000
81269  -56.421  -15.581  28.723 0.0000000000
22208  -12.415  -64.981  47.665 0.0000000000
59757  -42.954  -34.334  45.157 0.0000000000
62205  -41.717  -33.438  38.265 0.0000000000
39491  -32.514  -52.123  41.445 0.0000000000
39403  -37.512  -52.507  46.425 0.0000000000
69350  -54.766  -26.605  41.298 0.0000000000
86674  -64.395  -9.926  27.570 0.0000000000
52567  -41.631  -41.624  43.542 0.0000000000
55735  -41.070  -38.655  43.936 0.0000000000
38091  -25.254  -54.832  42.543 0.0000000000
47943  -38.976  -45.278  41.782 0.0000000000
50290  -41.306  -43.464  42.749 0.0000000000
49105  -42.065  -44.476  44.832 0.0000000000
62198  -46.127  -32.728  39.702 0.0000000000
62100  -49.601  -32.270  44.213 0.0000000000
64641  -48.062  -30.962  38.996 0.0000000000
80191  -56.325  -17.589  33.400 0.0000000000
79070  -56.057  -17.267  37.486 0.0000000000
83373  -59.363  -13.358  33.522 0.0000000000
30155  -13.613  -59.930  43.864 0.0000000000
26094  -14.286  -63.109  47.789 0.0000000000
59753  -38.949  -34.462  44.134 0.0000000000
58677  -41.119  -34.998  46.482 0.0000000000
60896  -40.001  -33.604  43.360 0.0000000000
60935  -42.719  -33.434  41.975 0.0000000000
60949  -39.558  -33.421  40.218 0.0000000000
35393  -30.201  -55.864  49.289 0.0000000000
35338  -30.200  -55.371  52.871 0.0000000000
36661  -32.635  -54.723  51.597 0.0000000000
38011  -35.127  -53.883  50.548 0.0000000000
42135  -30.102  -50.794  39.373 0.0000000000
44402  -32.571  -48.938  39.477 0.0000000000
40782  -40.655  -50.683  43.657 0.0000000000
40779  -38.085  -51.669  43.767 0.0000000000
40746  -39.592  -51.568  45.818 0.0000000000
39360  -39.665  -52.482  48.466 0.0000000000
34136  -18.418  -56.768  44.837 0.0000000000
34095  -19.904  -56.780  48.220 0.0000000000
32749  -19.608  -57.958  51.922 0.0000000000
71565  -49.120  -25.114  33.678 0.0000000000
68297  -51.590  -27.782  37.689 0.0000000000
70492  -52.526  -25.208  37.736 0.0000000000
88928  -65.799  -8.467  26.007 0.0000000000
26060  -14.514  -62.482  51.360 0.0000000000
51382  -43.036  -42.400  48.610 0.0000000000
54687  -42.392  -39.375  49.219 0.0000000000
54715  -41.862  -39.161  46.709 0.0000000000
57668  -39.882  -36.012  44.770 0.0000000000
35466  -22.630  -55.988  45.487 0.0000000000
35406  -25.274  -55.979  49.004 0.0000000000
35468  -24.869  -55.629  45.911 0.0000000000
35471  -28.021  -55.391  45.864 0.0000000000
35474  -30.855  -55.609  45.639 0.0000000000
45605  -35.102  -48.246  39.743 0.0000000000
46828  -37.190  -46.367  40.286 0.0000000000
44372  -40.270  -48.448  42.533 0.0000000000
43193  -43.372  -49.760  44.913 0.0000000000
45522  -45.069  -47.586  45.973 0.0000000000
47886  -43.414  -45.192  47.594 0.0000000000
36800  -20.742  -55.049  43.057 0.0000000000
62057  -47.837  -33.327  47.171 0.0000000000
60808  -50.932  -33.166  49.594 0.0000000000
63311  -50.171  -32.188  46.602 0.0000000000
63338  -52.399  -31.256  46.603 0.0000000000
76906  -51.725  -20.274  34.089 0.0000000000
74749  -53.146  -21.800  37.093 0.0000000000
76868  -53.873  -19.606  38.127 0.0000000000
15495  -10.704  -70.820  47.644 0.0000000000
65936  -47.024  -29.619  35.540 0.0000000000
70556  -46.581  -25.109  32.340 0.0000000000
75840  -48.404  -21.012  31.929 0.0000000000
76948  -50.752  -19.469  31.329 0.0000000000
79139  -53.557  -18.001  30.764 0.0000000000
81230  -55.738  -16.397  31.036 0.0000000000
82308  -57.449  -14.682  31.495 0.0000000000
81267  -54.495  -15.888  28.252 0.0000000000
23515  -13.338  -64.443  51.222 0.0000000000
20871  -12.106  -66.708  50.072 0.0000000000
18218  -10.932  -68.670  48.799 0.0000000000
59635  -45.656  -35.024  52.046 0.0000000000
57578  -42.208  -36.810  49.931 0.0000000000
58649  -43.116  -35.441  49.110 0.0000000000
59702  -45.530  -34.342  48.063 0.0000000000
62095  -45.150  -33.175  44.209 0.0000000000
62155  -44.878  -33.131  41.545 0.0000000000
62227  -43.903  -32.688  37.397 0.0000000000
35335  -27.521  -55.836  53.158 0.0000000000
38124  -30.738  -54.161  42.225 0.0000000000
36755  -33.102  -54.699  45.242 0.0000000000
42076  -35.310  -51.093  41.798 0.0000000000
39447  -35.517  -53.201  43.240 0.0000000000
38048  -35.083  -54.111  47.144 0.0000000000
38025  -36.703  -53.300  48.717 0.0000000000
31503  -15.594  -59.039  43.977 0.0000000000
32810  -17.201  -58.229  45.057 0.0000000000
30110  -16.563  -59.412  47.458 0.0000000000
65886  -50.738  -29.638  38.191 0.0000000000
65845  -54.370  -29.586  41.624 0.0000000000
68212  -57.571  -28.004  44.255 0.0000000000
71501  -55.201  -23.994  40.603 0.0000000000
83397  -58.355  -13.446  31.503 0.0000000000
84467  -60.346  -11.907  31.326 0.0000000000
86642  -62.182  -10.652  30.507 0.0000000000
84484  -62.523  -11.846  28.704 0.0000000000
87803  -63.559  -9.467  29.730 0.0000000000
52576  -40.937  -41.186  42.325 0.0000000000
54747  -40.912  -39.282  42.854 0.0000000000
55759  -40.406  -38.598  41.227 0.0000000000
51458  -40.158  -42.494  41.378 0.0000000000
52585  -40.591  -41.408  41.542 0.0000000000
51447  -41.427  -42.441  42.717 0.0000000000
63461  -46.073  -31.647  37.647 0.0000000000
63431  -47.835  -31.870  40.137 0.0000000000
64653  -47.086  -31.219  37.984 0.0000000000
80193  -57.550  -16.659  34.297 0.0000000000
81185  -57.551  -16.443  35.854 0.0000000000
81199  -58.454  -15.564  34.903 0.0000000000
82265  -59.346  -14.116  36.008 0.0000000000
83363  -58.927  -14.343  34.051 0.0000000000
28758  -14.570  -60.963  45.446 0.0000000000
27408  -14.056  -61.568  45.691 0.0000000000
27381  -15.093  -61.771  47.496 0.0000000000
60914  -37.691  -33.526  42.544 0.0000000000
60895  -38.986  -33.696  43.307 0.0000000000
62131  -38.729  -33.384  42.229 0.0000000000
60932  -39.614  -33.303  41.164 0.0000000000
62172  -38.144  -33.023  40.816 0.0000000000
34069  -22.574  -57.127  50.570 0.0000000000
35395  -31.854  -55.505  48.969 0.0000000000
36671  -31.615  -55.417  50.290 0.0000000000
36672  -32.393  -55.194  50.105 0.0000000000
36673  -33.522  -54.581  50.714 0.0000000000
36683  -33.465  -54.760  49.453 0.0000000000
40748  -41.603  -51.126  45.537 0.0000000000
40747  -40.589  -51.347  45.666 0.0000000000
40722  -41.412  -51.455  46.628 0.0000000000
40696  -41.303  -51.568  47.717 0.0000000000
34111  -21.339  -56.435  47.564 0.0000000000
34096  -20.935  -56.776  48.391 0.0000000000
32775  -21.078  -57.311  50.051 0.0000000000
60770  -48.126  -34.203  51.944 0.0000000000
72656  -49.744  -23.791  33.443 0.0000000000
70514  -51.322  -25.076  35.741 0.0000000000
72627  -51.416  -23.907  35.157 0.0000000000
51396  -43.016  -42.167  47.387 0.0000000000
52532  -42.702  -40.919  47.528 0.0000000000
53668  -42.376  -40.476  46.813 0.0000000000
56694  -40.717  -37.287  44.691 0.0000000000
58717  -39.198  -36.174  43.616 0.0000000000
58715  -37.724  -34.701  42.931 0.0000000000
36745  -23.016  -55.721  44.753 0.0000000000
35467  -23.729  -55.776  45.768 0.0000000000
36746  -24.122  -55.497  44.940 0.0000000000
38092  -26.257  -54.610  42.685 0.0000000000
36780  -26.532  -55.123  44.212 0.0000000000
36781  -27.534  -55.136  44.211 0.0000000000
35472  -28.982  -55.739  45.751 0.0000000000
36783  -29.552  -55.605  44.004 0.0000000000
47965  -36.285  -45.704  39.665 0.0000000000
47923  -40.468  -45.598  42.573 0.0000000000
46787  -39.454  -46.636  42.125 0.0000000000
45550  -40.986  -47.461  42.847 0.0000000000
43237  -42.200  -49.185  43.671 0.0000000000
44332  -42.966  -48.373  44.050 0.0000000000
44319  -44.518  -48.490  45.426 0.0000000000
46757  -43.271  -46.586  44.785 0.0000000000
50267  -42.572  -43.412  45.909 0.0000000000
47894  -42.515  -45.180  46.465 0.0000000000
50261  -42.855  -43.318  46.724 0.0000000000
49053  -43.298  -44.236  48.816 0.0000000000
36801  -21.788  -54.987  43.273 0.0000000000
62085  -47.540  -32.722  45.392 0.0000000000
62072  -48.558  -32.692  46.329 0.0000000000
62086  -48.532  -32.423  45.310 0.0000000000
63392  -51.047  -32.088  43.351 0.0000000000
63362  -51.107  -31.773  45.229 0.0000000000
63381  -52.975  -31.525  44.616 0.0000000000
64558  -54.173  -30.641  45.851 0.0000000000
63382  -53.873  -30.941  44.672 0.0000000000
76907  -52.548  -19.793  34.320 0.0000000000
76887  -53.152  -19.791  36.260 0.0000000000
76888  -53.938  -19.299  35.973 0.0000000000
80100  -56.996  -16.524  39.502 0.0000000000
75853  -49.499  -20.142  31.437 0.0000000000
76958  -49.022  -19.409  30.038 0.0000000000
78114  -51.578  -18.590  29.871 0.0000000000
79155  -53.432  -17.724  30.002 0.0000000000
80222  -54.490  -17.372  30.516 0.0000000000
80237  -54.795  -16.831  29.770 0.0000000000
81253  -55.392  -16.230  29.507 0.0000000000
24871  -12.988  -63.494  46.391 0.0000000000
22215  -11.868  -65.390  46.907 0.0000000000
26040  -13.798  -62.906  52.647 0.0000000000
26059  -14.187  -63.132  50.788 0.0000000000
24821  -12.943  -64.085  52.369 0.0000000000
20868  -12.327  -66.543  50.882 0.0000000000
19516  -12.190  -67.085  50.753 0.0000000000
19526  -11.353  -67.888  49.442 0.0000000000
18215  -11.325  -68.636  49.562 0.0000000000
16855  -10.943  -69.630  49.153 0.0000000000
55669  -41.803  -37.827  48.495 0.0000000000
55660  -42.313  -38.499  49.952 0.0000000000
57609  -41.541  -36.539  48.728 0.0000000000
59718  -42.509  -34.740  46.386 0.0000000000
59699  -42.652  -34.907  47.440 0.0000000000
59700  -43.596  -34.696  47.614 0.0000000000
59685  -45.053  -34.535  48.930 0.0000000000
59720  -44.356  -34.475  46.713 0.0000000000
60846  -45.176  -34.304  46.325 0.0000000000
60881  -43.516  -34.010  44.839 0.0000000000
62174  -42.197  -33.604  40.184 0.0000000000
62154  -43.775  -33.248  41.595 0.0000000000
62175  -42.984  -33.727  40.145 0.0000000000
62196  -44.462  -33.062  39.413 0.0000000000
62207  -43.414  -33.198  38.329 0.0000000000
35389  -26.559  -55.955  49.545 0.0000000000
35357  -26.373  -56.206  51.291 0.0000000000
35359  -28.089  -55.818  51.411 0.0000000000
40829  -31.385  -51.633  40.533 0.0000000000
40810  -30.421  -52.389  40.469 0.0000000000
39470  -31.563  -53.582  41.973 0.0000000000
36811  -31.562  -54.567  43.237 0.0000000000
38099  -32.639  -53.918  43.146 0.0000000000
44389  -36.569  -48.790  40.688 0.0000000000
43290  -35.411  -49.145  40.580 0.0000000000
42098  -36.275  -50.319  41.531 0.0000000000
39434  -37.366  -52.545  44.789 0.0000000000
39448  -36.727  -53.025  43.837 0.0000000000
38079  -36.384  -53.370  44.737 0.0000000000
38062  -34.930  -54.095  45.624 0.0000000000
38049  -35.845  -53.502  46.677 0.0000000000
38037  -35.844  -53.496  47.902 0.0000000000
38038  -36.797  -52.982  47.494 0.0000000000
44301  -46.431  -48.639  47.644 0.0000000000
32825  -17.431  -57.649  44.288 0.0000000000
32799  -17.879  -58.013  46.453 0.0000000000
32798  -17.288  -58.639  45.914 0.0000000000
32722  -19.878  -58.563  53.528 0.0000000000
67200  -47.825  -29.083  35.189 0.0000000000
65919  -48.911  -29.560  36.557 0.0000000000
67182  -49.403  -28.729  36.269 0.0000000000
68267  -53.305  -27.221  39.515 0.0000000000
67125  -52.590  -28.652  39.859 0.0000000000
68244  -54.303  -27.782  41.202 0.0000000000
67068  -55.802  -28.653  42.679 0.0000000000
68235  -55.983  -27.647  42.531 0.0000000000
74733  -54.496  -21.350  39.482 0.0000000000
73693  -54.251  -22.785  38.938 0.0000000000
73668  -55.477  -22.483  40.644 0.0000000000
81255  -57.192  -15.393  29.793 0.0000000000
82309  -57.877  -14.163  31.313 0.0000000000
82331  -57.812  -14.863  30.176 0.0000000000
83409  -59.368  -13.253  30.648 0.0000000000
83410  -60.124  -13.144  30.275 0.0000000000
85538  -61.136  -11.374  31.059 0.0000000000
84475  -61.364  -11.655  29.957 0.0000000000
85581  -63.569  -11.219  26.484 0.0000000000
84502  -62.375  -12.241  27.195 0.0000000000
85562  -63.664  -10.945  28.007 0.0000000000
86651  -63.421  -9.892  29.304 0.0000000000
87814  -64.388  -9.205  28.710 0.0000000000
88908  -65.199  -8.519  27.880 0.0000000000
88918  -66.400  -8.253  26.729 0.0000000000
52558  -42.445  -41.890  44.769 0.0000000000
53688  -41.775  -40.293  44.526 0.0000000000
54741  -41.295  -39.369  43.773 0.0000000000
56717  -40.275  -37.602  42.565 0.0000000000
36803  -23.800  -54.876  43.386 0.0000000000
50313  -39.258  -43.285  41.272 0.0000000000
50301  -39.894  -43.831  41.846 0.0000000000
49115  -41.177  -44.580  42.992 0.0000000000
47916  -41.973  -45.339  44.475 0.0000000000
50278  -41.618  -43.971  43.393 0.0000000000
51425  -42.050  -42.362  44.159 0.0000000000
62157  -46.891  -32.784  41.591 0.0000000000
62112  -47.928  -32.561  43.540 0.0000000000
62158  -47.867  -32.763  41.557 0.0000000000
62159  -48.885  -32.317  41.384 0.0000000000
63419  -50.551  -31.673  41.266 0.0000000000
78074  -55.266  -18.412  33.757 0.0000000000
78037  -55.060  -18.286  36.016 0.0000000000
79093  -56.158  -17.588  35.736 0.0000000000
80122  -57.177  -16.302  37.710 0.0000000000
84447  -59.898  -12.696  33.504 0.0000000000
26117  -13.589  -62.287  45.942 0.0000000000
23544  -13.564  -63.833  47.787 0.0000000000
58675  -39.973  -35.006  45.656 0.0000000000
58663  -41.305  -35.609  47.121 0.0000000000
59715  -40.038  -34.692  45.583 0.0000000000
60862  -40.593  -34.014  44.762 0.0000000000
59755  -41.956  -34.232  44.256 0.0000000000
60899  -42.901  -33.774  43.961 0.0000000000
60917  -40.777  -33.485  42.424 0.0000000000
60950  -40.403  -33.464  40.356 0.0000000000
60968  -41.022  -33.456  39.663 0.0000000000
35392  -29.273  -56.049  49.439 0.0000000000
35360  -28.971  -55.572  51.367 0.0000000000
35362  -30.638  -55.531  50.855 0.0000000000
36650  -31.712  -54.748  52.555 0.0000000000
37999  -35.134  -54.039  51.396 0.0000000000
43286  -31.593  -50.212  39.793 0.0000000000
42094  -32.610  -50.936  40.778 0.0000000000
42080  -38.663  -50.156  42.587 0.0000000000
42058  -37.570  -50.966  43.090 0.0000000000
40780  -39.078  -51.327  43.820 0.0000000000
40768  -38.860  -51.701  44.798 0.0000000000
40745  -38.562  -51.958  45.976 0.0000000000
39383  -38.668  -52.334  47.627 0.0000000000
40694  -39.478  -52.151  47.752 0.0000000000
35498  -19.426  -55.777  43.737 0.0000000000
34137  -18.985  -56.481  45.083 0.0000000000
34094  -19.060  -56.996  48.163 0.0000000000
32773  -18.860  -57.538  49.513 0.0000000000
32774  -20.065  -57.357  49.883 0.0000000000
69433  -48.819  -26.738  34.422 0.0000000000
68315  -49.876  -27.601  36.032 0.0000000000
70503  -50.726  -26.145  36.189 0.0000000000
70491  -52.240  -25.981  37.576 0.0000000000
70457  -53.551  -25.731  39.217 0.0000000000
82345  -56.455  -15.027  27.955 0.0000000000
81271  -57.870  -15.157  28.924 0.0000000000
82357  -57.543  -14.365  27.524 0.0000000000
86690  -64.295  -10.734  25.476 0.0000000000
87830  -65.048  -9.188  26.738 0.0000000000
87861  -65.171  -9.551  24.781 0.0000000000
88947  -65.879  -8.649  24.967 0.0000000000
28715  -15.829  -60.662  49.095 0.0000000000
27359  -15.542  -61.366  49.466 0.0000000000
52495  -42.940  -41.590  50.669 0.0000000000
52504  -42.944  -41.455  49.542 0.0000000000
54695  -42.345  -39.218  48.283 0.0000000000
55688  -41.620  -38.456  47.123 0.0000000000
55715  -41.622  -38.614  45.332 0.0000000000
56685  -41.340  -38.036  45.770 0.0000000000
57669  -40.424  -36.545  45.253 0.0000000000
58705  -38.598  -34.937  44.171 0.0000000000
59768  -37.756  -34.294  43.097 0.0000000000
34112  -22.337  -56.429  47.755 0.0000000000
34099  -23.888  -56.400  48.689 0.0000000000
34127  -23.706  -56.309  47.291 0.0000000000
35427  -25.542  -56.052  47.802 0.0000000000
35428  -26.614  -55.844  47.705 0.0000000000
36747  -25.187  -55.357  45.030 0.0000000000
35449  -26.778  -55.640  46.789 0.0000000000
35429  -27.618  -55.828  47.646 0.0000000000
35431  -29.583  -55.975  47.480 0.0000000000
35432  -30.530  -55.934  47.351 0.0000000000
35433  -31.418  -55.764  47.166 0.0000000000
45607  -36.673  -47.318  40.083 0.0000000000
45591  -37.719  -47.613  41.098 0.0000000000
49131  -37.923  -45.363  41.079 0.0000000000
45592  -38.391  -47.572  41.532 0.0000000000
44370  -38.595  -48.530  41.787 0.0000000000
43235  -40.564  -49.776  42.963 0.0000000000
42040  -42.119  -50.078  44.409 0.0000000000
41991  -43.733  -50.553  46.289 0.0000000000
41976  -44.367  -50.395  47.096 0.0000000000
43181  -44.657  -49.496  46.167 0.0000000000
44308  -45.571  -48.570  46.612 0.0000000000
45505  -46.100  -47.306  46.946 0.0000000000
46746  -42.679  -45.940  45.414 0.0000000000
46731  -43.907  -46.134  46.690 0.0000000000
46715  -45.806  -46.468  47.460 0.0000000000
47879  -44.246  -45.258  48.613 0.0000000000
36774  -20.545  -55.499  44.417 0.0000000000
60818  -47.879  -33.730  48.978 0.0000000000
62041  -49.583  -32.945  48.406 0.0000000000
62042  -50.747  -32.395  48.254 0.0000000000
63287  -51.421  -31.927  48.184 0.0000000000
62087  -49.474  -32.272  45.153 0.0000000000
63337  -51.372  -31.494  46.348 0.0000000000
75803  -50.486  -21.170  33.787 0.0000000000
73717  -51.998  -22.524  35.494 0.0000000000
75795  -52.136  -20.948  35.263 0.0000000000
75776  -53.290  -20.842  37.276 0.0000000000
75749  -54.797  -20.484  39.868 0.0000000000
78018  -55.049  -18.224  37.937 0.0000000000
76859  -55.046  -18.940  39.305 0.0000000000
65933  -44.685  -30.481  35.285 0.0000000000
65915  -46.022  -30.397  35.884 0.0000000000
65950  -45.425  -29.440  34.443 0.0000000000
67211  -45.940  -28.862  34.049 0.0000000000
67227  -46.646  -27.880  33.523 0.0000000000
69446  -47.880  -26.657  33.603 0.0000000000
70538  -48.392  -25.601  33.307 0.0000000000
72654  -48.463  -24.138  32.498 0.0000000000
73738  -48.988  -22.677  33.125 0.0000000000
74792  -49.488  -21.803  33.190 0.0000000000
75819  -50.246  -20.792  33.278 0.0000000000
76937  -50.759  -19.606  32.213 0.0000000000
76939  -52.394  -19.400  32.655 0.0000000000
78113  -50.615  -18.586  29.530 0.0000000000
78100  -51.691  -18.917  30.552 0.0000000000
78083  -53.793  -18.716  32.395 0.0000000000
79121  -55.054  -18.184  32.390 0.0000000000
80204  -56.572  -16.795  32.620 0.0000000000
81223  -57.217  -16.018  32.362 0.0000000000
82300  -57.590  -15.001  32.401 0.0000000000
81232  -56.887  -15.394  31.146 0.0000000000
81254  -56.298  -15.745  29.658 0.0000000000
81268  -55.549  -15.775  28.599 0.0000000000
82344  -55.607  -15.218  27.881 0.0000000000
26074  -14.756  -62.650  49.425 0.0000000000
24844  -14.180  -63.748  49.048 0.0000000000
23530  -13.080  -65.164  49.626 0.0000000000
23507  -12.550  -64.872  52.470 0.0000000000
22180  -12.814  -65.792  50.342 0.0000000000
22189  -12.657  -66.001  49.396 0.0000000000
19533  -11.571  -67.003  48.531 0.0000000000
19532  -11.069  -67.715  48.588 0.0000000000
18224  -10.674  -68.468  47.420 0.0000000000
16860  -10.580  -69.520  48.150 0.0000000000
59653  -46.843  -34.374  50.879 0.0000000000
57563  -43.027  -36.759  51.722 0.0000000000
58647  -41.783  -35.938  48.134 0.0000000000
58633  -42.706  -35.720  49.396 0.0000000000
59669  -44.545  -35.030  50.057 0.0000000000
59670  -45.965  -34.268  49.937 0.0000000000
60817  -47.164  -33.973  49.188 0.0000000000
60847  -46.589  -34.045  46.870 0.0000000000
62070  -46.844  -33.635  46.096 0.0000000000
62110  -45.981  -32.803  43.679 0.0000000000
60920  -43.816  -33.356  42.884 0.0000000000
62133  -45.084  -33.106  42.838 0.0000000000
62134  -46.327  -32.761  42.656 0.0000000000
62178  -45.582  -32.962  40.528 0.0000000000
62209  -45.009  -32.715  38.659 0.0000000000
63473  -44.954  -31.718  36.624 0.0000000000
62190  -37.216  -33.274  40.192 0.0000000000
60965  -38.542  -33.436  39.296 0.0000000000
60985  -39.159  -33.448  38.397 0.0000000000
62223  -40.576  -33.506  37.376 0.0000000000
62224  -41.454  -33.326  37.345 0.0000000000
62250  -42.789  -32.549  36.723 0.0000000000
63471  -43.274  -32.074  36.163 0.0000000000
64699  -44.176  -30.947  35.447 0.0000000000
35349  -28.746  -55.468  52.356 0.0000000000
39486  -27.633  -53.323  40.627 0.0000000000
39487  -28.617  -53.295  40.746 0.0000000000
38095  -29.285  -54.862  42.608 0.0000000000
36784  -30.618  -55.401  44.053 0.0000000000
36721  -31.922  -55.334  45.535 0.0000000000
36703  -32.753  -55.127  46.749 0.0000000000
44425  -33.745  -48.192  39.343 0.0000000000
42118  -33.929  -50.251  40.678 0.0000000000
40814  -33.779  -51.489  41.468 0.0000000000
40795  -36.310  -51.411  42.545 0.0000000000
39474  -35.336  -52.236  42.600 0.0000000000
39472  -33.678  -52.841  42.258 0.0000000000
38101  -33.993  -53.883  43.707 0.0000000000
36756  -33.920  -54.535  45.718 0.0000000000
36705  -34.273  -54.450  47.737 0.0000000000
38036  -35.079  -54.010  48.355 0.0000000000
38024  -35.843  -53.583  49.050 0.0000000000
30156  -14.635  -59.648  43.929 0.0000000000
28759  -15.474  -60.362  45.482 0.0000000000
34157  -16.466  -57.028  42.786 0.0000000000
32840  -15.868  -57.626  42.766 0.0000000000
31504  -16.507  -58.649  44.499 0.0000000000
30141  -16.217  -59.551  45.701 0.0000000000
30109  -16.029  -59.944  46.951 0.0000000000
30095  -16.565  -59.468  48.473 0.0000000000
32761  -18.466  -58.088  50.949 0.0000000000
64669  -48.072  -30.533  37.623 0.0000000000
64643  -49.637  -30.610  39.217 0.0000000000
64618  -51.141  -30.978  40.854 0.0000000000
67161  -51.387  -28.572  37.838 0.0000000000
65856  -51.933  -29.701  40.217 0.0000000000
64605  -53.548  -30.933  42.358 0.0000000000
64591  -54.788  -30.555  43.451 0.0000000000
72609  -52.933  -23.293  37.348 0.0000000000
71508  -53.892  -24.706  39.308 0.0000000000
71490  -54.963  -25.258  40.794 0.0000000000
83383  -57.794  -14.170  32.217 0.0000000000
84454  -58.828  -12.991  32.184 0.0000000000
84455  -59.504  -12.507  32.468 0.0000000000
83418  -58.968  -13.963  30.050 0.0000000000
84466  -59.517  -12.485  31.484 0.0000000000
84456  -60.274  -11.945  32.321 0.0000000000
85529  -60.935  -11.256  32.192 0.0000000000
85530  -61.796  -10.747  31.981 0.0000000000
84483  -61.779  -12.299  29.109 0.0000000000
85553  -61.987  -11.281  29.771 0.0000000000
87802  -63.004  -9.798  30.196 0.0000000000
88917  -65.708  -8.144  26.977 0.0000000000
53712  -40.678  -40.353  41.639 0.0000000000
54755  -40.744  -39.366  41.818 0.0000000000
52605  -40.186  -41.388  40.736 0.0000000000
63452  -46.534  -31.802  38.285 0.0000000000
64666  -45.934  -31.166  37.098 0.0000000000
81213  -57.803  -15.977  33.669 0.0000000000
81198  -57.920  -16.303  34.902 0.0000000000
82264  -58.786  -14.938  36.161 0.0000000000
82274  -58.920  -14.617  34.809 0.0000000000
82288  -58.442  -14.923  33.474 0.0000000000
28746  -15.595  -60.772  46.429 0.0000000000
28745  -15.009  -61.235  46.250 0.0000000000
27395  -15.210  -61.369  46.788 0.0000000000
62129  -37.613  -33.269  41.932 0.0000000000
60915  -38.476  -33.506  42.676 0.0000000000
62150  -38.198  -33.129  41.484 0.0000000000
62171  -37.483  -33.102  40.792 0.0000000000
34085  -22.785  -56.928  49.539 0.0000000000
35414  -32.084  -55.620  47.962 0.0000000000
36682  -32.702  -55.219  48.744 0.0000000000
36692  -33.508  -54.825  48.277 0.0000000000
40723  -42.276  -51.294  46.490 0.0000000000
40697  -42.269  -51.415  47.543 0.0000000000
40698  -42.992  -51.270  47.756 0.0000000000
34084  -21.673  -57.157  49.554 0.0000000000
72638  -50.294  -23.490  34.009 0.0000000000
72639  -51.026  -23.610  34.678 0.0000000000
72640  -51.460  -23.441  35.091 0.0000000000
52544  -42.736  -41.404  46.561 0.0000000000
57693  -39.075  -36.333  42.831 0.0000000000
57694  -39.648  -36.904  43.397 0.0000000000
36777  -23.422  -55.112  44.155 0.0000000000
36806  -26.871  -54.791  43.481 0.0000000000
36807  -27.875  -54.799  43.489 0.0000000000
36782  -28.534  -55.314  44.133 0.0000000000
36808  -28.878  -55.038  43.373 0.0000000000
46770  -40.903  -46.413  42.787 0.0000000000
46771  -41.440  -46.738  43.273 0.0000000000
44352  -42.437  -48.160  43.585 0.0000000000
45551  -41.943  -47.363  43.555 0.0000000000
45531  -42.835  -47.437  44.035 0.0000000000
45530  -42.201  -46.891  44.031 0.0000000000
51417  -42.531  -42.634  45.251 0.0000000000
49091  -42.621  -43.921  46.328 0.0000000000
50250  -42.898  -43.378  47.735 0.0000000000
36776  -22.371  -55.168  44.151 0.0000000000
62097  -46.657  -32.617  44.530 0.0000000000
62098  -47.643  -32.371  44.480 0.0000000000
63393  -51.692  -31.995  43.253 0.0000000000
63380  -51.876  -31.776  44.404 0.0000000000
76899  -53.283  -19.563  35.205 0.0000000000
76900  -54.154  -19.204  35.003 0.0000000000
79042  -56.971  -17.148  40.377 0.0000000000
76957  -48.204  -19.772  29.937 0.0000000000
80236  -53.539  -17.137  29.396 0.0000000000
81252  -54.203  -16.532  28.890 0.0000000000
23553  -12.520  -64.239  46.209 0.0000000000
22216  -12.377  -64.733  46.814 0.0000000000
23552  -11.904  -64.759  46.125 0.0000000000
24814  -13.433  -63.565  52.945 0.0000000000
19519  -11.787  -67.821  49.983 0.0000000000
16848  -11.658  -69.192  49.609 0.0000000000
56649  -41.313  -37.405  47.349 0.0000000000
56631  -41.388  -37.247  48.279 0.0000000000
57629  -41.313  -36.505  47.588 0.0000000000
59740  -42.388  -34.507  45.509 0.0000000000
59719  -43.372  -34.647  46.657 0.0000000000
59742  -43.867  -34.516  46.162 0.0000000000
60864  -44.339  -34.183  45.699 0.0000000000
62193  -41.819  -33.600  39.286 0.0000000000
62194  -42.779  -33.548  39.255 0.0000000000
62206  -42.540  -33.391  38.326 0.0000000000
35372  -27.379  -56.116  50.439 0.0000000000
35373  -28.244  -55.970  50.463 0.0000000000
40812  -31.991  -51.615  40.846 0.0000000000
39490  -31.815  -52.561  41.292 0.0000000000
39444  -32.283  -53.610  42.519 0.0000000000
39471  -32.601  -52.884  42.001 0.0000000000
43273  -35.852  -49.665  40.844 0.0000000000
43274  -37.035  -49.659  41.388 0.0000000000
39420  -37.390  -52.649  45.610 0.0000000000
39433  -36.898  -52.905  45.017 0.0000000000
39419  -37.021  -52.909  45.541 0.0000000000
38063  -35.995  -53.493  45.545 0.0000000000
38050  -36.576  -53.121  46.340 0.0000000000
39381  -37.034  -52.653  46.727 0.0000000000
45506  -46.517  -47.851  47.307 0.0000000000
32782  -18.074  -57.933  48.693 0.0000000000
68330  -48.323  -28.008  34.816 0.0000000000
67201  -48.737  -28.401  35.501 0.0000000000
68254  -54.124  -27.055  40.754 0.0000000000
68253  -53.515  -27.894  40.468 0.0000000000
68245  -55.374  -27.659  41.899 0.0000000000
69351  -55.466  -26.689  41.840 0.0000000000
74723  -55.102  -21.124  40.145 0.0000000000
73667  -55.054  -21.923  40.083 0.0000000000
81256  -57.718  -15.163  29.536 0.0000000000
83420  -60.499  -13.278  29.424 0.0000000000
84474  -60.735  -12.220  30.165 0.0000000000
84482  -60.997  -12.706  29.416 0.0000000000
86682  -63.776  -10.858  26.984 0.0000000000
85572  -63.528  -11.158  27.446 0.0000000000
86673  -63.907  -10.634  27.524 0.0000000000
86662  -63.682  -10.252  28.561 0.0000000000
86663  -64.360  -9.645  28.181 0.0000000000
87823  -64.771  -9.139  27.744 0.0000000000
52557  -41.902  -41.297  44.321 0.0000000000
53698  -41.506  -40.590  43.721 0.0000000000
55747  -40.616  -38.457  42.177 0.0000000000
51478  -39.230  -42.286  40.274 0.0000000000
50302  -40.519  -43.471  42.096 0.0000000000
50314  -39.935  -43.266  41.682 0.0000000000
49122  -40.298  -44.577  42.382 0.0000000000
49123  -40.807  -44.042  42.558 0.0000000000
52577  -41.372  -41.876  42.824 0.0000000000
51437  -41.715  -42.702  43.208 0.0000000000
51426  -42.397  -42.465  44.662 0.0000000000
62179  -46.575  -32.698  40.472 0.0000000000
62180  -47.440  -32.547  40.710 0.0000000000
63444  -48.135  -31.310  39.629 0.0000000000
62181  -48.165  -32.329  40.767 0.0000000000
63432  -48.660  -31.564  40.310 0.0000000000
63418  -49.643  -31.825  40.999 0.0000000000
63433  -49.390  -31.345  40.439 0.0000000000
79113  -55.812  -17.956  33.532 0.0000000000
79100  -55.796  -18.065  34.535 0.0000000000
79101  -56.302  -17.713  34.800 0.0000000000
81167  -57.749  -15.749  37.888 0.0000000000
80112  -57.292  -16.078  38.717 0.0000000000
81158  -57.893  -15.558  38.948 0.0000000000
84437  -60.073  -12.978  34.529 0.0000000000
27393  -13.875  -61.967  46.045 0.0000000000
26106  -13.990  -62.677  46.655 0.0000000000
24872  -13.498  -63.282  46.712 0.0000000000
24861  -13.711  -63.510  47.309 0.0000000000
59736  -39.214  -34.706  44.599 0.0000000000
59737  -39.670  -34.281  44.932 0.0000000000
60878  -40.359  -33.830  44.184 0.0000000000
60879  -41.187  -33.939  44.256 0.0000000000
60897  -41.007  -33.652  43.434 0.0000000000
60898  -41.977  -33.861  43.606 0.0000000000
60933  -40.564  -33.411  41.345 0.0000000000
60951  -41.305  -33.501  40.369 0.0000000000
60967  -40.377  -33.380  39.310 0.0000000000
35375  -30.049  -55.766  50.252 0.0000000000
36660  -31.457  -55.313  51.180 0.0000000000
36684  -34.342  -54.321  50.021 0.0000000000
36674  -34.441  -54.221  51.076 0.0000000000
43309  -31.639  -49.455  39.428 0.0000000000
42116  -32.241  -50.536  40.262 0.0000000000
43287  -32.517  -49.597  39.914 0.0000000000
42060  -39.255  -50.607  43.194 0.0000000000
40781  -39.997  -51.065  43.714 0.0000000000
40720  -39.510  -51.769  46.898 0.0000000000
40719  -38.866  -52.012  47.117 0.0000000000
40695  -40.341  -51.786  47.739 0.0000000000
35463  -20.123  -55.801  44.975 0.0000000000
34149  -19.269  -56.077  44.637 0.0000000000
34138  -19.802  -56.211  45.297 0.0000000000
34110  -20.347  -56.472  47.378 0.0000000000
34082  -19.518  -57.168  48.928 0.0000000000
32764  -21.848  -57.366  50.790 0.0000000000
32763  -20.834  -57.541  50.826 0.0000000000
70522  -49.606  -25.747  34.469 0.0000000000
70512  -49.801  -26.231  34.985 0.0000000000
70513  -50.446  -25.897  35.498 0.0000000000
71537  -52.006  -25.136  37.193 0.0000000000
70504  -51.364  -25.880  36.539 0.0000000000
70474  -52.817  -25.818  38.455 0.0000000000
70475  -53.374  -25.056  38.720 0.0000000000
82356  -56.526  -14.363  27.343 0.0000000000
86689  -63.825  -11.060  25.130 0.0000000000
87840  -64.867  -9.915  25.673 0.0000000000
87860  -64.596  -10.218  24.843 0.0000000000
28701  -15.831  -60.616  50.115 0.0000000000
26041  -14.321  -62.417  53.186 0.0000000000
51365  -42.998  -42.580  49.743 0.0000000000
53656  -42.305  -39.976  47.587 0.0000000000
53646  -42.674  -40.176  48.397 0.0000000000
54704  -42.040  -39.054  47.436 0.0000000000
55689  -41.821  -38.503  47.648 0.0000000000
54703  -41.829  -38.912  47.101 0.0000000000
54733  -41.692  -39.389  44.865 0.0000000000
55724  -41.379  -38.647  44.473 0.0000000000
57681  -40.126  -36.767  44.408 0.0000000000
56684  -40.918  -37.278  45.761 0.0000000000
58695  -40.202  -35.811  45.524 0.0000000000
58704  -38.192  -34.802  43.594 0.0000000000
34113  -23.279  -56.315  47.906 0.0000000000
35446  -23.255  -56.096  46.453 0.0000000000
35447  -24.544  -56.045  46.981 0.0000000000
35448  -25.710  -55.756  46.849 0.0000000000
36778  -24.470  -55.071  44.209 0.0000000000
36779  -25.512  -55.117  44.209 0.0000000000
36749  -27.247  -55.296  45.023 0.0000000000
36748  -26.229  -55.290  45.043 0.0000000000
35470  -27.001  -55.280  45.926 0.0000000000
35450  -27.794  -55.663  46.734 0.0000000000
35430  -28.605  -55.929  47.577 0.0000000000
35451  -28.785  -55.797  46.653 0.0000000000
35473  -29.956  -55.729  45.685 0.0000000000
35452  -29.754  -55.863  46.551 0.0000000000
35453  -30.696  -55.759  46.415 0.0000000000
47966  -37.027  -45.632  40.049 0.0000000000
46827  -36.639  -46.632  39.848 0.0000000000
46806  -37.127  -47.028  40.161 0.0000000000
45590  -36.889  -47.756  40.557 0.0000000000
46807  -37.525  -46.775  40.710 0.0000000000
49132  -38.481  -44.530  41.266 0.0000000000
45570  -40.062  -47.500  42.430 0.0000000000
46786  -38.755  -46.722  41.726 0.0000000000
45569  -39.162  -47.577  41.914 0.0000000000
44371  -39.553  -48.479  42.212 0.0000000000
43259  -40.092  -49.339  42.634 0.0000000000
43212  -42.580  -49.547  44.223 0.0000000000
42063  -41.501  -49.815  43.675 0.0000000000
42041  -42.843  -49.799  44.600 0.0000000000
42012  -42.956  -50.422  45.330 0.0000000000
42013  -43.836  -50.032  45.513 0.0000000000
41992  -44.334  -50.043  46.235 0.0000000000
42014  -44.267  -49.628  45.699 0.0000000000
44320  -45.120  -47.981  45.907 0.0000000000
44307  -44.862  -48.994  46.075 0.0000000000
45514  -46.031  -47.927  46.825 0.0000000000
45513  -45.538  -47.645  46.377 0.0000000000
46745  -42.052  -45.899  45.060 0.0000000000
47906  -42.173  -45.234  45.457 0.0000000000
47885  -42.985  -45.062  47.204 0.0000000000
46730  -42.967  -45.695  46.551 0.0000000000
46713  -43.524  -45.651  47.284 0.0000000000
46714  -44.575  -45.774  47.700 0.0000000000
46698  -44.818  -45.514  48.524 0.0000000000
47887  -43.830  -45.356  47.915 0.0000000000
50236  -43.062  -43.455  48.791 0.0000000000
50221  -42.963  -43.684  49.859 0.0000000000
35445  -22.220  -56.159  46.186 0.0000000000
60830  -47.867  -33.586  47.786 0.0000000000
60819  -48.792  -33.420  48.738 0.0000000000
62040  -48.915  -33.245  48.125 0.0000000000
62059  -49.825  -32.442  47.241 0.0000000000
62060  -50.642  -32.223  47.580 0.0000000000
63312  -50.819  -31.894  47.151 0.0000000000
62113  -48.928  -32.606  43.453 0.0000000000
62099  -48.639  -32.332  44.384 0.0000000000
63363  -52.144  -31.515  45.546 0.0000000000
63313  -51.793  -31.527  47.399 0.0000000000
63339  -53.331  -30.959  46.809 0.0000000000
64536  -54.895  -30.413  46.537 0.0000000000
75804  -51.135  -20.927  34.298 0.0000000000
75794  -51.553  -21.360  34.817 0.0000000000
76876  -53.371  -19.963  37.243 0.0000000000
75785  -53.041  -20.330  36.633 0.0000000000
76867  -53.441  -20.183  37.835 0.0000000000
75767  -53.697  -20.605  38.423 0.0000000000
75768  -54.051  -20.063  38.740 0.0000000000
79069  -55.524  -17.745  37.292 0.0000000000
78028  -55.048  -18.308  36.990 0.0000000000
79061  -55.590  -17.652  38.214 0.0000000000
77999  -55.540  -18.346  39.924 0.0000000000
15506  -10.307  -70.101  47.658 0.0000000000
16868  -9.959  -70.100  47.045 0.0000000000
15505  -10.184  -70.803  47.340 0.0000000000
67226  -45.866  -28.278  33.385 0.0000000000
67212  -46.833  -28.621  34.184 0.0000000000
69445  -46.692  -26.468  32.853 0.0000000000
70536  -46.881  -25.659  32.550 0.0000000000
70537  -47.509  -25.717  32.892 0.0000000000
71580  -47.252  -25.065  32.458 0.0000000000
72674  -47.816  -23.887  32.227 0.0000000000
73758  -47.415  -22.823  32.225 0.0000000000
73759  -48.362  -22.957  32.637 0.0000000000
74815  -48.988  -21.224  32.574 0.0000000000
75818  -49.511  -21.051  32.866 0.0000000000
75841  -49.408  -20.515  32.276 0.0000000000
76947  -49.940  -19.707  31.140 0.0000000000
76936  -50.013  -19.784  31.900 0.0000000000
76938  -51.618  -19.490  32.357 0.0000000000
76949  -51.186  -19.348  31.866 0.0000000000
79138  -52.981  -18.267  30.393 0.0000000000
78115  -52.152  -18.577  30.199 0.0000000000
78101  -52.620  -18.604  30.687 0.0000000000
78091  -52.732  -18.785  31.552 0.0000000000
78092  -53.618  -18.513  31.594 0.0000000000
78084  -54.446  -18.521  32.412 0.0000000000
79130  -54.515  -18.099  31.548 0.0000000000
80223  -55.348  -16.738  30.574 0.0000000000
80213  -55.595  -17.127  31.612 0.0000000000
80214  -56.487  -16.469  31.936 0.0000000000
81231  -56.440  -15.944  31.363 0.0000000000
82299  -57.073  -15.485  31.893 0.0000000000
20902  -11.404  -66.082  46.680 0.0000000000
27358  -14.975  -61.920  49.897 0.0000000000
27370  -15.201  -62.141  48.713 0.0000000000
26066  -14.616  -62.541  50.379 0.0000000000
24832  -13.681  -63.778  51.194 0.0000000000
24838  -13.898  -63.756  50.105 0.0000000000
23523  -13.557  -64.484  50.415 0.0000000000
23531  -13.636  -64.396  49.336 0.0000000000
23502  -12.547  -65.072  53.280 0.0000000000
22172  -12.467  -66.164  50.786 0.0000000000
22179  -12.364  -66.285  49.917 0.0000000000
20885  -12.116  -66.336  48.439 0.0000000000
20877  -12.099  -66.689  49.283 0.0000000000
15482  -11.555  -69.875  49.280 0.0000000000
59636  -46.504  -34.651  51.894 0.0000000000
59637  -47.350  -34.451  51.761 0.0000000000
53625  -42.846  -40.516  50.435 0.0000000000
53612  -42.843  -40.643  51.511 0.0000000000
54679  -42.555  -39.481  50.237 0.0000000000
56596  -42.017  -37.095  49.934 0.0000000000
55650  -42.568  -38.441  51.081 0.0000000000
56597  -42.399  -37.631  50.362 0.0000000000
56581  -42.694  -37.426  51.133 0.0000000000
57579  -42.580  -36.746  50.366 0.0000000000
58664  -42.030  -35.418  47.619 0.0000000000
58648  -42.586  -35.403  48.490 0.0000000000
58616  -42.933  -35.957  50.161 0.0000000000
58634  -43.541  -35.474  49.748 0.0000000000
58635  -43.927  -35.425  50.340 0.0000000000
59668  -43.969  -35.254  49.520 0.0000000000
59686  -46.050  -34.255  48.897 0.0000000000
60802  -46.363  -34.155  49.485 0.0000000000
59687  -46.655  -34.173  48.711 0.0000000000
60829  -47.120  -34.052  48.242 0.0000000000
59703  -46.324  -34.270  48.037 0.0000000000
60865  -45.657  -33.759  45.536 0.0000000000
60866  -46.462  -33.782  45.881 0.0000000000
62083  -45.801  -33.283  45.092 0.0000000000
62084  -46.523  -33.241  45.376 0.0000000000
62096  -45.685  -33.066  44.545 0.0000000000
60919  -42.726  -33.430  42.919 0.0000000000
60936  -43.247  -33.331  42.345 0.0000000000
62132  -44.358  -33.106  42.215 0.0000000000
62156  -45.879  -32.943  41.606 0.0000000000
62177  -44.655  -33.213  40.463 0.0000000000
62208  -44.337  -32.856  38.316 0.0000000000
63450  -45.055  -32.400  37.956 0.0000000000
63459  -44.688  -32.291  37.292 0.0000000000
60964  -37.649  -33.445  39.353 0.0000000000
60983  -37.288  -33.656  38.423 0.0000000000
61004  -38.826  -33.547  37.511 0.0000000000
60986  -40.048  -33.374  38.360 0.0000000000
61005  -39.691  -33.537  37.476 0.0000000000
62248  -41.012  -33.111  36.455 0.0000000000
62249  -41.927  -32.687  36.409 0.0000000000
63495  -43.556  -31.492  35.745 0.0000000000
34087  -24.499  -56.319  49.469 0.0000000000
34071  -24.639  -56.334  50.461 0.0000000000
35369  -24.949  -56.264  49.951 0.0000000000
35347  -26.999  -56.032  52.191 0.0000000000
35350  -29.692  -55.431  52.253 0.0000000000
35337  -29.604  -55.457  53.346 0.0000000000
39469  -30.326  -53.711  41.504 0.0000000000
39488  -29.682  -53.018  40.840 0.0000000000
39468  -29.218  -53.936  41.273 0.0000000000
38123  -29.791  -54.407  41.984 0.0000000000
36809  -29.910  -55.169  43.272 0.0000000000
38096  -30.282  -54.610  42.711 0.0000000000
36786  -32.702  -54.931  44.258 0.0000000000
36785  -31.744  -55.226  43.954 0.0000000000
36754  -32.169  -55.007  45.055 0.0000000000
36722  -32.483  -55.185  45.901 0.0000000000
44404  -34.373  -48.702  39.853 0.0000000000
43272  -35.181  -50.151  41.016 0.0000000000
43289  -34.771  -49.606  40.613 0.0000000000
42096  -34.583  -50.816  41.262 0.0000000000
42078  -36.925  -50.700  42.263 0.0000000000
40778  -37.006  -51.739  43.215 0.0000000000
38102  -36.059  -53.482  43.813 0.0000000000
40777  -36.092  -52.206  42.915 0.0000000000
39473  -34.643  -52.634  42.471 0.0000000000
39432  -34.913  -53.665  43.699 0.0000000000
39446  -34.295  -53.602  43.156 0.0000000000
36724  -34.188  -54.510  46.606 0.0000000000
39384  -39.180  -52.392  48.073 0.0000000000
39358  -38.134  -52.760  48.096 0.0000000000
39359  -38.868  -52.589  48.442 0.0000000000
43163  -44.950  -50.033  47.620 0.0000000000
30139  -15.061  -60.154  44.731 0.0000000000
30140  -15.815  -59.650  45.034 0.0000000000
34148  -18.730  -56.363  44.174 0.0000000000
34159  -18.366  -56.560  43.294 0.0000000000
34147  -18.040  -57.068  43.995 0.0000000000
34146  -17.201  -57.290  43.518 0.0000000000
32824  -16.583  -58.074  43.659 0.0000000000
32823  -15.627  -58.226  43.085 0.0000000000
31464  -17.124  -58.787  46.874 0.0000000000
31484  -16.544  -59.125  45.334 0.0000000000
30125  -16.454  -59.488  46.394 0.0000000000
30094  -16.240  -60.024  47.866 0.0000000000
32762  -19.739  -57.727  50.797 0.0000000000
60794  -50.566  -33.639  50.190 0.0000000000
65916  -46.680  -30.153  36.036 0.0000000000
64683  -46.896  -30.473  36.740 0.0000000000
65917  -47.520  -29.896  36.308 0.0000000000
65901  -49.603  -29.822  37.030 0.0000000000
65884  -49.198  -30.304  37.816 0.0000000000
65870  -50.310  -30.230  38.867 0.0000000000
64632  -50.609  -30.632  40.277 0.0000000000
65871  -50.842  -29.955  39.278 0.0000000000
68296  -50.849  -27.576  37.087 0.0000000000
68316  -50.500  -27.806  36.631 0.0000000000
67107  -53.398  -28.808  40.759 0.0000000000
67105  -52.479  -29.072  40.038 0.0000000000
65843  -52.903  -29.938  41.041 0.0000000000
65842  -52.375  -30.108  40.823 0.0000000000
64622  -53.914  -30.296  41.677 0.0000000000
64590  -54.183  -30.930  42.864 0.0000000000
64606  -54.411  -30.428  42.303 0.0000000000
67069  -56.332  -28.456  43.236 0.0000000000
65816  -55.807  -29.601  43.680 0.0000000000
67050  -56.695  -28.676  43.838 0.0000000000
73709  -52.863  -22.560  36.805 0.0000000000
72617  -52.531  -23.215  36.557 0.0000000000
73700  -53.211  -22.430  37.408 0.0000000000
72585  -54.883  -23.315  39.929 0.0000000000
72583  -54.023  -23.843  39.076 0.0000000000
71509  -54.284  -24.074  39.674 0.0000000000
71500  -54.696  -24.839  40.108 0.0000000000
71491  -55.607  -24.703  41.350 0.0000000000
82301  -58.250  -14.341  32.742 0.0000000000
83396  -57.856  -13.878  31.809 0.0000000000
84465  -58.964  -12.855  31.753 0.0000000000
82332  -58.353  -14.634  29.811 0.0000000000
82333  -58.922  -14.394  29.349 0.0000000000
84473  -59.960  -12.550  30.800 0.0000000000
85539  -61.833  -10.964  31.045 0.0000000000
86624  -62.563  -10.390  32.023 0.0000000000
86634  -62.350  -10.478  31.271 0.0000000000
84492  -62.564  -12.149  28.141 0.0000000000
84491  -61.966  -12.697  27.905 0.0000000000
85554  -62.532  -11.362  29.122 0.0000000000
86650  -62.750  -10.381  29.698 0.0000000000
87793  -63.218  -9.562  30.621 0.0000000000
87794  -63.993  -9.252  30.518 0.0000000000
87831  -65.527  -8.623  26.362 0.0000000000
53706  -41.237  -40.918  43.023 0.0000000000
54748  -41.237  -40.054  43.143 0.0000000000
53705  -41.002  -40.180  42.451 0.0000000000
51457  -39.580  -42.481  40.948 0.0000000000
51479  -39.855  -42.048  40.620 0.0000000000
51446  -40.966  -42.401  42.296 0.0000000000
51436  -41.419  -42.776  42.696 0.0000000000
63441  -46.107  -32.358  38.990 0.0000000000
63430  -47.242  -32.177  39.971 0.0000000000
63453  -47.129  -31.550  38.630 0.0000000000
64654  -47.729  -31.077  38.269 0.0000000000
80192  -56.884  -17.294  33.814 0.0000000000
81186  -58.081  -15.765  35.915 0.0000000000
82257  -59.345  -14.186  37.088 0.0000000000
83352  -59.817  -13.499  35.866 0.0000000000
82275  -59.369  -13.981  35.305 0.0000000000
83364  -59.427  -13.741  34.593 0.0000000000
83372  -58.900  -14.090  33.418 0.0000000000
28772  -14.273  -60.403  44.377 0.0000000000
28757  -13.844  -61.326  45.215 0.0000000000
27394  -14.585  -61.744  46.395 0.0000000000
26107  -14.677  -62.229  47.013 0.0000000000
60876  -38.674  -34.172  43.629 0.0000000000
60877  -39.552  -34.032  44.197 0.0000000000
60916  -39.480  -33.409  42.315 0.0000000000
62151  -38.829  -33.276  41.714 0.0000000000
62173  -38.845  -33.153  40.935 0.0000000000
60948  -38.733  -33.343  40.141 0.0000000000
32752  -22.678  -57.382  51.780 0.0000000000
35394  -31.048  -55.701  49.100 0.0000000000
35376  -30.959  -55.600  50.111 0.0000000000
35377  -31.589  -55.491  49.720 0.0000000000
40770  -40.786  -51.006  44.538 0.0000000000
40721  -40.435  -51.580  46.772 0.0000000000
34083  -20.516  -57.155  49.143 0.0000000000
32776  -21.613  -57.253  50.162 0.0000000000
71566  -49.831  -24.538  34.020 0.0000000000
70523  -50.285  -25.021  34.683 0.0000000000
71556  -50.921  -24.582  35.113 0.0000000000
71557  -51.521  -24.315  35.573 0.0000000000
71544  -51.888  -24.454  36.400 0.0000000000
52517  -42.946  -41.249  48.462 0.0000000000
53667  -42.031  -39.966  46.287 0.0000000000
56705  -40.298  -37.370  43.644 0.0000000000
55723  -40.887  -38.087  44.182 0.0000000000
57695  -39.907  -36.890  43.897 0.0000000000
57680  -39.629  -36.424  44.090 0.0000000000
58706  -39.151  -35.696  44.267 0.0000000000
58716  -38.570  -35.522  43.228 0.0000000000
36805  -25.876  -54.932  43.403 0.0000000000
36750  -28.248  -55.432  44.965 0.0000000000
36751  -29.235  -55.632  44.886 0.0000000000
36752  -30.248  -55.572  44.901 0.0000000000
47932  -39.656  -45.576  42.185 0.0000000000
46769  -40.150  -46.456  42.471 0.0000000000
45549  -40.480  -46.964  42.653 0.0000000000
45571  -40.530  -47.964  42.619 0.0000000000
44350  -40.841  -48.411  42.776 0.0000000000
44351  -41.600  -48.327  43.166 0.0000000000
43238  -42.722  -48.739  43.839 0.0000000000
43214  -43.717  -48.868  44.656 0.0000000000
43194  -43.898  -49.225  45.125 0.0000000000
44333  -43.707  -48.303  44.520 0.0000000000
44334  -44.218  -47.836  44.940 0.0000000000
45520  -43.991  -46.931  45.220 0.0000000000
50266  -42.205  -43.573  45.125 0.0000000000
47893  -42.077  -45.127  46.139 0.0000000000
49090  -42.323  -44.435  45.894 0.0000000000
49078  -42.766  -44.384  46.814 0.0000000000
47877  -43.308  -44.689  47.941 0.0000000000
49070  -42.937  -44.239  47.910 0.0000000000
36775  -21.424  -55.248  44.238 0.0000000000
36744  -21.968  -55.381  44.883 0.0000000000
62071  -47.502  -33.291  46.453 0.0000000000
62058  -48.553  -33.048  47.444 0.0000000000
62073  -49.513  -32.390  46.089 0.0000000000
62101  -50.180  -32.250  43.845 0.0000000000
63378  -50.198  -32.168  44.284 0.0000000000
63379  -50.827  -31.978  44.068 0.0000000000
63364  -53.281  -31.047  45.775 0.0000000000
63365  -53.825  -30.781  45.366 0.0000000000
64579  -54.657  -30.561  44.755 0.0000000000
75805  -52.009  -20.382  34.682 0.0000000000
76877  -53.921  -19.430  36.981 0.0000000000
79062  -56.159  -17.131  38.407 0.0000000000
79051  -55.816  -17.645  39.143 0.0000000000
79052  -56.439  -17.089  39.337 0.0000000000
85523  -61.719  -10.822  33.183 0.0000000000
71597  -46.199  -24.385  32.220 0.0000000000
75852  -48.725  -20.468  31.192 0.0000000000
75862  -48.649  -20.056  30.443 0.0000000000
76946  -49.308  -19.954  30.766 0.0000000000
76959  -49.872  -19.499  30.494 0.0000000000
79154  -52.686  -18.105  29.826 0.0000000000
79140  -54.294  -17.706  31.015 0.0000000000
80221  -53.768  -17.539  30.167 0.0000000000
81238  -55.707  -16.158  30.560 0.0000000000
20895  -11.774  -66.054  47.574 0.0000000000
26052  -14.319  -62.358  52.298 0.0000000000
26051  -13.891  -62.953  51.733 0.0000000000
24822  -13.400  -63.492  52.110 0.0000000000
24831  -13.153  -64.041  51.717 0.0000000000
20866  -12.394  -66.287  51.722 0.0000000000
19520  -11.873  -67.227  50.060 0.0000000000
19527  -11.619  -67.248  49.366 0.0000000000
55670  -42.189  -38.309  48.987 0.0000000000
56613  -41.730  -37.298  49.172 0.0000000000
59717  -41.625  -34.676  46.083 0.0000000000
59698  -41.775  -34.913  46.968 0.0000000000
59683  -43.102  -34.981  48.111 0.0000000000
59684  -43.792  -35.101  48.804 0.0000000000
59701  -44.581  -34.515  47.883 0.0000000000
59721  -45.382  -34.450  47.198 0.0000000000
59722  -45.978  -34.372  47.520 0.0000000000
60882  -44.814  -33.489  44.687 0.0000000000
60934  -41.840  -33.475  41.333 0.0000000000
62153  -42.912  -33.424  41.009 0.0000000000
62176  -43.745  -33.384  40.322 0.0000000000
62195  -43.642  -33.357  39.292 0.0000000000
62226  -43.081  -32.883  37.509 0.0000000000
35388  -25.788  -56.071  49.586 0.0000000000
35371  -26.496  -56.173  50.422 0.0000000000
35358  -27.233  -56.082  51.364 0.0000000000
35348  -27.826  -55.685  52.317 0.0000000000
36639  -30.720  -55.092  53.447 0.0000000000
42114  -30.595  -51.114  39.644 0.0000000000
40827  -30.112  -51.910  39.897 0.0000000000
40828  -30.906  -51.730  40.238 0.0000000000
39489  -30.868  -52.953  41.045 0.0000000000
38125  -31.343  -54.118  42.416 0.0000000000
38097  -31.094  -54.376  42.798 0.0000000000
38098  -31.838  -54.029  42.771 0.0000000000
38075  -33.051  -54.363  43.764 0.0000000000
44388  -35.858  -48.697  40.477 0.0000000000
44405  -35.255  -48.715  40.202 0.0000000000
42097  -35.538  -50.512  41.375 0.0000000000
39449  -37.458  -52.265  44.039 0.0000000000
38103  -36.230  -53.487  44.136 0.0000000000
38078  -35.576  -53.618  44.358 0.0000000000
38026  -37.545  -53.072  48.454 0.0000000000
32812  -18.582  -56.833  45.512 0.0000000000
32811  -17.995  -57.360  45.234 0.0000000000
31446  -16.986  -58.854  48.148 0.0000000000
32737  -20.557  -58.138  52.818 0.0000000000
67180  -48.001  -29.392  36.061 0.0000000000
67181  -48.484  -29.079  36.076 0.0000000000
65902  -50.322  -29.535  37.425 0.0000000000
68280  -52.934  -27.320  38.884 0.0000000000
68279  -52.288  -27.970  38.805 0.0000000000
68266  -52.785  -28.097  39.644 0.0000000000
68243  -53.937  -28.101  40.900 0.0000000000
67088  -54.018  -28.648  41.064 0.0000000000
65826  -55.089  -29.562  42.421 0.0000000000
67090  -55.338  -28.475  42.077 0.0000000000
68236  -56.537  -27.583  43.219 0.0000000000
74750  -53.509  -21.723  37.930 0.0000000000
73692  -53.887  -22.325  38.486 0.0000000000
73678  -54.595  -22.364  39.487 0.0000000000
73679  -55.057  -22.796  39.894 0.0000000000
72577  -55.240  -23.303  40.329 0.0000000000
81240  -56.976  -15.348  30.625 0.0000000000
82319  -57.630  -14.818  30.754 0.0000000000
82320  -58.116  -14.263  30.757 0.0000000000
85545  -61.138  -11.556  30.359 0.0000000000
85546  -61.592  -11.165  30.368 0.0000000000
85580  -62.752  -11.768  26.376 0.0000000000
85571  -62.991  -11.674  27.332 0.0000000000
85561  -63.102  -11.339  28.308 0.0000000000
86661  -62.970  -10.818  28.913 0.0000000000
87813  -63.724  -9.623  29.105 0.0000000000
88929  -66.260  -8.320  25.894 0.0000000000
52551  -42.699  -41.663  45.584 0.0000000000
52550  -42.275  -40.991  45.066 0.0000000000
54740  -40.952  -39.049  43.315 0.0000000000
55734  -40.851  -38.454  43.288 0.0000000000
38120  -26.631  -54.517  41.861 0.0000000000
50332  -37.977  -43.274  40.263 0.0000000000
50312  -38.463  -43.576  40.896 0.0000000000
49133  -39.398  -44.500  41.839 0.0000000000
47924  -41.117  -45.514  42.898 0.0000000000
46755  -41.873  -46.296  43.984 0.0000000000
47915  -41.548  -45.397  43.596 0.0000000000
49104  -41.691  -44.565  43.921 0.0000000000
50291  -41.743  -43.459  43.297 0.0000000000
50279  -41.984  -43.539  44.054 0.0000000000
51416  -42.295  -42.939  44.616 0.0000000000
62135  -47.357  -32.695  42.576 0.0000000000
62136  -48.374  -32.789  42.514 0.0000000000
62137  -49.326  -32.618  42.514 0.0000000000
62138  -50.103  -32.364  42.543 0.0000000000
62139  -50.762  -31.952  42.324 0.0000000000
63406  -51.470  -31.788  42.237 0.0000000000
78056  -54.339  -18.733  33.790 0.0000000000
78047  -54.764  -18.739  34.728 0.0000000000
78048  -55.243  -18.423  35.106 0.0000000000
79092  -55.688  -17.971  35.427 0.0000000000
79083  -56.045  -17.423  36.606 0.0000000000
80155  -56.936  -16.865  35.887 0.0000000000
80139  -56.521  -16.995  36.715 0.0000000000
80121  -56.591  -16.777  37.599 0.0000000000
80111  -56.712  -16.593  38.553 0.0000000000
80101  -57.539  -15.993  39.730 0.0000000000
83353  -60.337  -12.959  36.115 0.0000000000
84438  -60.791  -12.264  34.537 0.0000000000
84448  -60.402  -12.062  33.349 0.0000000000
27406  -12.753  -62.084  45.011 0.0000000000
26116  -13.007  -62.655  45.794 0.0000000000
23543  -12.978  -64.077  47.358 0.0000000000
57648  -40.609  -36.322  46.241 0.0000000000
58662  -40.795  -36.014  46.897 0.0000000000
58676  -40.449  -35.332  46.075 0.0000000000
59716  -40.758  -34.618  45.866 0.0000000000
60860  -39.752  -34.048  44.686 0.0000000000
59738  -40.332  -34.211  45.253 0.0000000000
59739  -41.393  -34.288  45.119 0.0000000000
59756  -42.561  -34.201  44.681 0.0000000000
60880  -42.983  -33.957  44.500 0.0000000000
59769  -42.302  -34.095  43.963 0.0000000000
60918  -41.830  -33.519  42.626 0.0000000000
62192  -41.191  -33.352  38.970 0.0000000000
35391  -28.319  -55.987  49.506 0.0000000000
35374  -29.143  -55.835  50.413 0.0000000000
35361  -29.975  -55.506  51.258 0.0000000000
36659  -30.697  -55.442  51.393 0.0000000000
36649  -30.671  -55.324  52.188 0.0000000000
36662  -33.810  -54.389  51.954 0.0000000000
43308  -30.531  -50.075  39.262 0.0000000000
42115  -31.536  -51.123  40.105 0.0000000000
42093  -32.087  -51.031  40.541 0.0000000000
40813  -32.944  -51.553  41.177 0.0000000000
43257  -38.045  -49.574  41.864 0.0000000000
43256  -37.466  -50.127  41.951 0.0000000000
42079  -37.839  -50.426  42.462 0.0000000000
42059  -38.366  -50.820  43.198 0.0000000000
40769  -39.795  -51.315  44.717 0.0000000000
40767  -38.048  -52.148  44.777 0.0000000000
40744  -37.835  -52.320  45.439 0.0000000000
39421  -37.896  -52.347  46.051 0.0000000000
39382  -37.643  -52.519  47.281 0.0000000000
39404  -38.153  -52.202  46.764 0.0000000000
40693  -39.011  -52.162  47.496 0.0000000000
40674  -40.199  -52.183  48.250 0.0000000000
40673  -39.798  -52.269  48.149 0.0000000000
35484  -19.191  -55.894  44.053 0.0000000000
34122  -19.189  -56.653  45.956 0.0000000000
32783  -18.539  -57.373  48.388 0.0000000000
34081  -18.942  -57.234  48.737 0.0000000000
32750  -20.651  -57.826  51.790 0.0000000000
68331  -49.055  -27.527  35.023 0.0000000000
69425  -49.654  -26.861  35.249 0.0000000000
69414  -50.140  -27.005  35.785 0.0000000000
69401  -51.015  -27.018  37.202 0.0000000000
69402  -51.611  -26.666  37.346 0.0000000000
69384  -52.970  -26.612  38.710 0.0000000000
69370  -53.407  -26.533  39.255 0.0000000000
69360  -54.282  -26.496  40.686 0.0000000000
81270  -57.202  -15.368  28.783 0.0000000000
82346  -57.329  -14.884  28.128 0.0000000000
82347  -58.308  -14.745  28.526 0.0000000000
85591  -63.211  -11.341  25.494 0.0000000000
85582  -64.054  -10.983  26.042 0.0000000000
86683  -64.298  -10.498  26.558 0.0000000000
87841  -65.425  -9.027  25.748 0.0000000000
28727  -15.888  -60.606  48.171 0.0000000000
27371  -15.571  -61.292  48.406 0.0000000000
53637  -42.807  -40.367  49.374 0.0000000000
55680  -42.013  -38.471  48.119 0.0000000000
55679  -41.561  -38.010  47.882 0.0000000000
53678  -42.518  -40.715  45.915 0.0000000000
54725  -41.827  -39.309  45.798 0.0000000000
55714  -41.328  -37.893  44.985 0.0000000000
55702  -41.632  -38.554  46.203 0.0000000000
56669  -41.288  -37.799  46.494 0.0000000000
58694  -39.598  -35.083  45.079 0.0000000000
58693  -39.104  -34.973  44.644 0.0000000000
60875  -38.294  -34.199  43.449 0.0000000000
60894  -37.987  -33.937  43.176 0.0000000000
60913  -36.869  -33.643  42.119 0.0000000000
34098  -23.018  -56.664  48.620 0.0000000000
34100  -24.696  -56.217  48.710 0.0000000000
34128  -24.288  -56.196  47.528 0.0000000000
34115  -24.826  -56.176  47.893 0.0000000000
34101  -25.166  -56.099  48.504 0.0000000000
35407  -25.726  -55.919  48.751 0.0000000000
35408  -26.548  -55.814  48.649 0.0000000000
35409  -27.486  -55.825  48.593 0.0000000000
35469  -25.953  -55.422  45.933 0.0000000000
35410  -28.444  -55.989  48.539 0.0000000000
35411  -29.419  -56.048  48.448 0.0000000000
35412  -30.364  -55.996  48.318 0.0000000000
35413  -31.268  -55.916  48.163 0.0000000000
47986  -35.614  -45.667  39.283 0.0000000000
46826  -35.831  -46.545  39.549 0.0000000000
45606  -35.921  -47.736  39.884 0.0000000000
45589  -36.251  -48.195  40.523 0.0000000000
44390  -37.417  -48.597  41.091 0.0000000000
47941  -37.864  -46.089  41.096 0.0000000000
47942  -38.416  -45.812  41.508 0.0000000000
46808  -38.122  -46.759  41.269 0.0000000000
44391  -37.984  -48.223  41.438 0.0000000000
44369  -37.939  -48.834  41.494 0.0000000000
43258  -39.056  -49.357  42.284 0.0000000000
42081  -39.438  -49.975  42.715 0.0000000000
43236  -41.071  -49.273  43.024 0.0000000000
42062  -40.921  -50.117  43.295 0.0000000000
42039  -41.256  -50.426  44.026 0.0000000000
42011  -42.141  -50.716  45.116 0.0000000000
40749  -42.419  -50.996  45.736 0.0000000000
41990  -42.990  -50.958  46.386 0.0000000000
41975  -43.536  -50.877  47.363 0.0000000000
43171  -44.875  -49.828  46.823 0.0000000000
43182  -45.101  -49.265  46.588 0.0000000000
43172  -45.498  -49.458  47.285 0.0000000000
44309  -46.189  -48.238  47.062 0.0000000000
46716  -46.508  -47.190  47.639 0.0000000000
46756  -42.449  -46.403  44.463 0.0000000000
46747  -43.553  -46.213  45.722 0.0000000000
46729  -42.310  -45.541  45.911 0.0000000000
46748  -44.387  -46.645  45.932 0.0000000000
46732  -44.855  -46.549  46.759 0.0000000000
46699  -45.668  -45.787  48.776 0.0000000000
47878  -43.621  -44.903  48.450 0.0000000000
47865  -43.874  -44.864  49.109 0.0000000000
36799  -19.766  -55.571  43.235 0.0000000000
36773  -20.032  -55.562  44.074 0.0000000000
35486  -20.249  -55.651  44.820 0.0000000000
36743  -21.117  -55.243  45.021 0.0000000000
36742  -20.806  -55.385  44.980 0.0000000000
34125  -21.778  -56.316  46.823 0.0000000000
60805  -48.517  -33.456  49.806 0.0000000000
62019  -50.433  -32.799  49.109 0.0000000000
62020  -51.327  -32.388  49.035 0.0000000000
63336  -50.411  -32.041  45.933 0.0000000000
63361  -50.259  -32.105  44.857 0.0000000000
64535  -53.930  -30.789  46.738 0.0000000000
74778  -50.511  -21.835  33.826 0.0000000000
73728  -51.443  -22.776  34.989 0.0000000000
74779  -51.217  -21.883  34.560 0.0000000000
74768  -52.340  -21.816  35.768 0.0000000000
75775  -52.992  -21.376  36.787 0.0000000000
76886  -52.701  -20.360  35.983 0.0000000000
75784  -52.767  -21.041  36.306 0.0000000000
74741  -53.925  -21.395  38.834 0.0000000000
74732  -54.059  -21.013  39.193 0.0000000000
78036  -54.570  -18.741  35.582 0.0000000000
78027  -54.467  -18.769  36.551 0.0000000000
78017  -54.452  -18.817  37.565 0.0000000000
78010  -55.330  -18.303  38.842 0.0000000000
78009  -54.688  -18.891  38.500 0.0000000000
76858  -54.558  -19.660  39.069 0.0000000000
16880  -10.204  -68.955  46.736 0.0000000000
64700  -44.907  -30.802  35.683 0.0000000000
64682  -46.275  -30.705  36.577 0.0000000000
65934  -45.288  -30.224  35.386 0.0000000000
65935  -46.211  -29.705  35.283 0.0000000000
65951  -46.260  -29.178  34.564 0.0000000000
67199  -46.858  -29.286  34.905 0.0000000000
67213  -47.728  -28.240  34.376 0.0000000000
68338  -47.329  -27.809  33.867 0.0000000000
68351  -46.106  -27.274  32.940 0.0000000000
68352  -47.035  -27.250  33.414 0.0000000000
68339  -48.046  -27.384  34.198 0.0000000000
69447  -48.493  -26.235  33.803 0.0000000000
71599  -47.532  -24.564  32.301 0.0000000000
71581  -48.006  -24.820  32.550 0.0000000000
71582  -48.702  -24.601  33.049 0.0000000000
72655  -48.927  -23.626  33.053 0.0000000000
73739  -49.630  -22.877  33.529 0.0000000000
74814  -48.238  -21.914  32.378 0.0000000000
74777  -50.025  -22.295  33.541 0.0000000000
74793  -50.211  -21.375  33.526 0.0000000000
75820  -51.188  -20.413  33.593 0.0000000000
75842  -50.274  -20.142  32.536 0.0000000000
76921  -51.052  -20.147  32.844 0.0000000000
76922  -52.033  -20.052  33.225 0.0000000000
76924  -53.450  -18.956  33.409 0.0000000000
78098  -49.890  -19.124  29.821 0.0000000000
78099  -50.766  -19.200  30.366 0.0000000000
78089  -51.265  -19.268  30.885 0.0000000000
78090  -51.775  -19.161  31.407 0.0000000000
78082  -52.993  -18.884  32.393 0.0000000000
78072  -53.998  -18.761  33.185 0.0000000000
78073  -54.914  -18.432  33.236 0.0000000000
79112  -55.340  -18.084  32.905 0.0000000000
79122  -55.558  -17.795  32.527 0.0000000000
80212  -54.740  -17.581  31.139 0.0000000000
80203  -56.118  -17.409  32.923 0.0000000000
81212  -57.128  -16.519  33.106 0.0000000000
81224  -57.671  -15.597  32.823 0.0000000000
82287  -57.934  -15.391  33.033 0.0000000000
82307  -57.075  -15.259  31.640 0.0000000000
81239  -56.236  -15.740  30.515 0.0000000000
82355  -55.544  -14.480  27.236 0.0000000000
26085  -14.692  -62.847  48.540 0.0000000000
26065  -14.289  -63.129  49.807 0.0000000000
26073  -14.551  -63.197  49.085 0.0000000000
26084  -14.388  -63.337  48.510 0.0000000000
24852  -13.978  -63.629  48.127 0.0000000000
23538  -13.574  -64.085  48.356 0.0000000000
23537  -12.981  -64.682  48.494 0.0000000000
24813  -12.996  -64.302  53.109 0.0000000000
23514  -12.882  -64.730  51.733 0.0000000000
22168  -12.345  -65.643  51.877 0.0000000000
22173  -12.748  -65.501  51.341 0.0000000000
23522  -13.182  -65.090  50.833 0.0000000000
22199  -12.565  -65.627  48.502 0.0000000000
22198  -12.188  -65.921  48.037 0.0000000000
16869  -10.242  -69.465  47.204 0.0000000000
15496  -10.721  -70.482  48.287 0.0000000000
60769  -47.807  -34.369  52.100 0.0000000000
60779  -47.911  -34.295  51.590 0.0000000000
57591  -41.993  -36.631  49.591 0.0000000000
58632  -41.989  -35.947  49.101 0.0000000000
57592  -42.453  -36.221  49.684 0.0000000000
58598  -43.196  -36.168  51.036 0.0000000000
59651  -44.936  -35.276  51.348 0.0000000000
59652  -45.760  -34.801  51.008 0.0000000000
59671  -46.686  -34.170  50.254 0.0000000000
60803  -46.891  -34.010  49.886 0.0000000000
60848  -47.472  -33.529  47.048 0.0000000000
60900  -44.044  -33.541  43.914 0.0000000000
60921  -44.438  -33.337  43.350 0.0000000000
60901  -44.798  -33.250  43.804 0.0000000000
62109  -45.319  -33.028  43.822 0.0000000000
62197  -45.391  -32.817  39.414 0.0000000000
63451  -45.697  -32.276  38.285 0.0000000000
63460  -45.441  -31.810  37.295 0.0000000000
60931  -36.695  -33.542  41.315 0.0000000000
62191  -37.952  -33.270  40.128 0.0000000000
60966  -39.417  -33.398  39.292 0.0000000000
62204  -40.916  -33.387  38.278 0.0000000000
62225  -42.280  -33.084  37.423 0.0000000000
62251  -43.464  -32.442  36.822 0.0000000000
63470  -42.600  -32.232  35.963 0.0000000000
63472  -44.121  -31.869  36.437 0.0000000000
64680  -44.777  -31.323  36.046 0.0000000000
34086  -23.730  -56.541  49.550 0.0000000000
34059  -24.498  -56.551  51.505 0.0000000000
35356  -25.709  -56.268  51.296 0.0000000000
39466  -27.079  -54.188  41.050 0.0000000000
38121  -27.651  -54.585  41.835 0.0000000000
38094  -28.250  -54.640  42.706 0.0000000000
36810  -30.866  -54.875  43.314 0.0000000000
36753  -31.304  -55.395  45.120 0.0000000000
35475  -31.270  -55.538  45.618 0.0000000000
35454  -31.620  -55.537  46.091 0.0000000000
35455  -32.281  -55.368  46.437 0.0000000000
44403  -33.305  -48.900  39.627 0.0000000000
43288  -33.683  -49.588  40.147 0.0000000000
42117  -33.080  -50.302  40.459 0.0000000000
42095  -33.474  -50.860  41.009 0.0000000000
40791  -33.222  -52.052  41.844 0.0000000000
42077  -35.978  -50.909  41.996 0.0000000000
40794  -35.639  -51.582  42.306 0.0000000000
40793  -34.827  -51.659  42.057 0.0000000000
40792  -34.053  -51.968  42.037 0.0000000000
39445  -33.133  -53.468  42.745 0.0000000000
38100  -33.460  -53.881  43.438 0.0000000000
38076  -33.730  -54.156  44.060 0.0000000000
38077  -34.498  -53.885  44.153 0.0000000000
38061  -33.916  -54.288  44.891 0.0000000000
36723  -33.331  -54.830  46.237 0.0000000000
36704  -33.470  -54.814  47.210 0.0000000000
36693  -34.254  -54.316  48.872 0.0000000000
38023  -35.071  -53.916  49.482 0.0000000000
38039  -37.557  -52.887  47.804 0.0000000000
31483  -15.963  -59.214  44.809 0.0000000000
30124  -16.005  -59.989  45.991 0.0000000000
28737  -15.928  -60.507  47.369 0.0000000000
30080  -16.177  -60.073  48.774 0.0000000000
32748  -18.866  -58.187  52.165 0.0000000000
64668  -47.410  -30.613  37.346 0.0000000000
64655  -48.570  -30.737  38.219 0.0000000000
65900  -48.625  -30.071  37.284 0.0000000000
64642  -48.746  -30.890  39.299 0.0000000000
64631  -49.780  -30.750  40.083 0.0000000000
63420  -51.378  -31.471  41.376 0.0000000000
63421  -52.025  -31.366  41.568 0.0000000000
67183  -50.178  -28.381  36.568 0.0000000000
67160  -50.822  -28.619  37.310 0.0000000000
65887  -51.282  -29.441  38.630 0.0000000000
67124  -52.233  -28.761  39.447 0.0000000000
65872  -51.579  -29.481  39.312 0.0000000000
64633  -51.349  -30.410  40.429 0.0000000000
64620  -52.611  -30.778  41.373 0.0000000000
63407  -52.594  -31.515  42.328 0.0000000000
63395  -53.785  -31.363  43.526 0.0000000000
63383  -54.460  -30.865  44.227 0.0000000000
64580  -55.509  -30.125  44.736 0.0000000000
65815  -55.341  -29.864  43.066 0.0000000000
72628  -51.880  -23.458  35.654 0.0000000000
72616  -52.164  -23.627  36.313 0.0000000000
71538  -52.538  -24.354  37.381 0.0000000000
72600  -53.697  -23.310  38.488 0.0000000000
72599  -53.082  -23.859  38.036 0.0000000000
71524  -52.946  -24.747  38.172 0.0000000000
71499  -53.993  -25.195  39.679 0.0000000000
70448  -53.991  -25.577  40.015 0.0000000000
70449  -54.508  -25.847  40.583 0.0000000000
70441  -55.591  -25.858  41.811 0.0000000000
69343  -56.097  -26.648  42.491 0.0000000000
83384  -58.556  -13.633  32.470 0.0000000000
83385  -59.196  -12.997  32.800 0.0000000000
83408  -58.653  -13.741  30.699 0.0000000000
83398  -58.922  -13.105  31.234 0.0000000000
85522  -61.018  -11.454  33.247 0.0000000000
86615  -62.469  -10.333  32.929 0.0000000000
83421  -61.064  -13.007  28.951 0.0000000000
86649  -62.057  -10.844  30.088 0.0000000000
86643  -62.652  -10.020  30.615 0.0000000000
88916  -65.185  -8.655  27.330 0.0000000000
88909  -65.748  -7.940  27.933 0.0000000000
20878  -12.441  -66.384  49.077 0.0000000000
20886  -12.556  -66.139  48.810 0.0000000000
22169  -12.511  -65.163  51.899 0.0000000000
22188  -12.407  -66.377  49.477 0.0000000000
22207  -12.110  -65.570  47.757 0.0000000000
24860  -13.310  -63.616  46.927 0.0000000000
26095  -14.726  -62.517  47.679 0.0000000000
26105  -13.368  -63.023  46.379 0.0000000000
32736  -19.626  -58.428  52.882 0.0000000000
32765  -22.470  -57.290  51.078 0.0000000000
34068  -21.916  -57.227  50.260 0.0000000000
34114  -24.092  -56.180  48.001 0.0000000000
34116  -25.317  -56.103  48.222 0.0000000000
35370  -25.547  -56.234  50.412 0.0000000000
35387  -25.126  -56.176  49.505 0.0000000000
35426  -24.963  -56.070  47.550 0.0000000000
35434  -32.183  -55.482  47.012 0.0000000000
35485  -19.808  -55.724  44.407 0.0000000000
36787  -33.339  -54.542  44.435 0.0000000000
38064  -36.683  -53.167  45.538 0.0000000000
38074  -32.256  -54.484  43.484 0.0000000000
39402  -37.126  -52.956  46.046 0.0000000000
39431  -34.580  -53.754  43.657 0.0000000000
39443  -31.931  -53.764  42.430 0.0000000000
40771  -41.589  -50.729  44.691 0.0000000000
40811  -31.198  -52.077  40.798 0.0000000000
40815  -34.320  -51.496  41.699 0.0000000000
42061  -40.136  -50.272  43.105 0.0000000000
43195  -44.456  -49.174  45.666 0.0000000000
43213  -43.176  -49.137  44.289 0.0000000000
43260  -40.582  -48.898  42.681 0.0000000000
43285  -31.108  -50.635  39.631 0.0000000000
43310  -32.179  -49.159  39.516 0.0000000000
44318  -43.929  -48.718  44.935 0.0000000000
45512  -45.030  -47.129  46.149 0.0000000000
45521  -44.634  -47.497  45.483 0.0000000000
45532  -43.762  -47.405  44.647 0.0000000000
45533  -44.158  -47.432  45.045 0.0000000000
45552  -42.413  -47.646  43.654 0.0000000000
46712  -43.141  -45.492  47.180 0.0000000000
46733  -45.509  -46.980  46.679 0.0000000000
47866  -44.419  -45.035  49.560 0.0000000000
47880  -44.872  -45.384  49.063 0.0000000000
47931  -39.006  -45.998  41.945 0.0000000000
47967  -37.475  -45.798  40.696 0.0000000000
49054  -43.558  -44.531  49.152 0.0000000000
49077  -42.336  -44.873  46.341 0.0000000000
49114  -40.742  -45.060  42.726 0.0000000000
49152  -36.144  -45.187  39.243 0.0000000000
53677  -41.967  -40.138  45.416 0.0000000000
54716  -42.024  -39.781  46.990 0.0000000000
56614  -42.142  -37.725  49.693 0.0000000000
56668  -41.030  -37.001  46.687 0.0000000000
57628  -40.955  -36.488  46.961 0.0000000000
58618  -44.147  -35.480  50.943 0.0000000000
59638  -48.442  -34.336  51.970 0.0000000000
59654  -47.527  -34.359  51.212 0.0000000000
59741  -43.352  -34.510  45.678 0.0000000000
59752  -38.273  -34.494  43.530 0.0000000000
59754  -39.354  -34.375  44.523 0.0000000000
59770  -42.415  -34.125  44.200 0.0000000000
60789  -47.041  -34.162  50.401 0.0000000000
60816  -46.616  -34.122  49.230 0.0000000000
60831  -48.558  -33.369  47.993 0.0000000000
60845  -44.601  -34.365  46.215 0.0000000000
60861  -39.980  -33.948  44.776 0.0000000000
60863  -43.731  -34.209  45.392 0.0000000000
60883  -45.461  -33.324  44.958 0.0000000000
60893  -37.342  -33.775  42.728 0.0000000000
62043  -51.340  -32.151  48.591 0.0000000000
62114  -49.802  -32.558  43.331 0.0000000000
62115  -50.591  -32.338  43.203 0.0000000000
62116  -51.120  -32.070  42.810 0.0000000000
62128  -37.281  -33.263  41.722 0.0000000000
62130  -38.225  -33.325  42.126 0.0000000000
62140  -51.100  -31.911  42.474 0.0000000000
62149  -37.620  -33.094  41.368 0.0000000000
62152  -42.473  -33.493  40.668 0.0000000000
62160  -49.766  -32.087  41.834 0.0000000000
62161  -50.261  -31.959  42.038 0.0000000000
63263  -51.555  -32.042  48.732 0.0000000000
63286  -50.989  -32.123  47.784 0.0000000000
63396  -54.308  -31.104  43.980 0.0000000000
63405  -51.040  -31.739  41.804 0.0000000000
63408  -53.221  -31.529  42.893 0.0000000000
63417  -49.138  -31.790  40.766 0.0000000000
63434  -50.006  -31.279  40.570 0.0000000000
63442  -46.790  -32.185  39.300 0.0000000000
63443  -47.570  -31.593  39.271 0.0000000000
64534  -53.613  -30.841  46.728 0.0000000000
64557  -53.647  -30.836  46.437 0.0000000000
64578  -54.080  -30.669  45.157 0.0000000000
64592  -55.240  -30.302  44.129 0.0000000000
64604  -52.987  -30.875  41.920 0.0000000000
64619  -51.799  -30.636  41.009 0.0000000000
64621  -53.311  -30.494  41.486 0.0000000000
64630  -49.169  -30.891  39.963 0.0000000000
64644  -50.217  -30.406  39.576 0.0000000000
64656  -49.222  -30.562  38.534 0.0000000000
64667  -46.556  -31.000  37.443 0.0000000000
65827  -55.567  -29.477  42.896 0.0000000000
65844  -53.568  -29.583  41.183 0.0000000000
65855  -51.211  -29.959  39.962 0.0000000000
65857  -52.611  -29.466  40.516 0.0000000000
65858  -53.040  -29.265  40.793 0.0000000000
65885  -49.840  -30.051  38.177 0.0000000000
65899  -47.926  -30.033  37.106 0.0000000000
65918  -48.255  -29.690  36.546 0.0000000000
67049  -56.197  -28.881  43.313 0.0000000000
67067  -55.287  -28.865  42.171 0.0000000000
67089  -54.849  -28.672  41.714 0.0000000000
67106  -52.921  -28.684  40.275 0.0000000000
67141  -51.219  -29.028  38.062 0.0000000000
67142  -51.703  -28.751  38.508 0.0000000000
67159  -50.105  -29.049  36.864 0.0000000000
67202  -49.291  -27.930  35.683 0.0000000000
68252  -53.069  -28.224  40.128 0.0000000000
68265  -52.415  -28.268  39.311 0.0000000000
68281  -53.262  -26.894  38.984 0.0000000000
68332  -49.496  -27.498  35.468 0.0000000000
68353  -47.565  -27.286  33.770 0.0000000000
69359  -53.849  -26.544  40.049 0.0000000000
69369  -53.100  -26.172  38.969 0.0000000000
69383  -52.364  -26.794  38.179 0.0000000000
69385  -53.206  -26.561  38.954 0.0000000000
69415  -50.619  -26.811  36.354 0.0000000000
69416  -51.104  -26.582  36.899 0.0000000000
69424  -49.199  -27.057  34.869 0.0000000000
69426  -50.197  -26.635  35.726 0.0000000000
69432  -48.210  -26.906  34.117 0.0000000000
69434  -49.489  -26.410  34.757 0.0000000000
70440  -55.084  -25.658  41.159 0.0000000000
70456  -53.107  -25.889  38.909 0.0000000000
70473  -52.427  -26.178  38.099 0.0000000000
70521  -48.859  -25.874  33.955 0.0000000000
71525  -53.505  -24.254  38.619 0.0000000000
71545  -52.395  -23.786  36.802 0.0000000000
71567  -50.537  -24.281  34.432 0.0000000000
71583  -49.331  -24.346  33.371 0.0000000000
71598  -47.012  -24.432  32.287 0.0000000000
72567  -55.821  -23.326  41.139 0.0000000000
72576  -54.716  -23.789  40.079 0.0000000000
72584  -54.500  -23.303  39.501 0.0000000000
72601  -54.165  -23.333  38.959 0.0000000000
72610  -53.269  -23.303  37.958 0.0000000000
72629  -52.272  -23.260  36.124 0.0000000000
72675  -48.407  -23.670  32.540 0.0000000000
73701  -53.423  -22.734  37.931 0.0000000000
73718  -52.426  -22.684  36.082 0.0000000000
73727  -50.845  -22.708  34.271 0.0000000000
74742  -54.262  -22.035  39.021 0.0000000000
74758  -52.775  -21.877  36.459 0.0000000000
74767  -51.769  -21.866  35.148 0.0000000000
74791  -48.771  -22.305  32.845 0.0000000000
75758  -53.878  -20.859  39.000 0.0000000000
75759  -54.242  -20.494  39.200 0.0000000000
76849  -54.631  -20.017  39.599 0.0000000000
76898  -52.557  -20.069  35.342 0.0000000000
76909  -54.341  -18.869  34.348 0.0000000000
76923  -52.913  -19.293  33.300 0.0000000000
76960  -50.341  -19.526  30.819 0.0000000000
78057  -54.859  -18.636  34.021 0.0000000000
78058  -55.341  -18.443  34.273 0.0000000000
78071  -53.415  -18.891  32.951 0.0000000000
78081  -52.261  -19.048  32.113 0.0000000000
78093  -54.144  -18.557  31.936 0.0000000000
78102  -53.146  -18.511  31.122 0.0000000000
79041  -56.208  -17.657  39.898 0.0000000000
79082  -55.581  -17.866  36.358 0.0000000000
79114  -56.277  -17.829  34.136 0.0000000000
79129  -53.895  -18.196  31.295 0.0000000000
79131  -55.242  -17.859  31.963 0.0000000000
80154  -56.496  -17.237  36.023 0.0000000000
80172  -56.754  -17.322  35.199 0.0000000000
80238  -55.392  -16.499  30.092 0.0000000000
85592  -63.820  -11.120  25.702 0.0000000000
