#!ascii label  , from subject S5_07 vox2ras=TkReg
1280
32747  -11.369  -56.277  51.418 0.0000000000
52565  -36.889  -42.003  43.823 0.0000000000
59735  -32.085  -34.680  45.608 0.0000000000
44384  -27.821  -47.156  43.772 0.0000000000
73713  -41.652  -22.136  35.166 0.0000000000
68274  -36.156  -27.507  38.631 0.0000000000
49009  -35.666  -44.311  50.569 0.0000000000
47928  -31.661  -44.789  44.198 0.0000000000
76865  -46.567  -19.599  39.214 0.0000000000
81164  -49.901  -15.186  37.918 0.0000000000
83362  -52.102  -12.566  35.304 0.0000000000
63276  -33.299  -31.111  48.786 0.0000000000
63403  -32.397  -30.791  42.468 0.0000000000
64574  -36.186  -29.156  44.623 0.0000000000
67118  -41.270  -26.534  39.916 0.0000000000
45526  -21.046  -46.786  44.542 0.0000000000
28650  -10.286  -59.553  53.988 0.0000000000
56667  -34.075  -39.874  47.580 0.0000000000
58562  -30.844  -35.566  52.928 0.0000000000
49144  -23.479  -44.683  39.998 0.0000000000
50355  -27.871  -43.431  38.074 0.0000000000
84480  -51.462  -12.308  28.596 0.0000000000
85521  -54.189  -10.417  33.843 0.0000000000
68326  -39.911  -25.987  35.449 0.0000000000
71534  -44.983  -24.185  38.304 0.0000000000
35405  -13.189  -53.709  48.221 0.0000000000
22187  -8.589  -63.679  48.792 0.0000000000
79048  -47.940  -17.417  39.059 0.0000000000
63356  -34.777  -29.785  45.934 0.0000000000
43221  -18.981  -48.505  42.594 0.0000000000
31368  -10.918  -57.656  53.920 0.0000000000
55733  -35.484  -40.401  43.151 0.0000000000
54724  -35.241  -40.974  46.186 0.0000000000
46798  -25.815  -44.916  42.214 0.0000000000
47982  -25.666  -44.220  38.676 0.0000000000
47961  -27.445  -43.739  41.255 0.0000000000
49121  -34.131  -42.590  44.232 0.0000000000
50307  -32.332  -42.366  42.078 0.0000000000
51475  -35.222  -42.080  41.036 0.0000000000
43249  -27.029  -47.615  44.207 0.0000000000
45543  -24.752  -46.622  43.577 0.0000000000
81236  -46.454  -15.206  31.132 0.0000000000
83416  -50.158  -12.951  29.180 0.0000000000
84446  -52.488  -11.879  33.960 0.0000000000
64640  -34.117  -28.939  39.678 0.0000000000
67175  -38.179  -27.335  36.126 0.0000000000
68294  -43.397  -26.209  38.917 0.0000000000
41981  -16.479  -48.912  46.973 0.0000000000
40665  -15.036  -50.224  48.757 0.0000000000
37992  -14.050  -51.874  51.146 0.0000000000
38046  -14.061  -52.963  46.183 0.0000000000
24859  -9.603  -63.654  47.336 0.0000000000
50249  -35.581  -43.071  47.768 0.0000000000
53636  -35.443  -41.741  49.569 0.0000000000
52442  -35.305  -41.883  53.059 0.0000000000
43253  -30.426  -47.920  44.784 0.0000000000
46802  -29.498  -45.442  43.512 0.0000000000
45546  -32.619  -46.879  45.409 0.0000000000
47904  -34.729  -45.233  46.678 0.0000000000
75782  -43.920  -20.396  37.148 0.0000000000
78034  -45.522  -17.953  37.136 0.0000000000
81195  -47.285  -15.577  34.593 0.0000000000
81220  -48.834  -14.563  33.553 0.0000000000
83379  -50.077  -13.479  32.731 0.0000000000
81175  -51.203  -14.358  36.416 0.0000000000
60828  -31.699  -32.955  47.704 0.0000000000
62107  -32.105  -32.539  43.639 0.0000000000
63373  -32.783  -30.754  44.701 0.0000000000
64585  -34.693  -29.578  43.118 0.0000000000
65837  -35.906  -27.844  41.855 0.0000000000
65867  -38.073  -27.154  39.865 0.0000000000
65824  -38.924  -27.832  42.854 0.0000000000
43187  -20.331  -48.192  46.605 0.0000000000
41999  -16.809  -48.533  45.292 0.0000000000
88896  -54.779  -8.677  28.916 0.0000000000
27272  -9.128  -59.610  54.554 0.0000000000
55720  -34.462  -39.645  43.416 0.0000000000
57625  -32.412  -37.027  47.575 0.0000000000
56580  -34.632  -38.913  50.999 0.0000000000
58614  -32.783  -37.652  50.430 0.0000000000
59667  -31.818  -35.340  49.059 0.0000000000
61948  -31.670  -32.943  51.767 0.0000000000
49149  -29.672  -42.837  41.172 0.0000000000
43222  -23.256  -47.606  45.252 0.0000000000
46777  -21.766  -45.796  42.528 0.0000000000
83394  -50.831  -12.486  32.085 0.0000000000
85535  -51.595  -11.317  30.738 0.0000000000
86639  -53.053  -9.843  30.287 0.0000000000
87776  -54.666  -9.158  32.581 0.0000000000
32789  -11.667  -57.290  47.575 0.0000000000
30079  -10.403  -58.470  49.762 0.0000000000
70518  -40.457  -25.179  34.660 0.0000000000
67154  -40.372  -26.591  38.169 0.0000000000
69422  -41.639  -25.390  36.767 0.0000000000
73716  -43.324  -23.104  37.149 0.0000000000
73690  -45.893  -22.066  38.894 0.0000000000
34067  -12.207  -54.850  50.180 0.0000000000
27346  -9.712  -60.409  50.244 0.0000000000
26050  -9.325  -60.694  51.843 0.0000000000
24810  -7.670  -60.780  52.030 0.0000000000
32732  -11.101  -57.206  52.185 0.0000000000
52584  -36.926  -41.427  41.824 0.0000000000
53696  -36.033  -41.442  43.470 0.0000000000
53697  -36.200  -41.791  44.434 0.0000000000
45603  -26.591  -45.204  42.427 0.0000000000
46820  -26.202  -44.578  41.561 0.0000000000
46800  -27.643  -45.378  42.861 0.0000000000
51443  -35.672  -42.357  43.553 0.0000000000
51455  -35.229  -42.028  41.982 0.0000000000
52583  -36.508  -41.906  41.844 0.0000000000
52602  -36.181  -41.737  40.889 0.0000000000
43270  -28.054  -47.737  44.156 0.0000000000
42052  -28.081  -48.545  44.867 0.0000000000
44361  -27.512  -47.497  44.040 0.0000000000
44382  -26.481  -46.672  43.514 0.0000000000
82330  -48.762  -13.924  29.735 0.0000000000
58691  -31.873  -36.045  45.473 0.0000000000
59750  -31.978  -34.638  44.438 0.0000000000
65864  -34.993  -28.151  39.252 0.0000000000
65895  -35.522  -28.755  36.870 0.0000000000
67152  -36.813  -27.644  37.426 0.0000000000
40730  -15.362  -50.768  45.804 0.0000000000
41968  -15.566  -49.839  48.085 0.0000000000
39392  -14.818  -51.434  46.369 0.0000000000
39344  -14.497  -51.419  48.227 0.0000000000
38047  -14.591  -52.291  45.806 0.0000000000
49052  -35.389  -43.873  48.662 0.0000000000
51348  -35.636  -42.756  50.062 0.0000000000
50193  -35.695  -43.417  50.973 0.0000000000
42057  -31.791  -48.484  45.820 0.0000000000
44366  -31.111  -46.949  45.034 0.0000000000
43233  -32.583  -47.842  45.652 0.0000000000
45491  -35.710  -46.263  49.601 0.0000000000
45510  -34.767  -46.743  47.586 0.0000000000
46711  -35.244  -45.349  48.530 0.0000000000
49075  -35.176  -43.878  47.034 0.0000000000
75774  -45.655  -20.485  38.315 0.0000000000
76873  -44.715  -19.153  37.441 0.0000000000
78024  -45.713  -18.600  37.618 0.0000000000
80109  -49.258  -15.864  38.681 0.0000000000
80115  -47.788  -16.219  37.522 0.0000000000
80150  -48.887  -15.544  35.602 0.0000000000
80187  -47.653  -15.141  34.130 0.0000000000
80170  -49.310  -15.456  34.911 0.0000000000
80190  -49.728  -14.665  34.732 0.0000000000
80137  -50.194  -14.821  36.512 0.0000000000
62053  -31.966  -31.845  47.693 0.0000000000
62069  -31.959  -32.026  46.821 0.0000000000
63328  -32.472  -31.190  47.255 0.0000000000
63375  -35.249  -29.387  45.061 0.0000000000
63374  -34.140  -29.712  44.844 0.0000000000
64586  -35.208  -29.421  43.397 0.0000000000
64600  -34.991  -28.964  42.840 0.0000000000
64601  -36.081  -28.699  42.742 0.0000000000
65822  -37.023  -27.879  42.582 0.0000000000
64603  -37.272  -28.389  42.978 0.0000000000
43204  -21.853  -48.076  45.734 0.0000000000
42002  -21.689  -48.779  46.613 0.0000000000
44315  -20.495  -47.434  45.829 0.0000000000
43202  -17.852  -48.155  44.063 0.0000000000
88890  -55.237  -8.122  29.734 0.0000000000
88891  -55.790  -7.635  29.185 0.0000000000
28636  -10.428  -59.940  55.034 0.0000000000
55712  -34.723  -40.485  45.732 0.0000000000
55721  -34.953  -39.967  44.078 0.0000000000
55700  -33.994  -39.859  46.529 0.0000000000
56682  -32.805  -38.649  45.496 0.0000000000
56646  -33.149  -38.345  48.012 0.0000000000
55636  -34.688  -40.178  52.364 0.0000000000
54686  -34.874  -40.689  50.319 0.0000000000
55635  -34.616  -39.577  52.703 0.0000000000
58548  -31.514  -36.461  54.346 0.0000000000
57544  -32.868  -37.321  52.657 0.0000000000
58579  -31.456  -36.321  52.193 0.0000000000
58613  -31.844  -36.425  49.939 0.0000000000
58594  -30.983  -35.121  51.314 0.0000000000
59648  -31.020  -34.054  50.605 0.0000000000
60763  -31.216  -33.602  52.163 0.0000000000
47983  -26.513  -43.996  38.302 0.0000000000
46804  -30.788  -45.133  43.951 0.0000000000
46824  -29.784  -44.526  43.158 0.0000000000
49128  -30.589  -43.438  42.830 0.0000000000
50343  -30.969  -42.352  40.178 0.0000000000
43207  -24.642  -47.946  45.427 0.0000000000
46796  -23.642  -45.256  42.156 0.0000000000
46778  -22.941  -45.671  42.837 0.0000000000
47936  -22.577  -45.431  40.695 0.0000000000
46817  -21.911  -46.219  40.503 0.0000000000
82297  -51.141  -13.012  33.531 0.0000000000
83393  -50.077  -12.874  31.690 0.0000000000
82298  -51.490  -12.642  33.543 0.0000000000
85520  -53.311  -11.042  33.665 0.0000000000
85527  -52.565  -11.088  32.714 0.0000000000
86620  -53.053  -10.539  32.039 0.0000000000
85544  -52.767  -10.427  30.732 0.0000000000
86631  -53.338  -10.050  31.321 0.0000000000
87783  -53.679  -9.337  31.181 0.0000000000
86614  -54.426  -9.668  33.491 0.0000000000
62108  -32.104  -31.623  43.032 0.0000000000
62126  -31.755  -32.743  42.357 0.0000000000
70534  -40.452  -25.324  33.797 0.0000000000
69420  -40.269  -25.581  35.224 0.0000000000
65869  -39.798  -26.994  39.901 0.0000000000
67134  -39.689  -26.605  38.425 0.0000000000
67136  -41.193  -26.361  39.175 0.0000000000
69399  -43.734  -25.749  38.488 0.0000000000
69423  -42.285  -25.598  37.551 0.0000000000
70501  -43.825  -24.885  37.714 0.0000000000
71553  -43.108  -24.110  37.099 0.0000000000
71555  -44.279  -23.642  37.656 0.0000000000
73708  -44.524  -22.826  37.507 0.0000000000
72607  -45.816  -23.326  38.733 0.0000000000
38008  -13.722  -52.148  49.720 0.0000000000
36669  -13.046  -53.595  50.020 0.0000000000
35368  -12.527  -54.097  50.704 0.0000000000
35385  -12.738  -54.196  49.515 0.0000000000
34107  -12.094  -55.695  47.373 0.0000000000
34108  -12.747  -55.095  46.869 0.0000000000
28726  -10.598  -60.095  47.760 0.0000000000
28700  -10.022  -59.743  49.717 0.0000000000
27369  -10.365  -60.773  48.243 0.0000000000
23536  -9.304  -64.023  48.121 0.0000000000
24843  -9.448  -62.486  49.435 0.0000000000
24836  -9.154  -63.008  49.904 0.0000000000
24820  -8.521  -61.508  51.007 0.0000000000
23512  -7.988  -62.637  49.877 0.0000000000
43179  -34.417  -48.454  47.140 0.0000000000
76848  -48.163  -19.392  41.229 0.0000000000
78007  -47.497  -18.182  39.668 0.0000000000
79032  -48.550  -17.532  40.930 0.0000000000
63304  -34.179  -30.402  47.799 0.0000000000
45557  -19.818  -47.124  42.686 0.0000000000
45525  -19.934  -46.743  44.281 0.0000000000
30035  -11.567  -57.816  54.345 0.0000000000
30034  -10.882  -58.232  54.215 0.0000000000
54746  -36.220  -40.708  42.761 0.0000000000
54739  -35.678  -40.996  43.906 0.0000000000
54723  -34.879  -40.921  46.896 0.0000000000
60734  -31.246  -33.413  54.246 0.0000000000
46818  -24.696  -44.443  40.834 0.0000000000
47958  -24.728  -44.423  40.009 0.0000000000
47959  -25.484  -44.221  40.019 0.0000000000
47960  -26.448  -43.801  40.108 0.0000000000
49146  -27.560  -43.526  39.957 0.0000000000
49110  -32.822  -43.911  44.983 0.0000000000
49129  -31.208  -43.129  43.078 0.0000000000
50308  -33.120  -42.387  42.817 0.0000000000
51453  -33.390  -42.069  41.559 0.0000000000
52614  -34.888  -40.578  39.497 0.0000000000
42050  -26.325  -48.444  45.200 0.0000000000
43224  -24.981  -47.578  44.947 0.0000000000
44360  -25.920  -47.098  43.849 0.0000000000
45581  -25.714  -46.110  42.640 0.0000000000
80209  -45.203  -16.014  32.019 0.0000000000
83417  -50.882  -13.035  28.709 0.0000000000
84401  -53.423  -12.705  37.008 0.0000000000
84436  -52.679  -11.969  35.186 0.0000000000
64628  -33.261  -29.777  40.261 0.0000000000
67197  -38.042  -27.992  35.027 0.0000000000
67198  -38.692  -27.141  35.451 0.0000000000
67099  -42.295  -26.460  40.842 0.0000000000
67137  -42.036  -26.371  39.277 0.0000000000
67121  -43.773  -26.314  40.271 0.0000000000
41970  -17.908  -48.670  48.065 0.0000000000
41957  -17.572  -49.051  48.834 0.0000000000
40634  -16.490  -49.906  51.023 0.0000000000
39319  -14.671  -50.725  49.476 0.0000000000
39343  -14.348  -52.095  48.412 0.0000000000
36702  -13.607  -53.518  47.261 0.0000000000
35442  -13.671  -54.817  46.430 0.0000000000
36741  -14.518  -53.897  45.850 0.0000000000
51424  -36.070  -42.128  45.304 0.0000000000
52549  -35.805  -41.940  46.158 0.0000000000
52516  -35.733  -42.181  48.577 0.0000000000
53611  -35.241  -41.682  51.238 0.0000000000
44385  -28.710  -47.329  43.809 0.0000000000
45585  -29.121  -46.411  43.649 0.0000000000
45586  -30.235  -46.436  43.930 0.0000000000
45587  -30.831  -45.959  44.143 0.0000000000
46783  -31.858  -45.704  44.535 0.0000000000
44330  -33.811  -47.576  46.391 0.0000000000
45548  -33.413  -46.570  45.806 0.0000000000
47921  -33.071  -44.918  45.200 0.0000000000
49102  -34.352  -43.830  45.901 0.0000000000
49113  -35.225  -42.888  45.323 0.0000000000
43229  -29.381  -48.407  44.845 0.0000000000
74754  -42.522  -21.436  36.243 0.0000000000
75802  -41.816  -20.392  34.970 0.0000000000
76895  -42.541  -19.808  35.622 0.0000000000
78045  -43.547  -18.063  35.455 0.0000000000
80145  -44.707  -16.715  35.435 0.0000000000
79067  -46.672  -17.352  37.472 0.0000000000
80132  -46.265  -16.491  36.325 0.0000000000
80185  -46.158  -16.291  33.511 0.0000000000
80199  -46.199  -15.935  32.689 0.0000000000
81229  -46.936  -14.652  31.866 0.0000000000
82317  -48.021  -13.784  31.072 0.0000000000
83405  -48.714  -13.385  31.241 0.0000000000
83377  -49.035  -14.058  32.776 0.0000000000
81222  -50.241  -14.174  33.886 0.0000000000
82262  -51.655  -13.741  35.835 0.0000000000
82231  -51.668  -14.295  38.806 0.0000000000
83322  -52.983  -13.111  37.588 0.0000000000
59713  -32.366  -33.999  46.626 0.0000000000
59734  -32.315  -34.120  45.137 0.0000000000
60858  -32.026  -33.274  45.494 0.0000000000
62093  -31.964  -32.062  44.731 0.0000000000
63388  -32.745  -30.713  43.425 0.0000000000
63355  -33.628  -30.327  45.876 0.0000000000
63389  -34.059  -29.962  43.602 0.0000000000
63404  -33.306  -30.150  42.618 0.0000000000
64599  -34.219  -29.478  42.629 0.0000000000
65850  -35.037  -28.307  40.480 0.0000000000
65851  -35.954  -27.594  40.663 0.0000000000
65866  -36.827  -27.026  39.484 0.0000000000
65852  -36.978  -27.349  40.813 0.0000000000
65854  -38.798  -27.292  41.177 0.0000000000
67079  -39.887  -27.196  41.299 0.0000000000
65825  -39.764  -27.628  42.921 0.0000000000
67081  -41.466  -26.821  41.810 0.0000000000
41983  -19.699  -48.373  47.308 0.0000000000
44324  -18.685  -47.514  45.188 0.0000000000
44304  -18.608  -47.640  46.200 0.0000000000
41982  -17.752  -48.223  46.752 0.0000000000
41998  -16.253  -49.265  45.593 0.0000000000
56681  -32.374  -37.432  45.913 0.0000000000
58674  -31.988  -35.966  46.860 0.0000000000
53654  -35.641  -41.425  47.955 0.0000000000
54702  -34.875  -40.946  48.465 0.0000000000
55677  -34.244  -39.818  49.030 0.0000000000
57576  -33.426  -38.242  50.651 0.0000000000
56611  -33.547  -38.658  49.338 0.0000000000
57607  -33.091  -37.504  49.023 0.0000000000
58645  -32.095  -36.353  48.159 0.0000000000
59682  -31.869  -35.379  48.183 0.0000000000
59681  -31.599  -34.274  48.352 0.0000000000
62031  -31.459  -32.522  49.304 0.0000000000
61991  -32.576  -32.019  50.613 0.0000000000
61913  -31.549  -32.798  53.501 0.0000000000
61970  -32.940  -32.044  51.579 0.0000000000
46823  -28.912  -44.586  42.753 0.0000000000
47962  -28.438  -43.864  41.747 0.0000000000
49164  -28.811  -43.417  40.269 0.0000000000
49150  -30.571  -42.892  41.984 0.0000000000
49166  -29.713  -42.893  40.086 0.0000000000
42026  -22.830  -48.474  46.211 0.0000000000
44327  -21.838  -47.447  45.038 0.0000000000
44343  -24.022  -46.928  44.582 0.0000000000
45541  -23.048  -46.177  44.124 0.0000000000
46761  -21.343  -45.908  43.280 0.0000000000
46793  -20.734  -46.707  41.887 0.0000000000
83406  -49.074  -12.998  30.643 0.0000000000
84471  -50.579  -12.436  30.182 0.0000000000
84472  -51.068  -11.908  29.899 0.0000000000
84452  -51.923  -11.788  33.254 0.0000000000
84464  -51.701  -11.414  32.043 0.0000000000
85542  -51.596  -11.402  29.437 0.0000000000
85551  -52.139  -10.898  28.608 0.0000000000
86647  -53.006  -10.390  28.110 0.0000000000
86657  -53.774  -9.767  28.021 0.0000000000
87799  -53.945  -9.418  28.859 0.0000000000
86640  -54.316  -8.826  31.298 0.0000000000
32759  -11.474  -56.291  50.281 0.0000000000
31407  -10.558  -57.663  50.334 0.0000000000
31432  -11.198  -57.946  48.160 0.0000000000
60892  -31.945  -33.683  43.409 0.0000000000
72621  -40.780  -23.576  34.643 0.0000000000
65897  -38.099  -26.803  37.749 0.0000000000
65914  -38.750  -26.680  37.420 0.0000000000
68310  -40.057  -26.269  36.579 0.0000000000
67179  -41.564  -26.387  38.309 0.0000000000
68311  -40.962  -26.185  37.403 0.0000000000
68327  -40.788  -25.732  36.642 0.0000000000
70508  -41.055  -25.074  35.734 0.0000000000
71551  -41.420  -23.842  35.539 0.0000000000
73714  -41.974  -22.254  35.936 0.0000000000
73707  -43.554  -22.369  37.211 0.0000000000
74748  -45.455  -21.562  38.212 0.0000000000
74740  -46.472  -21.529  39.171 0.0000000000
34045  -12.494  -55.032  52.937 0.0000000000
34056  -12.170  -54.832  51.444 0.0000000000
34066  -11.769  -55.545  50.841 0.0000000000
34079  -11.979  -55.623  49.681 0.0000000000
32790  -12.073  -56.612  46.899 0.0000000000
30067  -10.505  -58.396  50.821 0.0000000000
28686  -9.953  -59.016  51.991 0.0000000000
28674  -9.744  -59.581  52.119 0.0000000000
26072  -9.693  -62.044  49.144 0.0000000000
27345  -9.543  -61.035  50.579 0.0000000000
27314  -9.506  -60.107  52.825 0.0000000000
26027  -9.608  -60.163  53.188 0.0000000000
27298  -8.530  -60.294  53.183 0.0000000000
22177  -8.105  -63.568  48.670 0.0000000000
23510  -7.224  -62.273  49.996 0.0000000000
32734  -11.991  -55.779  53.080 0.0000000000
32746  -11.133  -56.939  51.735 0.0000000000
52574  -37.148  -41.849  43.086 0.0000000000
53704  -36.862  -41.741  43.598 0.0000000000
52575  -37.073  -41.916  43.641 0.0000000000
45583  -27.161  -45.842  42.905 0.0000000000
45584  -28.117  -46.315  43.387 0.0000000000
51445  -36.614  -42.286  43.542 0.0000000000
51456  -35.902  -42.485  41.968 0.0000000000
52573  -36.974  -42.072  42.340 0.0000000000
44362  -27.794  -47.650  44.114 0.0000000000
44383  -27.066  -46.818  43.635 0.0000000000
58692  -31.728  -35.825  45.937 0.0000000000
58702  -32.045  -35.794  44.987 0.0000000000
58703  -31.864  -35.059  45.236 0.0000000000
68272  -35.625  -27.683  38.740 0.0000000000
65878  -35.061  -28.357  38.412 0.0000000000
67132  -36.215  -28.193  37.997 0.0000000000
39412  -14.978  -51.700  45.426 0.0000000000
49032  -35.374  -44.164  49.651 0.0000000000
43208  -32.148  -48.472  45.935 0.0000000000
43232  -31.789  -47.973  45.494 0.0000000000
42038  -33.083  -48.420  46.240 0.0000000000
47864  -35.729  -45.077  50.150 0.0000000000
46697  -35.337  -45.749  49.042 0.0000000000
47876  -35.416  -44.948  49.366 0.0000000000
47884  -35.293  -44.823  48.612 0.0000000000
42036  -31.854  -48.698  46.307 0.0000000000
75765  -46.266  -20.489  38.842 0.0000000000
76875  -46.045  -19.317  38.345 0.0000000000
81163  -49.544  -15.380  38.090 0.0000000000
80116  -48.526  -15.735  37.402 0.0000000000
80135  -49.060  -15.438  36.469 0.0000000000
80136  -49.689  -15.153  36.464 0.0000000000
80118  -50.026  -14.953  37.220 0.0000000000
63275  -32.566  -31.337  48.816 0.0000000000
63303  -33.299  -30.844  47.929 0.0000000000
63376  -36.264  -29.129  45.104 0.0000000000
63391  -35.665  -29.362  44.481 0.0000000000
64587  -36.076  -29.155  43.847 0.0000000000
64602  -36.859  -28.445  43.114 0.0000000000
64588  -36.958  -28.381  43.741 0.0000000000
44326  -20.846  -47.339  45.235 0.0000000000
43203  -21.094  -47.944  45.822 0.0000000000
88883  -55.211  -7.738  30.979 0.0000000000
90030  -55.564  -7.556  30.430 0.0000000000
28651  -10.560  -58.809  54.361 0.0000000000
28638  -11.008  -58.448  54.986 0.0000000000
28637  -10.265  -59.326  54.647 0.0000000000
56666  -33.391  -39.227  47.336 0.0000000000
56544  -34.281  -39.190  53.170 0.0000000000
58563  -31.580  -36.435  53.304 0.0000000000
58595  -31.541  -35.663  51.017 0.0000000000
58578  -31.093  -35.265  51.915 0.0000000000
59632  -31.001  -34.404  51.542 0.0000000000
59620  -31.006  -34.460  52.557 0.0000000000
47978  -22.857  -45.708  39.763 0.0000000000
49162  -23.648  -44.974  39.533 0.0000000000
47940  -31.146  -44.552  43.756 0.0000000000
47939  -30.751  -44.186  43.234 0.0000000000
47938  -23.799  -44.714  41.422 0.0000000000
47937  -23.121  -44.907  41.082 0.0000000000
47955  -22.544  -45.701  40.170 0.0000000000
82273  -51.571  -12.931  34.734 0.0000000000
82286  -51.522  -12.764  34.012 0.0000000000
85528  -53.221  -10.519  32.816 0.0000000000
86613  -53.815  -10.158  33.137 0.0000000000
86621  -53.660  -10.024  32.278 0.0000000000
62127  -31.907  -31.558  42.084 0.0000000000
63415  -32.198  -31.035  41.464 0.0000000000
68325  -39.173  -26.900  34.773 0.0000000000
68337  -39.753  -26.713  34.106 0.0000000000
69430  -40.132  -25.772  34.521 0.0000000000
67117  -40.320  -26.783  39.855 0.0000000000
70489  -44.676  -25.119  38.448 0.0000000000
70488  -43.755  -25.454  37.985 0.0000000000
70502  -44.431  -24.438  37.969 0.0000000000
70511  -43.535  -24.406  37.448 0.0000000000
71543  -44.493  -23.843  37.832 0.0000000000
72606  -45.261  -23.371  37.897 0.0000000000
36681  -13.241  -53.106  49.086 0.0000000000
36670  -13.634  -52.938  50.473 0.0000000000
36680  -12.998  -53.672  49.345 0.0000000000
35386  -12.994  -53.798  48.907 0.0000000000
35404  -12.743  -54.266  48.492 0.0000000000
35424  -12.995  -54.220  47.386 0.0000000000
23529  -9.261  -63.586  49.057 0.0000000000
23521  -8.803  -63.192  49.796 0.0000000000
23513  -8.430  -62.731  49.916 0.0000000000
23520  -8.367  -63.160  49.328 0.0000000000
62035  -35.009  -30.637  49.194 0.0000000000
44358  -19.829  -47.529  42.200 0.0000000000
31369  -11.714  -57.346  54.275 0.0000000000
30044  -10.694  -58.441  53.226 0.0000000000
53711  -37.157  -40.700  41.931 0.0000000000
53686  -35.805  -41.515  44.681 0.0000000000
54732  -35.494  -41.006  45.044 0.0000000000
55713  -35.237  -40.765  45.398 0.0000000000
46819  -25.323  -44.474  41.060 0.0000000000
46821  -27.006  -44.725  41.924 0.0000000000
49120  -33.388  -42.981  44.412 0.0000000000
50297  -33.388  -42.538  43.673 0.0000000000
50298  -34.241  -42.449  43.537 0.0000000000
51454  -34.294  -41.939  41.855 0.0000000000
51474  -34.313  -41.936  40.763 0.0000000000
51473  -33.398  -41.868  40.619 0.0000000000
52600  -34.211  -41.143  40.038 0.0000000000
52601  -35.205  -41.087  40.251 0.0000000000
53723  -36.157  -40.419  39.811 0.0000000000
43227  -27.342  -48.247  44.557 0.0000000000
42051  -27.152  -48.622  44.973 0.0000000000
43226  -26.670  -48.129  44.671 0.0000000000
43248  -26.239  -47.605  44.366 0.0000000000
45582  -26.473  -45.815  42.814 0.0000000000
46797  -24.709  -44.725  41.857 0.0000000000
80210  -46.070  -15.495  31.739 0.0000000000
64629  -34.076  -28.963  40.803 0.0000000000
65912  -37.729  -27.253  36.551 0.0000000000
67100  -43.225  -26.441  40.900 0.0000000000
67120  -42.993  -26.358  40.089 0.0000000000
69379  -44.909  -25.413  39.256 0.0000000000
41969  -16.557  -49.175  48.024 0.0000000000
41955  -15.894  -49.718  49.060 0.0000000000
41944  -16.086  -49.734  49.425 0.0000000000
39301  -15.341  -50.589  50.650 0.0000000000
38035  -14.183  -52.007  46.995 0.0000000000
38022  -14.361  -52.302  47.938 0.0000000000
38021  -13.972  -52.542  48.491 0.0000000000
38034  -13.767  -52.835  47.346 0.0000000000
36720  -13.830  -53.660  46.569 0.0000000000
51407  -35.523  -42.489  46.564 0.0000000000
51408  -35.892  -42.379  46.988 0.0000000000
51395  -35.818  -42.473  47.758 0.0000000000
51310  -35.664  -42.687  51.639 0.0000000000
52479  -35.432  -42.176  50.987 0.0000000000
52459  -35.248  -41.862  52.266 0.0000000000
44363  -29.337  -47.690  44.248 0.0000000000
44386  -29.631  -47.156  44.047 0.0000000000
44387  -30.229  -47.063  44.374 0.0000000000
44367  -31.826  -47.063  45.278 0.0000000000
45565  -30.843  -46.632  44.462 0.0000000000
45566  -31.383  -46.272  44.598 0.0000000000
45567  -32.203  -46.412  45.076 0.0000000000
44290  -35.366  -48.114  48.546 0.0000000000
43192  -34.482  -48.074  46.919 0.0000000000
46743  -34.562  -45.903  47.247 0.0000000000
45529  -34.005  -46.499  46.670 0.0000000000
46752  -34.007  -45.807  46.380 0.0000000000
46767  -33.299  -45.827  45.454 0.0000000000
47922  -33.665  -44.927  45.631 0.0000000000
49101  -33.914  -44.271  45.854 0.0000000000
47913  -34.550  -44.810  46.258 0.0000000000
49076  -35.325  -43.440  47.115 0.0000000000
49089  -34.930  -43.592  46.385 0.0000000000
50265  -34.926  -42.919  46.280 0.0000000000
51423  -35.830  -42.303  45.419 0.0000000000
43230  -30.171  -48.436  44.929 0.0000000000
43252  -29.672  -48.068  44.588 0.0000000000
75781  -43.302  -20.762  36.739 0.0000000000
76882  -42.765  -20.429  36.257 0.0000000000
76883  -43.282  -19.904  36.552 0.0000000000
78023  -44.935  -18.710  37.347 0.0000000000
76897  -43.886  -18.421  36.301 0.0000000000
78033  -44.599  -17.942  36.600 0.0000000000
79091  -44.135  -17.375  35.678 0.0000000000
79078  -44.828  -16.918  36.141 0.0000000000
78016  -47.397  -17.985  38.859 0.0000000000
80148  -46.993  -15.966  35.768 0.0000000000
80133  -47.154  -16.352  36.788 0.0000000000
81180  -46.541  -15.880  34.947 0.0000000000
80166  -46.015  -16.278  34.464 0.0000000000
80167  -46.656  -16.077  34.032 0.0000000000
80186  -46.864  -15.666  33.624 0.0000000000
80201  -47.952  -14.660  33.501 0.0000000000
81218  -47.635  -14.538  32.756 0.0000000000
82305  -47.717  -14.270  32.297 0.0000000000
82316  -47.496  -14.297  31.410 0.0000000000
82306  -47.974  -13.863  32.008 0.0000000000
83391  -48.690  -13.640  32.141 0.0000000000
81196  -50.059  -14.538  35.049 0.0000000000
81221  -50.061  -14.412  33.990 0.0000000000
81197  -50.647  -14.195  34.839 0.0000000000
81211  -50.633  -13.998  34.390 0.0000000000
82255  -51.849  -14.027  36.681 0.0000000000
83337  -52.629  -13.513  37.020 0.0000000000
60843  -31.994  -33.159  46.541 0.0000000000
63354  -32.497  -31.173  46.077 0.0000000000
63372  -32.081  -31.424  45.305 0.0000000000
62094  -32.301  -31.541  43.905 0.0000000000
63330  -34.403  -30.081  46.904 0.0000000000
63329  -33.320  -30.542  46.965 0.0000000000
64615  -33.527  -29.546  41.629 0.0000000000
64617  -35.410  -28.503  42.391 0.0000000000
64616  -34.719  -28.571  41.814 0.0000000000
65836  -35.449  -28.142  41.229 0.0000000000
65839  -37.961  -27.361  41.980 0.0000000000
65840  -39.098  -27.301  41.949 0.0000000000
65812  -39.920  -27.441  43.982 0.0000000000
67058  -40.637  -27.087  42.931 0.0000000000
67059  -41.690  -26.614  42.909 0.0000000000
43188  -20.820  -48.184  46.271 0.0000000000
42000  -20.326  -48.508  46.910 0.0000000000
41984  -20.800  -48.958  47.249 0.0000000000
43178  -19.664  -48.014  46.695 0.0000000000
44340  -19.099  -47.570  43.496 0.0000000000
44325  -19.564  -47.179  44.974 0.0000000000
44339  -18.564  -47.588  44.100 0.0000000000
43186  -17.912  -47.875  45.545 0.0000000000
43177  -18.765  -47.873  46.590 0.0000000000
28635  -8.478  -59.849  54.714 0.0000000000
55732  -35.373  -39.588  42.512 0.0000000000
56683  -33.321  -39.170  44.802 0.0000000000
56665  -32.780  -38.085  46.917 0.0000000000
56664  -32.514  -37.482  46.641 0.0000000000
57667  -32.174  -36.691  46.110 0.0000000000
57646  -32.436  -36.970  46.940 0.0000000000
53655  -35.918  -41.811  48.080 0.0000000000
53666  -35.937  -41.778  47.392 0.0000000000
53644  -35.217  -41.363  48.964 0.0000000000
55658  -34.464  -39.649  50.597 0.0000000000
54694  -34.970  -40.755  49.456 0.0000000000
55667  -34.361  -39.731  49.796 0.0000000000
55687  -34.525  -40.441  48.789 0.0000000000
56595  -34.205  -39.139  50.236 0.0000000000
58597  -32.985  -37.617  51.183 0.0000000000
57560  -33.279  -37.666  51.808 0.0000000000
57575  -33.312  -37.894  51.108 0.0000000000
57590  -33.682  -38.827  49.897 0.0000000000
58615  -32.906  -38.167  50.133 0.0000000000
58630  -32.833  -37.279  49.456 0.0000000000
59650  -31.638  -35.284  49.737 0.0000000000
58629  -32.399  -36.223  48.896 0.0000000000
59697  -31.911  -35.590  47.402 0.0000000000
60788  -31.210  -33.310  50.676 0.0000000000
60800  -31.191  -33.369  50.051 0.0000000000
61989  -31.351  -32.849  50.419 0.0000000000
62009  -31.970  -31.951  49.745 0.0000000000
61969  -32.090  -32.377  51.279 0.0000000000
60735  -31.744  -33.015  54.952 0.0000000000
61914  -32.079  -32.401  54.241 0.0000000000
61992  -33.451  -31.563  50.851 0.0000000000
47981  -24.866  -44.517  38.837 0.0000000000
47997  -25.398  -45.181  37.918 0.0000000000
46801  -28.486  -45.429  43.218 0.0000000000
47963  -29.345  -43.824  42.099 0.0000000000
49148  -28.918  -43.313  41.065 0.0000000000
49165  -29.278  -43.170  40.216 0.0000000000
50329  -31.562  -42.452  41.807 0.0000000000
49151  -31.082  -42.688  42.002 0.0000000000
43205  -22.860  -47.974  45.559 0.0000000000
44328  -22.601  -47.472  45.064 0.0000000000
44344  -25.003  -47.211  44.128 0.0000000000
45542  -24.029  -46.516  43.858 0.0000000000
46763  -22.878  -45.820  43.528 0.0000000000
46762  -22.250  -45.798  43.479 0.0000000000
45540  -21.809  -46.323  44.259 0.0000000000
46776  -20.913  -46.286  42.468 0.0000000000
46794  -21.268  -46.394  41.466 0.0000000000
83392  -49.385  -13.332  31.889 0.0000000000
84462  -50.458  -12.464  31.133 0.0000000000
84463  -50.966  -11.921  31.264 0.0000000000
83382  -51.862  -12.308  33.690 0.0000000000
85543  -52.116  -10.790  30.151 0.0000000000
85552  -52.507  -10.271  29.795 0.0000000000
86648  -53.077  -9.910  29.062 0.0000000000
87790  -53.653  -9.356  29.870 0.0000000000
86632  -54.108  -9.316  31.674 0.0000000000
87791  -54.112  -8.987  30.709 0.0000000000
86641  -54.470  -8.789  31.612 0.0000000000
87784  -54.707  -8.355  31.731 0.0000000000
87777  -54.886  -8.681  32.506 0.0000000000
32780  -11.294  -57.102  48.647 0.0000000000
32770  -10.841  -56.885  49.726 0.0000000000
60874  -32.068  -33.388  44.465 0.0000000000
71562  -40.578  -24.401  34.580 0.0000000000
71550  -40.811  -23.796  35.145 0.0000000000
65881  -38.060  -26.733  38.784 0.0000000000
65880  -37.351  -27.163  38.187 0.0000000000
67153  -39.537  -26.651  37.701 0.0000000000
67176  -39.091  -26.658  36.657 0.0000000000
67177  -40.215  -26.499  37.426 0.0000000000
67157  -42.661  -26.385  38.935 0.0000000000
67156  -41.930  -26.309  38.634 0.0000000000
68293  -42.482  -26.274  38.512 0.0000000000
68328  -41.614  -25.775  37.457 0.0000000000
69421  -40.763  -25.310  35.825 0.0000000000
70509  -41.516  -24.959  36.066 0.0000000000
72624  -42.798  -23.531  36.793 0.0000000000
71552  -42.066  -24.242  36.223 0.0000000000
72623  -42.038  -23.290  36.049 0.0000000000
73715  -42.752  -22.786  36.604 0.0000000000
73706  -42.671  -22.028  36.530 0.0000000000
73699  -45.658  -22.634  38.334 0.0000000000
73698  -45.054  -22.337  37.796 0.0000000000
74739  -46.047  -21.248  38.623 0.0000000000
35355  -12.446  -53.898  51.969 0.0000000000
31396  -10.864  -57.672  51.507 0.0000000000
30054  -10.374  -58.871  51.036 0.0000000000
28685  -10.090  -59.467  51.100 0.0000000000
28675  -10.437  -59.184  52.679 0.0000000000
27337  -9.710  -60.294  51.338 0.0000000000
26082  -9.770  -62.986  47.486 0.0000000000
26083  -9.773  -62.316  48.150 0.0000000000
24851  -9.552  -62.653  48.875 0.0000000000
26058  -9.181  -61.456  50.606 0.0000000000
26064  -9.358  -61.780  49.846 0.0000000000
27336  -9.474  -60.690  51.504 0.0000000000
27327  -9.569  -60.335  52.120 0.0000000000
27300  -9.958  -60.367  53.574 0.0000000000
26039  -9.310  -60.218  52.884 0.0000000000
24811  -7.935  -61.048  51.690 0.0000000000
26037  -8.314  -60.793  51.937 0.0000000000
24802  -7.964  -60.670  52.369 0.0000000000
27297  -8.145  -60.478  53.383 0.0000000000
23527  -7.898  -63.492  48.693 0.0000000000
23519  -7.905  -63.037  49.177 0.0000000000
31382  -10.951  -57.611  52.759 0.0000000000
53703  -37.040  -41.047  42.863 0.0000000000
53675  -35.550  -41.424  45.743 0.0000000000
46799  -26.310  -45.066  42.304 0.0000000000
45604  -26.735  -45.052  42.233 0.0000000000
50299  -35.123  -42.349  43.486 0.0000000000
50310  -35.133  -42.265  42.669 0.0000000000
50311  -35.535  -42.258  42.550 0.0000000000
51476  -35.707  -42.149  41.435 0.0000000000
52603  -36.729  -41.474  41.221 0.0000000000
42075  -28.570  -48.382  44.756 0.0000000000
43250  -27.832  -48.019  44.331 0.0000000000
43269  -26.823  -47.095  43.866 0.0000000000
81248  -46.521  -15.463  30.310 0.0000000000
83415  -49.399  -13.393  29.503 0.0000000000
56690  -31.837  -37.327  45.123 0.0000000000
64652  -34.932  -28.796  37.939 0.0000000000
67174  -37.192  -27.788  36.087 0.0000000000
65896  -37.457  -27.100  37.102 0.0000000000
41997  -15.760  -49.716  46.113 0.0000000000
41980  -15.680  -49.752  47.010 0.0000000000
40706  -15.080  -50.575  47.035 0.0000000000
40682  -14.808  -50.593  47.852 0.0000000000
39368  -14.631  -51.213  47.274 0.0000000000
38059  -14.771  -53.202  45.277 0.0000000000
50220  -35.563  -43.282  49.027 0.0000000000
50235  -35.631  -43.027  48.324 0.0000000000
50205  -35.534  -43.431  49.923 0.0000000000
51289  -35.781  -42.767  52.633 0.0000000000
43231  -30.851  -48.183  45.305 0.0000000000
44365  -30.612  -47.233  44.702 0.0000000000
43254  -30.986  -47.576  45.178 0.0000000000
44346  -32.181  -47.566  45.480 0.0000000000
44347  -32.523  -47.326  45.513 0.0000000000
44299  -35.254  -47.176  48.164 0.0000000000
46696  -35.308  -46.183  48.659 0.0000000000
46728  -34.825  -45.894  47.714 0.0000000000
46744  -34.823  -45.622  47.279 0.0000000000
47914  -34.803  -44.364  46.465 0.0000000000
47883  -35.264  -44.902  48.094 0.0000000000
49069  -35.474  -43.939  47.739 0.0000000000
42056  -31.342  -48.537  45.695 0.0000000000
75783  -44.590  -20.276  37.473 0.0000000000
76885  -44.614  -19.695  37.460 0.0000000000
76874  -45.094  -19.575  37.659 0.0000000000
79059  -48.583  -16.813  38.782 0.0000000000
79058  -47.812  -16.881  38.349 0.0000000000
80107  -48.203  -16.221  37.890 0.0000000000
80134  -48.217  -15.683  36.605 0.0000000000
80149  -47.894  -15.616  35.713 0.0000000000
80169  -48.510  -15.441  34.885 0.0000000000
80188  -48.746  -14.884  34.225 0.0000000000
81208  -49.327  -14.675  34.048 0.0000000000
80189  -49.438  -14.885  34.643 0.0000000000
80152  -50.014  -14.816  35.696 0.0000000000
80138  -50.659  -14.600  36.446 0.0000000000
63390  -35.136  -29.650  44.147 0.0000000000
65821  -36.476  -27.899  42.356 0.0000000000
65838  -37.042  -27.503  41.841 0.0000000000
65823  -37.842  -27.942  42.800 0.0000000000
43189  -21.502  -48.367  46.130 0.0000000000
88889  -54.936  -8.518  29.207 0.0000000000
88897  -55.178  -8.497  28.745 0.0000000000
88898  -56.039  -8.017  28.489 0.0000000000
27273  -9.735  -59.865  54.895 0.0000000000
55722  -35.277  -40.583  44.553 0.0000000000
55711  -33.922  -39.681  44.988 0.0000000000
55710  -33.285  -39.224  45.369 0.0000000000
55699  -33.229  -39.245  46.147 0.0000000000
56645  -32.830  -37.799  47.710 0.0000000000
53623  -35.082  -41.129  50.842 0.0000000000
53635  -35.220  -41.203  49.905 0.0000000000
55649  -34.577  -40.410  51.555 0.0000000000
55648  -34.589  -39.653  51.598 0.0000000000
56564  -34.546  -38.826  52.090 0.0000000000
58565  -32.865  -37.399  53.314 0.0000000000
58581  -32.785  -37.253  53.128 0.0000000000
58580  -32.476  -37.054  52.707 0.0000000000
58596  -32.246  -37.148  51.440 0.0000000000
58612  -31.531  -35.538  50.213 0.0000000000
59666  -31.349  -34.412  49.340 0.0000000000
59633  -30.990  -34.882  50.854 0.0000000000
60775  -31.207  -33.503  51.303 0.0000000000
61915  -32.964  -31.993  54.666 0.0000000000
46803  -30.327  -45.361  43.735 0.0000000000
46825  -30.396  -44.577  43.441 0.0000000000
47964  -30.116  -43.699  42.666 0.0000000000
51472  -32.264  -41.858  40.707 0.0000000000
51471  -31.561  -42.128  40.120 0.0000000000
43206  -23.891  -48.019  45.563 0.0000000000
45579  -24.132  -45.919  42.721 0.0000000000
45560  -23.923  -46.226  43.110 0.0000000000
46779  -23.657  -45.769  42.711 0.0000000000
46795  -22.352  -45.506  41.607 0.0000000000
46839  -22.518  -46.373  39.840 0.0000000000
83380  -50.756  -13.050  32.775 0.0000000000
85519  -52.479  -11.519  33.477 0.0000000000
85536  -52.417  -10.762  31.450 0.0000000000
86630  -52.980  -10.536  31.536 0.0000000000
85537  -52.928  -10.516  31.271 0.0000000000
87782  -53.487  -9.430  30.718 0.0000000000
86622  -54.374  -9.475  32.543 0.0000000000
31445  -11.294  -58.028  47.094 0.0000000000
62146  -31.873  -31.992  41.331 0.0000000000
65868  -39.176  -27.248  40.135 0.0000000000
65882  -39.159  -26.689  39.139 0.0000000000
65883  -39.787  -26.790  39.570 0.0000000000
67135  -40.263  -26.444  38.989 0.0000000000
68314  -43.213  -26.012  38.437 0.0000000000
68313  -42.679  -26.003  38.169 0.0000000000
69413  -43.121  -25.839  38.183 0.0000000000
69412  -42.890  -25.588  37.804 0.0000000000
70510  -42.740  -25.003  37.080 0.0000000000
72625  -43.553  -23.562  37.314 0.0000000000
72614  -43.969  -23.159  37.403 0.0000000000
72615  -44.494  -23.416  37.581 0.0000000000
72597  -45.992  -22.888  39.010 0.0000000000
36658  -13.676  -52.717  51.755 0.0000000000
36657  -13.096  -53.450  51.184 0.0000000000
34080  -12.592  -55.037  49.098 0.0000000000
34093  -12.369  -54.896  47.940 0.0000000000
30092  -10.713  -59.390  48.238 0.0000000000
30078  -10.488  -59.261  49.234 0.0000000000
28714  -10.600  -60.064  48.772 0.0000000000
27357  -10.077  -60.639  49.176 0.0000000000
24842  -9.292  -63.099  49.132 0.0000000000
24837  -9.247  -62.437  49.883 0.0000000000
26057  -8.956  -61.774  50.419 0.0000000000
26049  -8.953  -61.381  50.976 0.0000000000
24829  -8.756  -62.205  50.214 0.0000000000
24828  -8.208  -62.083  50.392 0.0000000000
24819  -7.982  -61.572  51.133 0.0000000000
41989  -33.933  -48.725  46.749 0.0000000000
45478  -36.004  -46.295  50.215 0.0000000000
76857  -47.108  -19.553  39.832 0.0000000000
76856  -46.807  -19.333  39.460 0.0000000000
77997  -47.656  -18.811  40.456 0.0000000000
78008  -47.917  -17.890  40.200 0.0000000000
79039  -48.394  -17.310  40.225 0.0000000000
80098  -49.580  -15.811  39.529 0.0000000000
80099  -49.997  -15.559  39.140 0.0000000000
81157  -50.738  -14.970  38.738 0.0000000000
62034  -34.000  -30.782  49.389 0.0000000000
63277  -34.108  -30.701  48.599 0.0000000000
63278  -34.812  -30.455  48.448 0.0000000000
63305  -35.231  -30.159  47.920 0.0000000000
63331  -35.497  -29.928  46.947 0.0000000000
63357  -35.836  -29.537  46.043 0.0000000000
45539  -20.449  -46.396  43.433 0.0000000000
45538  -19.640  -47.076  43.269 0.0000000000
30022  -11.281  -58.286  54.689 0.0000000000
28664  -10.541  -59.076  53.648 0.0000000000
55701  -34.543  -40.428  47.178 0.0000000000
59613  -31.014  -34.485  53.616 0.0000000000
47957  -23.879  -44.513  40.471 0.0000000000
49145  -23.687  -44.738  39.753 0.0000000000
49163  -27.226  -43.625  38.843 0.0000000000
50339  -28.076  -43.540  39.047 0.0000000000
49109  -32.417  -44.328  44.755 0.0000000000
49118  -31.484  -44.056  43.834 0.0000000000
49119  -32.184  -43.433  44.220 0.0000000000
49130  -32.117  -42.747  43.175 0.0000000000
50309  -34.279  -42.316  42.748 0.0000000000
51452  -32.838  -42.060  41.240 0.0000000000
42049  -25.454  -48.172  45.397 0.0000000000
43225  -25.953  -47.821  44.978 0.0000000000
43247  -25.604  -47.582  44.556 0.0000000000
44345  -25.066  -46.998  43.858 0.0000000000
45562  -25.370  -46.517  43.314 0.0000000000
45580  -24.756  -45.707  42.711 0.0000000000
80208  -44.542  -16.502  32.361 0.0000000000
84435  -52.561  -12.330  35.821 0.0000000000
83371  -52.030  -12.368  34.470 0.0000000000
63416  -32.826  -30.316  41.881 0.0000000000
63429  -32.957  -30.388  41.110 0.0000000000
68309  -39.346  -26.558  35.782 0.0000000000
67098  -41.333  -26.700  40.803 0.0000000000
67119  -42.148  -26.475  39.977 0.0000000000
67138  -42.786  -26.402  39.424 0.0000000000
67139  -43.548  -26.265  39.582 0.0000000000
68275  -43.754  -26.140  39.410 0.0000000000
68295  -44.123  -25.776  39.085 0.0000000000
70469  -45.066  -25.193  38.924 0.0000000000
70490  -45.381  -24.565  38.768 0.0000000000
71521  -45.764  -24.402  39.319 0.0000000000
41956  -16.633  -49.553  48.814 0.0000000000
41946  -17.487  -49.465  49.495 0.0000000000
39300  -14.242  -51.199  50.256 0.0000000000
39318  -14.301  -51.776  49.077 0.0000000000
36690  -13.740  -53.337  48.039 0.0000000000
35425  -13.461  -53.715  47.528 0.0000000000
36701  -13.829  -54.150  46.994 0.0000000000
36719  -14.117  -54.269  46.311 0.0000000000
22197  -8.629  -64.257  48.189 0.0000000000
51435  -36.256  -42.215  44.842 0.0000000000
52556  -36.051  -41.869  45.269 0.0000000000
52531  -36.014  -42.069  47.918 0.0000000000
53645  -35.571  -41.807  48.702 0.0000000000
51364  -35.661  -42.727  49.213 0.0000000000
52494  -35.559  -42.190  50.188 0.0000000000
53624  -35.394  -41.676  50.442 0.0000000000
53610  -34.844  -41.323  51.646 0.0000000000
45564  -30.534  -46.853  44.406 0.0000000000
45588  -31.060  -45.740  44.250 0.0000000000
46805  -31.269  -45.442  44.229 0.0000000000
43191  -33.974  -48.201  46.506 0.0000000000
43211  -33.739  -47.897  46.255 0.0000000000
44348  -33.200  -47.290  45.810 0.0000000000
44331  -34.025  -47.120  46.647 0.0000000000
44349  -33.534  -47.064  46.097 0.0000000000
45547  -32.887  -46.461  45.363 0.0000000000
45568  -32.563  -46.168  45.097 0.0000000000
47930  -32.678  -45.358  44.843 0.0000000000
47929  -32.323  -44.996  44.495 0.0000000000
49111  -33.942  -43.356  45.132 0.0000000000
49112  -34.859  -42.836  45.449 0.0000000000
50288  -35.560  -42.575  44.745 0.0000000000
51433  -36.028  -42.330  43.911 0.0000000000
43228  -28.895  -48.369  44.805 0.0000000000
43251  -28.675  -48.022  44.426 0.0000000000
43271  -28.282  -47.621  44.046 0.0000000000
74765  -41.803  -21.612  35.402 0.0000000000
74776  -41.607  -21.558  34.854 0.0000000000
75793  -42.268  -20.850  35.734 0.0000000000
76884  -44.165  -19.238  37.175 0.0000000000
76896  -43.452  -19.091  35.936 0.0000000000
78044  -42.749  -18.828  35.056 0.0000000000
78015  -46.711  -18.558  38.664 0.0000000000
78025  -46.460  -17.981  37.833 0.0000000000
78035  -46.023  -17.978  37.419 0.0000000000
79068  -47.092  -17.045  37.677 0.0000000000
79081  -46.806  -17.022  37.265 0.0000000000
79079  -45.519  -17.190  36.565 0.0000000000
80130  -45.075  -16.552  35.761 0.0000000000
80165  -44.933  -16.550  34.646 0.0000000000
80197  -44.515  -16.608  33.173 0.0000000000
80198  -45.364  -16.402  32.861 0.0000000000
80200  -46.871  -14.957  32.846 0.0000000000
80211  -46.516  -14.945  32.035 0.0000000000
81228  -46.482  -15.059  31.683 0.0000000000
81237  -46.945  -14.827  30.774 0.0000000000
82328  -47.488  -14.461  30.529 0.0000000000
82318  -48.488  -13.620  30.479 0.0000000000
83378  -49.459  -13.839  32.756 0.0000000000
82294  -49.351  -14.353  33.411 0.0000000000
82295  -49.973  -14.085  33.486 0.0000000000
82296  -50.542  -13.700  33.650 0.0000000000
82285  -50.984  -13.484  34.280 0.0000000000
82263  -51.773  -13.182  35.281 0.0000000000
81165  -50.611  -14.716  37.856 0.0000000000
82242  -51.123  -14.534  38.420 0.0000000000
81166  -51.138  -14.462  37.085 0.0000000000
83350  -52.315  -13.359  36.194 0.0000000000
83361  -52.412  -12.793  35.839 0.0000000000
84400  -53.102  -13.104  36.782 0.0000000000
60859  -32.350  -34.136  45.756 0.0000000000
60844  -32.315  -33.853  46.166 0.0000000000
62082  -31.808  -32.099  45.805 0.0000000000
65865  -35.743  -27.537  39.745 0.0000000000
67115  -36.110  -27.203  39.067 0.0000000000
67133  -36.603  -27.399  38.476 0.0000000000
65853  -38.020  -27.326  40.989 0.0000000000
67096  -39.665  -27.177  40.732 0.0000000000
67097  -40.490  -27.014  40.694 0.0000000000
65810  -38.055  -28.155  43.466 0.0000000000
65811  -39.041  -27.756  43.723 0.0000000000
65841  -39.503  -27.403  42.433 0.0000000000
67080  -40.274  -27.154  41.851 0.0000000000
67082  -42.532  -26.773  41.771 0.0000000000
44314  -19.703  -47.422  46.179 0.0000000000
44313  -18.768  -47.470  45.984 0.0000000000
44305  -19.088  -47.587  46.419 0.0000000000
42023  -16.358  -49.426  44.576 0.0000000000
90031  -55.977  -7.310  29.809 0.0000000000
90034  -56.245  -7.307  28.998 0.0000000000
56691  -32.239  -38.128  44.805 0.0000000000
56680  -32.056  -37.127  45.540 0.0000000000
53687  -35.900  -41.811  45.473 0.0000000000
53665  -35.624  -41.492  46.860 0.0000000000
54714  -35.204  -41.221  47.380 0.0000000000
54701  -34.634  -40.910  48.233 0.0000000000
55686  -34.367  -40.453  48.243 0.0000000000
56647  -33.843  -39.327  48.334 0.0000000000
57547  -34.242  -38.373  51.890 0.0000000000
57562  -34.197  -38.487  51.266 0.0000000000
56630  -33.834  -39.114  49.032 0.0000000000
56629  -33.465  -38.572  48.729 0.0000000000
57627  -33.174  -38.047  48.475 0.0000000000
57626  -32.718  -37.421  48.089 0.0000000000
58646  -32.709  -36.906  48.614 0.0000000000
58661  -32.396  -36.875  48.126 0.0000000000
58660  -32.203  -36.648  47.595 0.0000000000
59714  -32.014  -34.763  46.442 0.0000000000
59696  -32.010  -34.289  47.291 0.0000000000
60801  -31.236  -33.631  49.503 0.0000000000
60815  -31.383  -33.238  48.862 0.0000000000
62032  -31.740  -31.942  48.663 0.0000000000
63255  -32.410  -31.518  49.260 0.0000000000
63256  -32.946  -31.288  49.233 0.0000000000
60749  -31.196  -33.569  53.131 0.0000000000
61928  -31.616  -32.865  52.648 0.0000000000
61929  -32.253  -32.309  53.158 0.0000000000
61949  -32.277  -32.407  52.178 0.0000000000
62033  -33.396  -31.158  49.459 0.0000000000
46822  -27.931  -44.616  42.339 0.0000000000
49147  -28.266  -43.441  40.631 0.0000000000
50325  -28.283  -43.469  39.818 0.0000000000
50340  -28.896  -43.412  39.427 0.0000000000
50328  -31.075  -42.097  41.179 0.0000000000
50327  -30.442  -42.422  40.884 0.0000000000
43223  -23.970  -47.527  45.119 0.0000000000
44342  -22.964  -47.058  44.719 0.0000000000
44341  -22.151  -47.145  44.667 0.0000000000
45527  -21.680  -46.986  44.581 0.0000000000
45558  -20.224  -46.950  42.184 0.0000000000
83407  -49.912  -12.732  30.346 0.0000000000
84479  -50.833  -12.526  29.295 0.0000000000
83381  -51.351  -12.495  33.047 0.0000000000
83395  -51.287  -12.016  32.409 0.0000000000
85550  -51.747  -11.589  28.735 0.0000000000
87808  -54.086  -9.430  28.392 0.0000000000
87800  -54.525  -8.893  29.485 0.0000000000
87801  -54.676  -8.666  30.223 0.0000000000
88880  -55.237  -7.726  31.983 0.0000000000
32758  -11.094  -57.004  50.836 0.0000000000
31420  -10.679  -57.748  49.194 0.0000000000
30093  -10.694  -58.612  48.683 0.0000000000
30108  -11.041  -58.720  47.713 0.0000000000
63414  -32.123  -31.433  40.816 0.0000000000
72622  -41.275  -22.992  35.214 0.0000000000
65913  -38.138  -26.789  36.879 0.0000000000
65898  -38.909  -26.716  38.192 0.0000000000
67155  -41.119  -26.400  38.536 0.0000000000
67178  -41.088  -26.494  37.977 0.0000000000
68329  -42.146  -25.932  37.837 0.0000000000
68312  -41.912  -26.299  38.049 0.0000000000
69431  -40.437  -25.344  35.118 0.0000000000
70519  -40.850  -24.910  35.388 0.0000000000
70520  -41.397  -24.600  35.683 0.0000000000
71563  -40.955  -24.310  35.402 0.0000000000
73705  -42.284  -21.799  36.159 0.0000000000
74755  -43.136  -21.500  36.741 0.0000000000
74756  -43.955  -21.374  37.288 0.0000000000
73697  -44.334  -22.007  37.610 0.0000000000
74746  -44.357  -21.607  37.508 0.0000000000
74747  -44.706  -21.365  37.596 0.0000000000
75773  -45.166  -20.675  37.793 0.0000000000
75766  -46.713  -20.655  39.321 0.0000000000
71536  -46.023  -23.586  39.241 0.0000000000
34044  -11.872  -55.690  52.738 0.0000000000
34055  -11.687  -55.548  52.061 0.0000000000
32771  -11.584  -56.322  49.164 0.0000000000
32781  -11.730  -56.410  48.018 0.0000000000
34092  -12.069  -55.654  48.558 0.0000000000
34121  -13.216  -55.439  46.150 0.0000000000
30066  -10.358  -59.046  50.299 0.0000000000
30055  -10.439  -58.569  51.909 0.0000000000
28663  -10.090  -59.544  52.847 0.0000000000
27379  -10.110  -61.528  47.610 0.0000000000
27368  -9.979  -61.437  48.679 0.0000000000
27356  -9.748  -61.257  49.624 0.0000000000
27328  -9.697  -60.142  51.985 0.0000000000
27315  -9.708  -59.913  52.790 0.0000000000
27301  -9.820  -59.733  53.679 0.0000000000
27285  -10.039  -59.834  54.112 0.0000000000
27299  -9.708  -60.129  53.820 0.0000000000
27283  -9.343  -59.740  54.094 0.0000000000
26038  -8.831  -60.819  51.962 0.0000000000
26015  -8.787  -60.238  53.175 0.0000000000
27282  -8.686  -59.902  53.724 0.0000000000
27281  -7.974  -60.344  54.337 0.0000000000
22196  -8.145  -64.634  47.795 0.0000000000
22195  -7.928  -64.774  47.717 0.0000000000
22186  -8.329  -63.685  48.623 0.0000000000
22178  -8.138  -63.395  49.018 0.0000000000
24827  -7.614  -61.974  50.497 0.0000000000
24818  -7.310  -61.397  51.442 0.0000000000
23511  -7.490  -62.392  49.917 0.0000000000
23528  -8.618  -63.407  49.121 0.0000000000
24803  -8.047  -60.722  52.104 0.0000000000
24812  -8.327  -61.152  51.526 0.0000000000
24830  -9.038  -62.168  50.105 0.0000000000
24850  -9.507  -63.133  48.205 0.0000000000
26016  -8.822  -60.033  53.464 0.0000000000
26024  -7.713  -60.732  52.740 0.0000000000
26025  -8.392  -60.542  52.624 0.0000000000
26026  -8.927  -60.306  52.958 0.0000000000
27274  -10.105  -60.039  55.078 0.0000000000
27284  -10.030  -59.903  54.547 0.0000000000
40647  -15.807  -49.887  49.795 0.0000000000
42010  -33.706  -48.523  46.492 0.0000000000
42037  -32.594  -48.594  46.346 0.0000000000
42074  -28.272  -48.276  44.573 0.0000000000
43170  -35.152  -48.422  48.141 0.0000000000
43180  -34.844  -48.205  47.508 0.0000000000
43190  -33.501  -48.390  46.345 0.0000000000
43209  -32.624  -48.276  45.887 0.0000000000
43210  -33.326  -48.036  45.970 0.0000000000
43234  -32.930  -47.658  45.726 0.0000000000
43255  -31.411  -47.377  45.260 0.0000000000
43268  -26.549  -47.251  43.969 0.0000000000
44316  -34.215  -47.946  46.625 0.0000000000
44317  -34.278  -47.637  46.800 0.0000000000
44329  -33.548  -47.761  46.142 0.0000000000
44359  -25.713  -47.435  44.221 0.0000000000
44364  -30.012  -47.583  44.444 0.0000000000
44368  -32.277  -46.898  45.339 0.0000000000
45503  -35.133  -46.984  47.964 0.0000000000
45504  -35.229  -46.578  48.281 0.0000000000
45511  -34.976  -46.575  47.924 0.0000000000
45519  -34.292  -46.831  47.040 0.0000000000
45528  -33.735  -46.680  46.318 0.0000000000
45544  -25.220  -46.676  43.532 0.0000000000
45545  -25.657  -46.553  43.333 0.0000000000
45559  -23.366  -46.030  43.505 0.0000000000
45561  -24.744  -46.318  43.122 0.0000000000
45563  -25.719  -46.386  43.136 0.0000000000
46686  -35.971  -45.736  49.772 0.0000000000
46710  -35.195  -45.697  48.296 0.0000000000
46727  -34.649  -46.185  47.545 0.0000000000
46753  -34.282  -45.859  46.760 0.0000000000
46764  -24.891  -46.766  43.610 0.0000000000
46765  -25.411  -46.564  43.396 0.0000000000
46766  -25.904  -46.278  43.023 0.0000000000
46768  -33.695  -45.850  45.943 0.0000000000
46780  -24.918  -46.528  43.396 0.0000000000
46781  -25.182  -46.491  43.353 0.0000000000
46782  -25.625  -46.500  43.282 0.0000000000
46784  -32.407  -45.820  44.826 0.0000000000
46785  -32.819  -45.825  45.108 0.0000000000
46816  -21.421  -46.789  40.734 0.0000000000
47892  -35.204  -44.989  47.606 0.0000000000
47905  -35.032  -44.979  46.962 0.0000000000
47912  -34.156  -44.994  45.919 0.0000000000
47920  -32.682  -44.798  44.824 0.0000000000
47956  -23.009  -44.955  40.114 0.0000000000
47979  -23.393  -45.414  39.503 0.0000000000
49068  -35.362  -44.440  47.611 0.0000000000
49103  -34.751  -43.225  46.006 0.0000000000
49161  -23.428  -44.882  39.757 0.0000000000
50259  -35.143  -43.020  46.738 0.0000000000
50260  -35.427  -43.041  47.099 0.0000000000
50277  -35.101  -42.722  45.550 0.0000000000
50287  -35.305  -42.501  44.288 0.0000000000
50289  -35.356  -42.653  45.050 0.0000000000
50300  -35.775  -42.258  42.605 0.0000000000
50326  -28.586  -43.472  40.037 0.0000000000
51331  -35.559  -42.646  50.766 0.0000000000
51381  -35.718  -42.585  48.445 0.0000000000
51414  -35.507  -42.332  46.092 0.0000000000
51415  -35.903  -42.161  46.172 0.0000000000
51432  -35.885  -42.343  43.652 0.0000000000
51434  -36.212  -42.303  44.416 0.0000000000
51444  -36.252  -42.265  42.935 0.0000000000
52443  -35.489  -42.262  52.258 0.0000000000
52460  -35.416  -42.054  51.704 0.0000000000
52503  -35.587  -42.230  49.360 0.0000000000
52543  -36.030  -42.050  47.136 0.0000000000
52566  -36.399  -41.969  44.302 0.0000000000
53594  -35.088  -41.704  51.858 0.0000000000
53676  -35.808  -41.827  46.475 0.0000000000
54653  -34.607  -40.841  52.102 0.0000000000
54667  -34.699  -40.891  51.419 0.0000000000
54678  -34.753  -40.656  50.985 0.0000000000
54713  -34.720  -40.953  47.778 0.0000000000
55659  -34.545  -40.227  50.837 0.0000000000
55668  -34.617  -40.232  50.027 0.0000000000
55678  -34.614  -40.327  49.251 0.0000000000
56612  -33.995  -39.211  49.576 0.0000000000
56693  -33.698  -39.345  43.863 0.0000000000
57545  -33.180  -37.494  52.811 0.0000000000
57559  -32.838  -37.382  52.316 0.0000000000
57561  -33.801  -38.140  51.506 0.0000000000
57577  -33.852  -38.687  50.499 0.0000000000
57588  -32.982  -37.689  49.368 0.0000000000
57589  -33.066  -38.237  49.685 0.0000000000
57608  -33.266  -38.012  48.914 0.0000000000
57647  -32.675  -37.531  47.487 0.0000000000
57666  -31.912  -36.611  45.492 0.0000000000
58631  -32.790  -37.930  49.866 0.0000000000
59649  -31.353  -34.851  50.209 0.0000000000
59665  -31.177  -34.080  49.910 0.0000000000
59751  -32.093  -34.564  45.123 0.0000000000
60814  -31.296  -33.076  49.503 0.0000000000
61968  -31.496  -32.836  51.004 0.0000000000
61990  -31.792  -32.373  50.494 0.0000000000
62008  -31.409  -32.618  49.909 0.0000000000
62010  -32.957  -31.519  49.875 0.0000000000
62011  -33.727  -30.971  50.143 0.0000000000
63302  -32.522  -31.325  48.183 0.0000000000
64589  -37.538  -28.324  42.734 0.0000000000
65879  -35.438  -28.585  37.870 0.0000000000
67113  -35.401  -27.761  38.822 0.0000000000
67114  -35.628  -27.500  39.126 0.0000000000
67116  -39.775  -27.124  40.136 0.0000000000
67131  -35.583  -28.017  38.425 0.0000000000
67158  -43.124  -26.378  39.175 0.0000000000
68259  -35.537  -27.588  38.944 0.0000000000
68260  -35.725  -27.517  38.858 0.0000000000
68261  -35.940  -27.354  38.867 0.0000000000
68273  -35.869  -27.667  38.605 0.0000000000
68292  -42.141  -26.293  38.410 0.0000000000
69398  -43.325  -25.673  38.027 0.0000000000
69400  -44.366  -25.554  38.825 0.0000000000
70470  -45.465  -24.980  39.139 0.0000000000
70487  -43.455  -25.529  37.901 0.0000000000
70500  -43.323  -25.359  37.758 0.0000000000
71535  -45.652  -23.918  38.888 0.0000000000
71542  -44.048  -24.249  37.712 0.0000000000
71554  -43.891  -23.878  37.556 0.0000000000
71564  -41.474  -24.290  35.638 0.0000000000
72626  -44.078  -23.529  37.533 0.0000000000
74757  -44.336  -20.873  37.354 0.0000000000
74766  -42.134  -21.527  35.809 0.0000000000
75780  -42.774  -20.987  36.367 0.0000000000
75792  -41.933  -21.240  35.530 0.0000000000
75801  -41.651  -21.043  35.235 0.0000000000
76866  -46.767  -20.126  39.558 0.0000000000
78006  -46.900  -18.833  39.337 0.0000000000
78026  -47.097  -17.688  38.293 0.0000000000
78046  -43.925  -17.869  36.114 0.0000000000
79049  -48.316  -17.257  39.504 0.0000000000
79060  -48.870  -16.751  39.086 0.0000000000
79080  -46.326  -17.316  37.093 0.0000000000
79090  -43.783  -17.532  35.277 0.0000000000
79099  -43.876  -17.292  35.174 0.0000000000
80108  -48.625  -16.121  38.147 0.0000000000
80110  -49.770  -15.672  38.986 0.0000000000
80117  -49.328  -15.400  37.536 0.0000000000
80119  -50.539  -14.643  37.017 0.0000000000
80120  -50.873  -14.543  36.774 0.0000000000
80131  -45.480  -16.443  36.030 0.0000000000
80146  -45.415  -16.421  35.282 0.0000000000
80147  -46.215  -16.053  35.366 0.0000000000
80151  -49.454  -15.332  35.563 0.0000000000
80153  -50.418  -14.700  36.091 0.0000000000
80168  -47.804  -15.481  34.904 0.0000000000
80171  -49.575  -14.855  35.081 0.0000000000
80184  -45.218  -16.466  33.752 0.0000000000
80202  -48.505  -14.603  33.633 0.0000000000
81155  -49.715  -15.396  38.312 0.0000000000
81156  -50.096  -15.363  38.619 0.0000000000
81181  -46.864  -15.766  35.092 0.0000000000
81182  -47.401  -15.629  35.229 0.0000000000
81183  -50.332  -14.501  35.291 0.0000000000
81184  -50.811  -14.389  35.687 0.0000000000
81193  -46.383  -16.016  34.811 0.0000000000
81194  -46.712  -15.900  34.575 0.0000000000
81206  -47.011  -15.745  34.168 0.0000000000
81207  -47.238  -15.493  34.120 0.0000000000
81209  -49.760  -14.599  34.307 0.0000000000
81210  -50.213  -14.360  34.406 0.0000000000
81219  -48.294  -14.539  33.155 0.0000000000
82243  -51.673  -14.229  37.698 0.0000000000
82272  -51.296  -13.685  35.065 0.0000000000
82282  -49.588  -14.565  33.939 0.0000000000
82283  -49.785  -14.442  33.856 0.0000000000
82284  -50.610  -13.887  34.160 0.0000000000
82292  -48.058  -14.419  32.756 0.0000000000
82293  -48.526  -14.272  32.754 0.0000000000
83338  -53.144  -13.185  37.054 0.0000000000
83351  -52.128  -13.135  35.632 0.0000000000
84418  -52.872  -12.851  36.336 0.0000000000
84445  -52.279  -11.760  33.594 0.0000000000
84453  -52.075  -12.013  33.655 0.0000000000
86623  -54.629  -9.129  32.355 0.0000000000
86633  -54.598  -9.043  32.067 0.0000000000
87772  -54.773  -9.161  33.041 0.0000000000
87792  -54.544  -8.369  30.928 0.0000000000
90026  -55.565  -7.489  30.773 0.0000000000
