#!ascii label  , from subject S5_07 vox2ras=TkReg
2181
46585  -34.970  -44.866  56.727 0.0000000000
80040  -52.093  -16.807  45.950 0.0000000000
62017  -39.325  -30.414  50.267 0.0000000000
36698  -6.342  -53.465  48.457 0.0000000000
39348  -23.692  -50.530  49.119 0.0000000000
46648  -12.523  -46.237  52.205 0.0000000000
46561  -8.311  -47.084  58.127 0.0000000000
67066  -47.322  -26.160  43.845 0.0000000000
54697  -8.014  -39.485  47.269 0.0000000000
28633  -7.114  -60.029  54.791 0.0000000000
55619  -34.766  -39.593  53.720 0.0000000000
42009  -33.259  -48.775  46.552 0.0000000000
39379  -30.453  -49.791  47.430 0.0000000000
83246  -54.955  -13.147  44.344 0.0000000000
66982  -43.050  -28.051  46.952 0.0000000000
40684  -19.468  -48.784  48.732 0.0000000000
53571  -5.882  -39.919  53.128 0.0000000000
43132  -8.675  -50.102  51.587 0.0000000000
45500  -9.201  -47.276  47.578 0.0000000000
40753  -7.114  -51.080  45.360 0.0000000000
32679  -15.141  -57.220  57.656 0.0000000000
33980  -11.135  -55.675  57.670 0.0000000000
60722  -35.891  -31.553  55.722 0.0000000000
39312  -27.765  -49.899  48.916 0.0000000000
42029  -25.896  -48.779  45.846 0.0000000000
46611  -10.753  -46.561  55.697 0.0000000000
39264  -7.814  -52.315  54.089 0.0000000000
73639  -50.039  -22.772  43.564 0.0000000000
35321  -15.848  -53.773  56.231 0.0000000000
39286  -17.742  -50.427  52.344 0.0000000000
49020  -10.424  -44.243  49.327 0.0000000000
50273  -7.411  -43.682  43.737 0.0000000000
41869  -9.936  -49.117  59.646 0.0000000000
37914  -7.535  -53.143  56.918 0.0000000000
32756  -4.770  -57.099  51.385 0.0000000000
51245  -34.665  -41.788  57.875 0.0000000000
46622  -36.420  -45.706  53.598 0.0000000000
52416  -35.172  -41.849  55.610 0.0000000000
43141  -35.259  -47.013  51.208 0.0000000000
44291  -35.349  -47.336  48.515 0.0000000000
41911  -34.410  -47.011  51.505 0.0000000000
81111  -53.510  -15.161  45.409 0.0000000000
77984  -49.373  -18.319  42.885 0.0000000000
80075  -50.235  -15.857  42.112 0.0000000000
82191  -52.238  -14.376  41.757 0.0000000000
64494  -40.702  -28.926  48.885 0.0000000000
62036  -36.038  -30.452  49.258 0.0000000000
63333  -37.455  -29.598  47.105 0.0000000000
64577  -39.147  -28.709  45.454 0.0000000000
43131  -5.223  -50.611  50.481 0.0000000000
44274  -6.525  -49.137  48.862 0.0000000000
36736  -6.745  -52.720  46.804 0.0000000000
36814  -10.195  -54.398  43.063 0.0000000000
34132  -8.965  -55.847  45.238 0.0000000000
32709  -13.832  -56.042  55.402 0.0000000000
31331  -12.917  -58.034  56.100 0.0000000000
60671  -34.233  -32.366  58.455 0.0000000000
56488  -32.892  -38.078  57.610 0.0000000000
57527  -33.012  -37.699  53.702 0.0000000000
58513  -31.981  -35.373  57.531 0.0000000000
61900  -32.302  -32.456  55.211 0.0000000000
43147  -30.050  -47.938  48.488 0.0000000000
42053  -29.018  -48.617  45.134 0.0000000000
40738  -28.015  -49.820  46.553 0.0000000000
85453  -54.564  -11.493  39.167 0.0000000000
85467  -55.141  -10.975  37.784 0.0000000000
47765  -9.616  -46.031  57.527 0.0000000000
43089  -9.569  -48.873  55.428 0.0000000000
43082  -8.067  -49.031  56.784 0.0000000000
71480  -49.009  -24.490  43.032 0.0000000000
67084  -44.332  -26.548  41.886 0.0000000000
68264  -45.863  -25.180  40.770 0.0000000000
71497  -47.441  -23.715  40.630 0.0000000000
35302  -18.364  -54.633  57.954 0.0000000000
36612  -18.614  -52.719  56.130 0.0000000000
50185  -12.358  -43.062  52.098 0.0000000000
50163  -10.318  -42.542  50.587 0.0000000000
47827  -11.803  -44.840  50.123 0.0000000000
46737  -6.049  -46.795  45.079 0.0000000000
47900  -8.705  -45.324  44.985 0.0000000000
49108  -6.121  -45.348  43.568 0.0000000000
40576  -12.179  -51.390  59.385 0.0000000000
31312  -8.836  -57.077  56.636 0.0000000000
35295  -8.465  -55.111  57.566 0.0000000000
34000  -6.546  -56.783  56.598 0.0000000000
35308  -5.599  -55.531  55.123 0.0000000000
31367  -5.301  -58.420  53.080 0.0000000000
55575  -34.119  -39.609  56.275 0.0000000000
43138  -32.360  -47.061  49.792 0.0000000000
41928  -32.983  -47.294  50.499 0.0000000000
40742  -31.657  -49.552  46.710 0.0000000000
84321  -56.105  -12.000  43.342 0.0000000000
83300  -53.154  -13.255  39.613 0.0000000000
65795  -45.262  -27.290  45.435 0.0000000000
67039  -41.008  -27.193  44.166 0.0000000000
42003  -22.696  -48.971  46.745 0.0000000000
39369  -22.083  -49.590  48.764 0.0000000000
53629  -6.447  -40.673  49.603 0.0000000000
44256  -11.633  -49.067  52.201 0.0000000000
45472  -11.682  -47.583  49.309 0.0000000000
45452  -9.364  -48.362  49.439 0.0000000000
46693  -6.734  -47.503  47.586 0.0000000000
43218  -7.421  -49.227  43.264 0.0000000000
35271  -14.939  -54.955  60.366 0.0000000000
35268  -12.747  -54.013  59.042 0.0000000000
32665  -13.149  -56.895  58.664 0.0000000000
29984  -11.103  -57.013  55.986 0.0000000000
63216  -37.727  -30.616  52.612 0.0000000000
60776  -34.358  -31.822  52.868 0.0000000000
39350  -25.466  -50.443  48.860 0.0000000000
39330  -29.393  -50.003  48.158 0.0000000000
39396  -27.071  -50.290  47.471 0.0000000000
40713  -24.901  -49.708  47.406 0.0000000000
50142  -12.534  -43.670  53.940 0.0000000000
50122  -12.166  -43.493  55.508 0.0000000000
47787  -12.183  -45.655  54.218 0.0000000000
44228  -10.527  -48.606  54.081 0.0000000000
41917  -8.026  -50.783  52.950 0.0000000000
40616  -5.439  -52.097  51.929 0.0000000000
76791  -51.078  -19.469  45.337 0.0000000000
74713  -48.121  -21.356  41.810 0.0000000000
33985  -17.101  -55.330  59.403 0.0000000000
35304  -15.947  -54.799  56.430 0.0000000000
34034  -13.864  -54.462  54.762 0.0000000000
39321  -21.244  -49.934  50.149 0.0000000000
37977  -19.945  -50.617  52.955 0.0000000000
37935  -19.111  -51.623  54.933 0.0000000000
37946  -16.568  -51.692  54.696 0.0000000000
36646  -13.943  -52.605  53.100 0.0000000000
53602  -8.894  -40.212  51.418 0.0000000000
48979  -7.588  -41.877  50.174 0.0000000000
51385  -8.751  -41.834  48.039 0.0000000000
47871  -11.791  -45.740  47.978 0.0000000000
50264  -10.513  -43.379  45.596 0.0000000000
52554  -8.310  -41.292  44.151 0.0000000000
45336  -8.800  -47.939  59.569 0.0000000000
37896  -10.432  -52.469  58.574 0.0000000000
40585  -8.748  -50.732  58.776 0.0000000000
41884  -7.391  -50.320  57.840 0.0000000000
39256  -7.246  -52.977  55.593 0.0000000000
37944  -4.750  -53.374  53.452 0.0000000000
35383  -5.283  -55.420  49.904 0.0000000000
27335  -5.797  -61.321  51.391 0.0000000000
30077  -5.640  -59.753  49.439 0.0000000000
32788  -7.647  -57.186  47.511 0.0000000000
48927  -35.515  -43.846  57.243 0.0000000000
47746  -34.067  -44.131  57.998 0.0000000000
46610  -35.798  -45.291  54.585 0.0000000000
48941  -35.552  -43.948  56.261 0.0000000000
44213  -35.390  -45.711  54.568 0.0000000000
45436  -35.901  -45.929  52.199 0.0000000000
45363  -34.739  -45.221  56.061 0.0000000000
44224  -35.075  -46.295  53.767 0.0000000000
80054  -52.796  -16.205  45.553 0.0000000000
79013  -50.656  -17.677  44.500 0.0000000000
79026  -49.448  -17.370  42.341 0.0000000000
80069  -51.338  -16.311  43.840 0.0000000000
81119  -52.249  -15.303  43.628 0.0000000000
63282  -40.083  -29.237  49.065 0.0000000000
63260  -41.823  -29.651  49.869 0.0000000000
63241  -40.406  -29.957  50.961 0.0000000000
62056  -36.642  -30.229  48.487 0.0000000000
63280  -38.003  -29.918  49.018 0.0000000000
63309  -39.173  -29.414  47.919 0.0000000000
40646  -4.279  -51.892  49.649 0.0000000000
40681  -4.798  -51.585  48.035 0.0000000000
38045  -6.605  -53.210  47.837 0.0000000000
36738  -8.117  -53.955  46.376 0.0000000000
36700  -7.388  -54.580  47.650 0.0000000000
32721  -12.359  -56.026  53.684 0.0000000000
32707  -12.325  -57.123  54.431 0.0000000000
57465  -32.836  -36.466  59.063 0.0000000000
58514  -32.194  -36.214  57.841 0.0000000000
58503  -32.324  -35.308  58.527 0.0000000000
60669  -32.579  -33.566  58.241 0.0000000000
85434  -55.479  -11.557  40.952 0.0000000000
85454  -55.123  -11.017  38.788 0.0000000000
86534  -56.381  -10.196  39.810 0.0000000000
46575  -8.395  -47.124  57.673 0.0000000000
44193  -8.508  -48.230  56.823 0.0000000000
44183  -7.980  -47.980  57.646 0.0000000000
69332  -48.405  -25.425  43.563 0.0000000000
69329  -49.435  -25.372  45.028 0.0000000000
67086  -45.615  -26.184  42.378 0.0000000000
67123  -45.043  -26.203  40.883 0.0000000000
68241  -46.907  -25.682  42.757 0.0000000000
70438  -47.887  -24.902  42.217 0.0000000000
36602  -19.771  -53.454  57.014 0.0000000000
36603  -19.951  -52.543  56.554 0.0000000000
39324  -24.051  -50.791  49.758 0.0000000000
56625  -8.239  -38.102  48.111 0.0000000000
48968  -12.557  -44.276  52.364 0.0000000000
48984  -12.284  -43.998  51.448 0.0000000000
47811  -12.460  -45.229  51.610 0.0000000000
45524  -6.091  -47.386  43.980 0.0000000000
47909  -6.474  -46.038  44.438 0.0000000000
45555  -5.561  -47.195  42.761 0.0000000000
41874  -14.068  -50.280  59.312 0.0000000000
39229  -13.900  -52.251  59.136 0.0000000000
29994  -8.071  -58.552  55.471 0.0000000000
32677  -7.729  -56.891  56.752 0.0000000000
31329  -6.796  -58.224  55.790 0.0000000000
32693  -5.858  -57.606  55.207 0.0000000000
30020  -5.643  -59.290  54.026 0.0000000000
53541  -34.495  -40.578  56.581 0.0000000000
53549  -35.201  -40.915  55.926 0.0000000000
54585  -33.819  -39.636  57.217 0.0000000000
55569  -33.662  -38.399  58.481 0.0000000000
41941  -34.829  -48.763  49.447 0.0000000000
40645  -33.952  -48.945  48.786 0.0000000000
41987  -32.989  -49.714  46.646 0.0000000000
42035  -31.146  -48.991  45.897 0.0000000000
84320  -55.399  -12.679  43.900 0.0000000000
83261  -53.066  -13.934  42.974 0.0000000000
83299  -52.533  -13.738  40.226 0.0000000000
83279  -54.020  -12.923  42.242 0.0000000000
84344  -54.541  -12.558  42.116 0.0000000000
66984  -44.235  -27.686  46.337 0.0000000000
65751  -45.355  -27.726  46.801 0.0000000000
65737  -44.248  -28.251  47.530 0.0000000000
65747  -41.224  -28.405  46.676 0.0000000000
65794  -40.349  -27.974  44.814 0.0000000000
67018  -41.795  -27.311  45.079 0.0000000000
68219  -43.366  -26.678  44.812 0.0000000000
54629  -5.653  -39.500  53.071 0.0000000000
54672  -5.481  -39.885  50.952 0.0000000000
53598  -5.473  -40.078  51.627 0.0000000000
43134  -10.355  -49.736  51.919 0.0000000000
44267  -10.962  -48.658  50.568 0.0000000000
44265  -9.155  -48.782  50.112 0.0000000000
41979  -5.454  -50.551  46.892 0.0000000000
46673  -6.488  -48.307  47.971 0.0000000000
43176  -5.660  -49.737  46.427 0.0000000000
44312  -6.253  -48.772  45.778 0.0000000000
42021  -7.777  -50.379  44.011 0.0000000000
40774  -8.984  -51.048  43.236 0.0000000000
32667  -15.109  -56.432  59.005 0.0000000000
32659  -14.056  -55.574  58.933 0.0000000000
32673  -14.109  -57.438  58.280 0.0000000000
30009  -11.704  -58.277  55.146 0.0000000000
29991  -11.824  -57.488  55.917 0.0000000000
28626  -10.734  -58.435  55.370 0.0000000000
28619  -9.898  -58.665  55.516 0.0000000000
60754  -36.952  -31.875  55.010 0.0000000000
60720  -34.072  -31.717  55.434 0.0000000000
61930  -33.251  -31.974  53.719 0.0000000000
60752  -34.508  -31.589  54.076 0.0000000000
61953  -35.912  -31.283  52.909 0.0000000000
40638  -26.915  -49.849  49.559 0.0000000000
39310  -26.125  -50.125  49.493 0.0000000000
39328  -27.151  -50.153  48.779 0.0000000000
40655  -30.948  -49.344  48.143 0.0000000000
40641  -30.741  -48.727  48.320 0.0000000000
39355  -30.119  -49.944  48.099 0.0000000000
40761  -27.480  -49.416  46.060 0.0000000000
39415  -27.630  -50.306  46.975 0.0000000000
40737  -27.089  -49.948  46.657 0.0000000000
39395  -26.199  -50.062  47.487 0.0000000000
42006  -25.295  -48.947  46.290 0.0000000000
42005  -24.558  -48.878  46.502 0.0000000000
48936  -10.675  -44.829  56.809 0.0000000000
48942  -11.139  -45.172  56.065 0.0000000000
48950  -12.232  -45.016  54.481 0.0000000000
46612  -11.396  -46.558  55.182 0.0000000000
45419  -11.824  -47.154  53.892 0.0000000000
45407  -10.792  -47.657  55.084 0.0000000000
41895  -8.364  -50.802  55.294 0.0000000000
41900  -8.774  -50.624  54.351 0.0000000000
41899  -8.491  -51.464  54.071 0.0000000000
41905  -6.528  -51.545  52.372 0.0000000000
40618  -6.896  -52.002  53.164 0.0000000000
74670  -50.609  -21.338  44.412 0.0000000000
75665  -52.028  -20.115  46.133 0.0000000000
74654  -51.641  -21.540  45.448 0.0000000000
73650  -49.115  -22.770  42.518 0.0000000000
73656  -48.166  -22.321  41.523 0.0000000000
74705  -49.024  -21.709  42.877 0.0000000000
75708  -49.495  -20.616  43.478 0.0000000000
35285  -18.812  -54.233  60.239 0.0000000000
35311  -17.169  -54.132  56.921 0.0000000000
35300  -17.264  -55.325  56.938 0.0000000000
35309  -15.371  -54.116  56.396 0.0000000000
34022  -14.720  -54.291  55.925 0.0000000000
35319  -14.525  -54.134  55.282 0.0000000000
40685  -20.634  -49.164  48.663 0.0000000000
39345  -21.298  -49.672  49.558 0.0000000000
40668  -20.540  -49.501  49.580 0.0000000000
40628  -18.269  -49.717  51.994 0.0000000000
39302  -19.819  -49.929  51.725 0.0000000000
39280  -19.351  -50.591  52.773 0.0000000000
37949  -19.628  -51.290  54.252 0.0000000000
37948  -18.549  -51.600  54.335 0.0000000000
37934  -18.162  -51.470  55.137 0.0000000000
39278  -17.078  -51.293  52.910 0.0000000000
37975  -14.363  -52.181  52.366 0.0000000000
52469  -10.590  -41.122  51.117 0.0000000000
47808  -10.263  -43.649  50.267 0.0000000000
48965  -9.166  -42.778  50.488 0.0000000000
47846  -9.228  -43.949  49.875 0.0000000000
50213  -7.870  -42.626  49.200 0.0000000000
50228  -9.402  -43.068  48.682 0.0000000000
45489  -11.347  -47.538  48.281 0.0000000000
46695  -11.847  -46.669  48.648 0.0000000000
46709  -11.351  -46.693  47.326 0.0000000000
49097  -8.042  -44.259  44.213 0.0000000000
49099  -10.105  -44.325  44.941 0.0000000000
50275  -9.603  -43.464  44.472 0.0000000000
51412  -9.818  -42.255  44.947 0.0000000000
51431  -7.734  -42.318  43.701 0.0000000000
51429  -6.241  -41.873  42.991 0.0000000000
44161  -9.172  -48.555  59.759 0.0000000000
35278  -11.536  -54.651  58.614 0.0000000000
36572  -10.982  -53.335  58.760 0.0000000000
36584  -10.348  -53.689  58.565 0.0000000000
36595  -7.904  -53.810  57.302 0.0000000000
37910  -8.794  -52.753  57.740 0.0000000000
37909  -8.345  -52.610  57.528 0.0000000000
41879  -7.835  -50.228  58.498 0.0000000000
39244  -7.689  -52.312  57.145 0.0000000000
40602  -7.610  -51.702  56.872 0.0000000000
37923  -7.039  -53.851  55.840 0.0000000000
34031  -4.703  -56.273  53.443 0.0000000000
36619  -5.121  -54.515  54.214 0.0000000000
35342  -4.229  -55.635  52.240 0.0000000000
36656  -4.279  -54.474  51.094 0.0000000000
34077  -4.930  -56.462  50.242 0.0000000000
26071  -5.971  -62.014  49.230 0.0000000000
28699  -5.591  -60.818  50.214 0.0000000000
52397  -34.384  -41.015  57.580 0.0000000000
47806  -35.777  -45.193  52.547 0.0000000000
50152  -35.979  -43.650  53.175 0.0000000000
50130  -35.656  -43.433  55.365 0.0000000000
51253  -35.582  -42.167  56.838 0.0000000000
41942  -35.192  -48.644  49.309 0.0000000000
43157  -35.436  -47.734  49.741 0.0000000000
45462  -35.507  -45.958  50.956 0.0000000000
41923  -35.101  -48.056  50.864 0.0000000000
82161  -53.920  -14.378  44.606 0.0000000000
79040  -48.964  -16.558  40.456 0.0000000000
81135  -50.099  -15.388  39.991 0.0000000000
82216  -51.035  -14.727  39.590 0.0000000000
81124  -51.448  -15.070  42.280 0.0000000000
82170  -52.598  -14.718  43.381 0.0000000000
64512  -42.154  -28.615  47.803 0.0000000000
64513  -43.234  -28.685  48.094 0.0000000000
63285  -42.367  -29.150  49.129 0.0000000000
63243  -42.519  -29.411  50.528 0.0000000000
62035  -35.009  -30.637  49.194 0.0000000000
63305  -35.231  -30.159  47.920 0.0000000000
63332  -36.507  -29.786  47.061 0.0000000000
63377  -37.049  -29.127  45.622 0.0000000000
64575  -37.486  -28.936  45.034 0.0000000000
63360  -38.155  -29.359  46.389 0.0000000000
64531  -40.356  -28.763  46.861 0.0000000000
44239  -7.540  -50.422  51.301 0.0000000000
44252  -7.785  -49.935  50.597 0.0000000000
44261  -5.840  -50.234  49.515 0.0000000000
40702  -5.387  -51.340  47.410 0.0000000000
38068  -7.352  -52.200  46.200 0.0000000000
38083  -9.665  -52.769  43.961 0.0000000000
38058  -8.528  -53.598  45.690 0.0000000000
35481  -9.749  -55.250  44.383 0.0000000000
32696  -14.620  -56.646  55.794 0.0000000000
32678  -14.421  -57.727  57.178 0.0000000000
31356  -13.324  -57.610  55.182 0.0000000000
60703  -35.050  -31.611  56.530 0.0000000000
56500  -33.775  -39.096  55.902 0.0000000000
56526  -33.827  -38.856  53.687 0.0000000000
57499  -32.748  -37.608  55.573 0.0000000000
57497  -31.939  -36.482  56.007 0.0000000000
58535  -31.269  -35.494  55.072 0.0000000000
60701  -31.956  -33.333  56.421 0.0000000000
61886  -33.557  -32.219  56.758 0.0000000000
41935  -28.829  -48.640  48.477 0.0000000000
40741  -30.699  -49.759  46.778 0.0000000000
39417  -29.055  -49.662  46.800 0.0000000000
40763  -29.262  -49.578  45.950 0.0000000000
42031  -27.795  -48.972  45.471 0.0000000000
84402  -53.807  -11.891  36.949 0.0000000000
85477  -54.389  -11.222  36.837 0.0000000000
86569  -54.685  -10.663  36.318 0.0000000000
86582  -55.347  -9.661  35.378 0.0000000000
46590  -9.947  -46.516  56.601 0.0000000000
45406  -9.951  -47.984  55.517 0.0000000000
44202  -9.084  -48.371  56.399 0.0000000000
43083  -8.655  -48.768  56.539 0.0000000000
41894  -7.999  -50.964  56.213 0.0000000000
72559  -49.768  -23.375  43.319 0.0000000000
71471  -50.009  -24.318  44.417 0.0000000000
68276  -44.377  -25.992  39.753 0.0000000000
69380  -45.563  -24.941  39.862 0.0000000000
71522  -46.406  -23.919  39.826 0.0000000000
70455  -47.108  -24.433  40.939 0.0000000000
71489  -48.375  -24.179  42.295 0.0000000000
35293  -19.138  -54.266  59.439 0.0000000000
36596  -19.269  -53.759  58.643 0.0000000000
36606  -18.680  -53.989  56.669 0.0000000000
36611  -17.300  -53.505  56.423 0.0000000000
40648  -17.115  -49.667  50.211 0.0000000000
39285  -16.298  -50.947  51.823 0.0000000000
51321  -12.070  -42.138  51.513 0.0000000000
51320  -11.211  -42.045  50.869 0.0000000000
50184  -11.754  -43.008  51.268 0.0000000000
47809  -11.201  -44.089  50.459 0.0000000000
49002  -11.275  -44.510  49.952 0.0000000000
46722  -7.982  -46.564  46.262 0.0000000000
46723  -8.971  -46.407  46.284 0.0000000000
46739  -7.362  -46.240  45.576 0.0000000000
49083  -6.759  -44.933  45.031 0.0000000000
50271  -6.588  -44.719  43.712 0.0000000000
44145  -14.258  -47.670  60.601 0.0000000000
43062  -12.629  -49.479  59.433 0.0000000000
41871  -11.593  -50.317  59.489 0.0000000000
32671  -9.632  -56.576  57.082 0.0000000000
35289  -9.619  -54.999  58.107 0.0000000000
33989  -8.995  -55.991  57.370 0.0000000000
33987  -7.617  -55.780  57.348 0.0000000000
35298  -6.827  -55.350  56.612 0.0000000000
36604  -6.771  -54.555  56.225 0.0000000000
34007  -5.622  -56.655  55.352 0.0000000000
32719  -5.000  -57.372  53.637 0.0000000000
32731  -4.957  -57.667  52.688 0.0000000000
54624  -35.453  -40.382  53.683 0.0000000000
52428  -35.423  -41.875  54.132 0.0000000000
54608  -35.054  -40.251  55.396 0.0000000000
55589  -34.886  -39.831  55.367 0.0000000000
56489  -33.619  -38.801  56.924 0.0000000000
56476  -32.878  -37.283  58.745 0.0000000000
40656  -31.881  -49.386  48.155 0.0000000000
41929  -33.528  -47.807  50.452 0.0000000000
40657  -32.789  -49.200  48.093 0.0000000000
40716  -31.392  -50.002  47.034 0.0000000000
42034  -30.418  -49.177  45.660 0.0000000000
83321  -52.403  -13.679  38.111 0.0000000000
84367  -54.212  -12.100  39.644 0.0000000000
84357  -55.181  -12.017  40.998 0.0000000000
65814  -45.954  -26.976  44.704 0.0000000000
67001  -47.220  -26.871  45.853 0.0000000000
65752  -46.177  -27.454  46.586 0.0000000000
67038  -38.529  -27.987  44.123 0.0000000000
67060  -42.813  -26.554  42.805 0.0000000000
67043  -44.824  -26.755  43.842 0.0000000000
40711  -23.280  -49.547  47.712 0.0000000000
39370  -22.596  -49.742  48.797 0.0000000000
40710  -22.373  -49.460  47.618 0.0000000000
41984  -20.800  -48.958  47.249 0.0000000000
55653  -6.426  -38.412  50.178 0.0000000000
54682  -7.498  -39.997  49.033 0.0000000000
45440  -12.474  -47.289  51.922 0.0000000000
46659  -12.619  -46.441  51.029 0.0000000000
45455  -12.033  -47.722  50.379 0.0000000000
45454  -10.999  -48.187  50.014 0.0000000000
44278  -10.069  -48.192  48.563 0.0000000000
44275  -7.351  -48.782  49.214 0.0000000000
45468  -7.691  -47.795  48.731 0.0000000000
45499  -8.228  -47.110  47.595 0.0000000000
46720  -6.477  -47.316  46.135 0.0000000000
36564  -13.914  -53.562  59.146 0.0000000000
35270  -14.191  -54.479  59.831 0.0000000000
33971  -13.071  -54.937  58.511 0.0000000000
32656  -12.122  -55.999  58.218 0.0000000000
31325  -13.444  -57.826  57.533 0.0000000000
31316  -11.877  -56.801  56.737 0.0000000000
31308  -11.386  -56.442  57.215 0.0000000000
29982  -10.038  -57.303  56.381 0.0000000000
29995  -9.106  -58.560  55.546 0.0000000000
28622  -8.160  -59.203  54.609 0.0000000000
61997  -38.417  -30.749  50.907 0.0000000000
61977  -39.134  -30.461  51.397 0.0000000000
61936  -38.730  -30.390  53.254 0.0000000000
57546  -33.949  -38.035  52.332 0.0000000000
62011  -33.727  -30.971  50.143 0.0000000000
61974  -37.123  -30.705  51.570 0.0000000000
39308  -24.921  -50.644  49.961 0.0000000000
39349  -24.653  -50.587  49.025 0.0000000000
43148  -31.447  -47.488  48.496 0.0000000000
40640  -29.284  -49.030  48.197 0.0000000000
40653  -28.754  -49.749  48.439 0.0000000000
39398  -28.798  -50.064  47.444 0.0000000000
39376  -28.107  -50.303  47.820 0.0000000000
39352  -27.191  -50.225  48.346 0.0000000000
39374  -26.284  -50.205  48.149 0.0000000000
39373  -25.380  -50.217  48.336 0.0000000000
39393  -24.712  -49.799  47.886 0.0000000000
40733  -23.518  -49.336  47.173 0.0000000000
86600  -55.389  -9.437  34.851 0.0000000000
87774  -55.701  -8.607  34.213 0.0000000000
88878  -55.728  -7.891  33.438 0.0000000000
50164  -12.542  -43.433  53.094 0.0000000000
48959  -12.438  -44.576  53.531 0.0000000000
50131  -12.388  -43.436  54.678 0.0000000000
48958  -12.210  -45.161  53.880 0.0000000000
46636  -12.614  -46.166  53.127 0.0000000000
45420  -12.317  -46.627  53.435 0.0000000000
44242  -11.670  -49.247  53.015 0.0000000000
43121  -9.760  -50.072  52.725 0.0000000000
44227  -10.091  -48.809  54.507 0.0000000000
43105  -9.251  -50.400  53.578 0.0000000000
43120  -8.405  -50.410  52.375 0.0000000000
43118  -6.391  -51.282  51.541 0.0000000000
41913  -5.391  -51.592  51.113 0.0000000000
39299  -4.377  -52.594  50.162 0.0000000000
77971  -51.188  -18.103  45.357 0.0000000000
72582  -46.860  -23.083  39.824 0.0000000000
73664  -47.338  -22.267  40.134 0.0000000000
75747  -47.449  -20.586  40.369 0.0000000000
75739  -48.757  -19.832  42.400 0.0000000000
76822  -49.865  -19.102  43.665 0.0000000000
33975  -16.401  -55.558  59.838 0.0000000000
33990  -16.338  -56.213  58.257 0.0000000000
35296  -18.116  -55.119  58.436 0.0000000000
33997  -16.995  -55.723  57.643 0.0000000000
34002  -15.748  -55.900  56.339 0.0000000000
34033  -13.241  -55.326  54.392 0.0000000000
39347  -22.913  -49.853  49.364 0.0000000000
39322  -22.256  -49.767  50.122 0.0000000000
39290  -21.684  -50.311  51.342 0.0000000000
40650  -20.022  -49.594  50.575 0.0000000000
39289  -21.048  -50.270  51.705 0.0000000000
37965  -21.103  -50.723  53.341 0.0000000000
37950  -20.569  -51.105  54.201 0.0000000000
37937  -20.768  -51.230  54.873 0.0000000000
36614  -20.047  -51.799  56.055 0.0000000000
36613  -19.641  -51.854  55.972 0.0000000000
36623  -17.463  -52.334  55.468 0.0000000000
36622  -16.135  -53.225  55.621 0.0000000000
39277  -15.789  -51.193  52.900 0.0000000000
36647  -14.670  -51.933  54.250 0.0000000000
36635  -15.013  -52.648  55.054 0.0000000000
35344  -13.874  -53.476  53.746 0.0000000000
53600  -7.201  -40.154  52.355 0.0000000000
51319  -10.095  -41.646  50.891 0.0000000000
51317  -8.002  -41.109  51.376 0.0000000000
51281  -6.152  -41.226  52.229 0.0000000000
51353  -6.762  -41.516  49.610 0.0000000000
52507  -7.416  -41.495  48.504 0.0000000000
53649  -7.834  -40.324  47.500 0.0000000000
46677  -12.587  -46.057  50.407 0.0000000000
47849  -11.959  -45.580  49.260 0.0000000000
49040  -11.375  -44.772  48.572 0.0000000000
46725  -10.886  -46.082  46.265 0.0000000000
49074  -11.350  -44.980  46.496 0.0000000000
50239  -10.293  -43.393  47.333 0.0000000000
51400  -9.993  -42.115  46.500 0.0000000000
52535  -9.114  -41.064  46.006 0.0000000000
53671  -7.644  -40.020  45.270 0.0000000000
53694  -6.357  -40.578  43.722 0.0000000000
37898  -12.467  -52.973  58.962 0.0000000000
40575  -11.147  -51.378  59.069 0.0000000000
40574  -10.242  -51.083  58.954 0.0000000000
36583  -9.621  -53.045  58.223 0.0000000000
37894  -9.342  -51.881  58.421 0.0000000000
41859  -9.277  -49.819  59.165 0.0000000000
43048  -8.515  -49.073  59.015 0.0000000000
44169  -7.703  -48.651  58.919 0.0000000000
44176  -7.858  -48.248  58.190 0.0000000000
43080  -7.651  -50.572  57.204 0.0000000000
41891  -7.828  -51.015  56.659 0.0000000000
39257  -7.436  -52.541  55.094 0.0000000000
36620  -5.906  -54.690  54.748 0.0000000000
37933  -6.131  -53.911  54.116 0.0000000000
39269  -6.498  -52.872  53.555 0.0000000000
39268  -5.117  -52.579  53.038 0.0000000000
37990  -4.539  -53.500  50.626 0.0000000000
36678  -5.767  -54.099  50.053 0.0000000000
27296  -7.309  -60.807  53.927 0.0000000000
26047  -6.655  -61.423  51.641 0.0000000000
28662  -6.027  -60.576  53.451 0.0000000000
30043  -5.385  -59.359  52.382 0.0000000000
31395  -5.252  -58.727  51.586 0.0000000000
32757  -5.116  -58.045  50.907 0.0000000000
31431  -5.885  -58.817  49.417 0.0000000000
32769  -5.586  -57.660  50.216 0.0000000000
34078  -5.661  -56.651  49.688 0.0000000000
34104  -7.185  -56.540  48.796 0.0000000000
35421  -7.206  -55.343  48.564 0.0000000000
34119  -8.173  -56.153  46.586 0.0000000000
32820  -9.019  -57.567  44.333 0.0000000000
47755  -35.082  -44.659  57.040 0.0000000000
47748  -34.840  -44.283  57.163 0.0000000000
47754  -34.859  -44.698  57.156 0.0000000000
46599  -35.163  -44.936  55.787 0.0000000000
47763  -35.117  -44.501  56.515 0.0000000000
45393  -35.173  -45.135  55.612 0.0000000000
45405  -35.490  -45.414  54.814 0.0000000000
46584  -34.871  -44.940  56.149 0.0000000000
44200  -35.026  -45.611  55.118 0.0000000000
46573  -34.625  -44.948  56.845 0.0000000000
80053  -51.884  -16.670  45.312 0.0000000000
80055  -53.375  -15.903  46.152 0.0000000000
80041  -52.689  -16.656  46.518 0.0000000000
79014  -51.207  -17.395  44.964 0.0000000000
79021  -51.084  -17.066  44.342 0.0000000000
80063  -51.669  -16.571  44.601 0.0000000000
80064  -52.396  -16.140  44.830 0.0000000000
63257  -39.090  -30.263  49.844 0.0000000000
63258  -39.873  -30.257  49.914 0.0000000000
63240  -39.708  -30.251  50.625 0.0000000000
62016  -38.616  -30.452  50.156 0.0000000000
62038  -37.908  -30.314  49.516 0.0000000000
62039  -38.515  -30.129  49.579 0.0000000000
63281  -38.951  -29.661  49.181 0.0000000000
39317  -4.417  -52.700  49.306 0.0000000000
39342  -4.784  -52.549  48.468 0.0000000000
38032  -5.830  -52.850  48.518 0.0000000000
36699  -6.748  -54.148  48.008 0.0000000000
32733  -11.567  -56.507  52.746 0.0000000000
58504  -32.814  -35.530  59.298 0.0000000000
46576  -8.704  -46.612  57.940 0.0000000000
45378  -8.270  -47.587  57.509 0.0000000000
45364  -8.108  -47.575  57.884 0.0000000000
68222  -47.996  -25.715  43.940 0.0000000000
68223  -48.347  -25.696  44.437 0.0000000000
67024  -47.962  -26.122  45.042 0.0000000000
67065  -46.802  -26.158  43.455 0.0000000000
67087  -46.171  -25.939  42.583 0.0000000000
68233  -47.081  -25.865  43.234 0.0000000000
68242  -47.536  -25.520  42.711 0.0000000000
37920  -20.086  -51.916  56.471 0.0000000000
36598  -20.080  -52.813  57.058 0.0000000000
54698  -8.287  -38.951  47.421 0.0000000000
55683  -8.394  -38.411  47.195 0.0000000000
45536  -5.697  -47.238  43.264 0.0000000000
39230  -14.576  -51.990  59.243 0.0000000000
30007  -7.135  -58.764  55.001 0.0000000000
29993  -7.316  -58.479  55.602 0.0000000000
31341  -6.344  -58.276  55.021 0.0000000000
30021  -6.211  -59.231  54.474 0.0000000000
53535  -34.081  -40.289  57.307 0.0000000000
55563  -33.696  -38.824  58.225 0.0000000000
41972  -33.820  -49.295  47.501 0.0000000000
41958  -34.016  -49.162  47.986 0.0000000000
42008  -32.643  -49.039  46.689 0.0000000000
83244  -53.817  -13.776  43.821 0.0000000000
83262  -54.146  -13.277  42.877 0.0000000000
83245  -54.706  -13.290  43.871 0.0000000000
84331  -54.906  -12.784  43.228 0.0000000000
66983  -43.692  -27.854  46.701 0.0000000000
65749  -43.945  -27.999  47.221 0.0000000000
65736  -43.603  -28.298  47.550 0.0000000000
65748  -42.104  -28.247  46.847 0.0000000000
66996  -41.552  -27.801  45.893 0.0000000000
65768  -41.855  -27.895  46.361 0.0000000000
66997  -42.707  -27.725  45.980 0.0000000000
54631  -6.185  -39.405  53.415 0.0000000000
54630  -5.870  -39.373  53.338 0.0000000000
54643  -5.394  -39.691  52.160 0.0000000000
53570  -5.889  -40.006  53.169 0.0000000000
43133  -9.313  -49.979  51.747 0.0000000000
44254  -9.830  -49.393  51.047 0.0000000000
44253  -8.727  -49.701  50.917 0.0000000000
40729  -6.777  -51.107  45.610 0.0000000000
41994  -5.684  -50.435  46.192 0.0000000000
41995  -6.223  -50.546  45.870 0.0000000000
42019  -6.445  -49.901  45.373 0.0000000000
42020  -7.027  -50.241  44.817 0.0000000000
42022  -8.400  -50.688  43.550 0.0000000000
40755  -8.501  -51.190  44.084 0.0000000000
32675  -15.665  -56.458  58.674 0.0000000000
32674  -15.075  -56.940  58.532 0.0000000000
28638  -11.008  -58.448  54.986 0.0000000000
60739  -35.748  -31.216  54.998 0.0000000000
60740  -36.640  -31.213  55.053 0.0000000000
60723  -36.558  -31.233  55.727 0.0000000000
55620  -35.103  -39.951  53.253 0.0000000000
60738  -34.810  -31.513  54.841 0.0000000000
60753  -35.358  -31.481  54.200 0.0000000000
40639  -27.807  -49.591  49.097 0.0000000000
39311  -27.060  -50.020  49.273 0.0000000000
39332  -31.114  -49.601  47.727 0.0000000000
40760  -26.586  -49.307  46.249 0.0000000000
40759  -25.871  -49.193  46.439 0.0000000000
42028  -24.790  -48.520  45.826 0.0000000000
42049  -25.454  -48.172  45.397 0.0000000000
47771  -10.776  -45.778  56.137 0.0000000000
47772  -11.298  -45.430  55.666 0.0000000000
47779  -11.178  -45.980  55.548 0.0000000000
40610  -7.928  -51.692  54.597 0.0000000000
40613  -8.038  -51.981  53.785 0.0000000000
39270  -7.344  -52.364  53.694 0.0000000000
75695  -51.169  -20.923  44.951 0.0000000000
74671  -51.174  -21.738  44.812 0.0000000000
73651  -49.721  -23.000  42.925 0.0000000000
73638  -49.566  -22.281  43.218 0.0000000000
74686  -50.086  -21.825  43.800 0.0000000000
36610  -16.385  -53.651  56.325 0.0000000000
35310  -16.332  -53.985  56.725 0.0000000000
35320  -15.163  -53.702  55.812 0.0000000000
40707  -19.965  -48.740  48.088 0.0000000000
39287  -18.970  -49.911  52.368 0.0000000000
39279  -18.384  -50.894  52.909 0.0000000000
37963  -19.177  -51.189  53.442 0.0000000000
37962  -17.767  -51.381  53.763 0.0000000000
53604  -11.059  -40.311  51.305 0.0000000000
47848  -10.373  -44.292  49.891 0.0000000000
47824  -9.389  -43.856  50.087 0.0000000000
49019  -9.381  -43.868  49.649 0.0000000000
50214  -8.956  -42.981  49.322 0.0000000000
50215  -9.716  -43.543  49.149 0.0000000000
45488  -10.670  -47.961  48.163 0.0000000000
45502  -11.050  -47.493  47.740 0.0000000000
45501  -10.380  -47.331  47.500 0.0000000000
49098  -9.021  -44.246  44.484 0.0000000000
50274  -8.461  -43.269  43.983 0.0000000000
50286  -8.038  -42.671  43.819 0.0000000000
50285  -7.529  -42.858  43.642 0.0000000000
51430  -7.024  -42.182  43.500 0.0000000000
50284  -6.663  -42.983  43.093 0.0000000000
44163  -10.721  -48.332  59.807 0.0000000000
43050  -9.720  -48.839  59.814 0.0000000000
33969  -11.350  -55.169  58.042 0.0000000000
36585  -11.041  -54.078  58.703 0.0000000000
33968  -10.766  -55.201  57.877 0.0000000000
36594  -7.609  -53.522  57.078 0.0000000000
37915  -7.892  -52.874  57.153 0.0000000000
39245  -7.983  -51.867  57.533 0.0000000000
39249  -7.554  -52.429  56.839 0.0000000000
37919  -7.240  -53.510  56.512 0.0000000000
34043  -4.437  -56.289  52.643 0.0000000000
35330  -4.273  -55.438  53.025 0.0000000000
34054  -4.446  -56.318  51.812 0.0000000000
35354  -4.208  -55.487  51.453 0.0000000000
34065  -4.426  -56.367  50.939 0.0000000000
24849  -5.888  -63.167  48.074 0.0000000000
26081  -5.817  -62.275  48.505 0.0000000000
47795  -35.848  -45.326  53.306 0.0000000000
48964  -35.818  -44.653  53.482 0.0000000000
48957  -35.785  -44.624  54.132 0.0000000000
50105  -35.603  -43.015  57.078 0.0000000000
50113  -35.757  -43.148  56.580 0.0000000000
51252  -35.251  -41.952  57.361 0.0000000000
52402  -34.789  -41.263  56.925 0.0000000000
43140  -35.309  -47.701  50.661 0.0000000000
43156  -35.336  -48.385  49.182 0.0000000000
43150  -35.385  -47.359  50.380 0.0000000000
45426  -36.319  -45.991  53.281 0.0000000000
45448  -35.404  -46.140  51.444 0.0000000000
46635  -36.035  -45.783  53.138 0.0000000000
46647  -35.687  -45.668  52.353 0.0000000000
43114  -34.838  -46.771  53.092 0.0000000000
43129  -35.009  -47.243  51.515 0.0000000000
41932  -35.188  -48.375  50.099 0.0000000000
82151  -54.106  -14.505  45.221 0.0000000000
82152  -54.478  -14.129  45.411 0.0000000000
82134  -54.087  -14.597  45.759 0.0000000000
76848  -48.163  -19.392  41.229 0.0000000000
77998  -48.293  -18.285  40.720 0.0000000000
77988  -48.709  -18.469  41.557 0.0000000000
80067  -49.763  -16.608  42.542 0.0000000000
80074  -49.642  -16.481  41.835 0.0000000000
80081  -49.409  -16.124  41.107 0.0000000000
80088  -49.722  -15.722  40.304 0.0000000000
81131  -50.604  -15.405  41.364 0.0000000000
81137  -50.876  -15.154  40.948 0.0000000000
81123  -50.853  -15.399  41.922 0.0000000000
81114  -52.673  -15.600  44.373 0.0000000000
81115  -53.209  -15.137  44.525 0.0000000000
82171  -53.118  -14.655  43.773 0.0000000000
64511  -41.193  -28.662  47.927 0.0000000000
64496  -41.971  -28.858  48.667 0.0000000000
64495  -41.210  -28.821  48.762 0.0000000000
63242  -41.515  -29.721  50.713 0.0000000000
63231  -42.220  -29.417  51.394 0.0000000000
63307  -37.205  -30.074  48.227 0.0000000000
63306  -36.202  -30.087  47.896 0.0000000000
63358  -36.780  -29.273  46.211 0.0000000000
63359  -37.695  -29.258  46.146 0.0000000000
63334  -38.348  -29.480  46.945 0.0000000000
63310  -39.830  -29.253  48.185 0.0000000000
64530  -39.411  -29.282  47.045 0.0000000000
64510  -40.343  -29.066  48.055 0.0000000000
64532  -41.200  -28.506  47.201 0.0000000000
44249  -5.541  -50.670  50.597 0.0000000000
44250  -6.179  -50.416  50.314 0.0000000000
39367  -5.290  -52.232  47.774 0.0000000000
41954  -4.738  -50.836  48.425 0.0000000000
39388  -5.897  -51.852  47.287 0.0000000000
39408  -6.339  -51.764  46.698 0.0000000000
38056  -7.106  -52.428  46.574 0.0000000000
38069  -8.092  -52.674  45.628 0.0000000000
36768  -7.657  -52.954  46.186 0.0000000000
35460  -8.680  -54.953  45.754 0.0000000000
36739  -8.618  -54.180  45.865 0.0000000000
35480  -9.336  -55.192  45.106 0.0000000000
34143  -9.546  -55.758  43.914 0.0000000000
34142  -9.236  -56.191  44.390 0.0000000000
32695  -13.841  -57.090  55.473 0.0000000000
60686  -33.985  -32.150  57.395 0.0000000000
56499  -33.271  -38.476  56.679 0.0000000000
57489  -33.362  -38.527  56.102 0.0000000000
57488  -32.820  -38.034  56.356 0.0000000000
57486  -32.060  -36.628  56.360 0.0000000000
58524  -31.837  -35.883  56.453 0.0000000000
58536  -31.776  -36.356  55.425 0.0000000000
59597  -31.597  -35.350  55.889 0.0000000000
59586  -31.510  -34.295  56.149 0.0000000000
59587  -31.731  -34.481  56.641 0.0000000000
60670  -33.360  -32.921  58.461 0.0000000000
60685  -33.038  -32.730  57.702 0.0000000000
43155  -29.561  -48.006  48.507 0.0000000000
42033  -29.595  -49.148  45.560 0.0000000000
42032  -28.716  -48.997  45.516 0.0000000000
84386  -53.822  -12.186  37.646 0.0000000000
84419  -53.181  -12.103  36.165 0.0000000000
85493  -54.119  -11.198  35.670 0.0000000000
86560  -55.722  -10.358  37.655 0.0000000000
46589  -9.528  -46.699  56.814 0.0000000000
45380  -9.054  -47.245  56.862 0.0000000000
43087  -8.039  -50.142  56.271 0.0000000000
72547  -49.601  -23.986  43.528 0.0000000000
72548  -50.164  -23.461  43.978 0.0000000000
67101  -44.061  -26.420  41.023 0.0000000000
68263  -45.288  -25.957  40.646 0.0000000000
68262  -44.755  -26.109  40.252 0.0000000000
68277  -45.366  -25.434  40.072 0.0000000000
68278  -45.754  -24.923  40.343 0.0000000000
69381  -45.946  -24.686  40.240 0.0000000000
69366  -46.028  -24.871  40.724 0.0000000000
71488  -48.569  -24.699  42.659 0.0000000000
70439  -47.767  -24.362  41.688 0.0000000000
72558  -49.207  -23.634  42.785 0.0000000000
36593  -19.452  -52.896  58.584 0.0000000000
40634  -16.490  -49.906  51.023 0.0000000000
40647  -15.807  -49.887  49.795 0.0000000000
47810  -12.005  -44.602  50.865 0.0000000000
48983  -11.550  -43.661  50.835 0.0000000000
46721  -7.127  -46.882  46.162 0.0000000000
46738  -6.618  -46.480  45.384 0.0000000000
47908  -6.260  -45.919  44.087 0.0000000000
49082  -6.148  -45.204  44.891 0.0000000000
49094  -6.440  -45.330  44.673 0.0000000000
49095  -6.558  -44.920  44.613 0.0000000000
50270  -6.451  -45.090  43.736 0.0000000000
49117  -5.512  -45.101  42.717 0.0000000000
40587  -12.909  -50.975  59.590 0.0000000000
41881  -13.242  -49.993  59.299 0.0000000000
41872  -12.610  -50.199  59.447 0.0000000000
43053  -12.004  -49.501  59.585 0.0000000000
40586  -12.313  -50.759  59.529 0.0000000000
31313  -9.607  -57.061  56.632 0.0000000000
32670  -9.018  -56.548  57.115 0.0000000000
32676  -7.043  -57.261  56.717 0.0000000000
33995  -7.789  -56.337  57.158 0.0000000000
33994  -7.037  -56.274  57.084 0.0000000000
35299  -7.317  -55.215  57.117 0.0000000000
33993  -6.403  -56.131  56.595 0.0000000000
35303  -6.065  -55.622  56.053 0.0000000000
33999  -5.953  -56.683  56.261 0.0000000000
32706  -5.470  -57.417  54.553 0.0000000000
32718  -4.683  -56.859  53.496 0.0000000000
53593  -35.035  -41.326  52.439 0.0000000000
53577  -35.361  -40.999  53.209 0.0000000000
51278  -35.496  -42.703  54.360 0.0000000000
51288  -35.567  -42.718  53.513 0.0000000000
52422  -34.958  -41.956  54.943 0.0000000000
54600  -34.689  -40.118  55.808 0.0000000000
54601  -35.062  -40.535  55.689 0.0000000000
54607  -34.873  -39.970  55.587 0.0000000000
55580  -34.929  -39.988  55.510 0.0000000000
55579  -34.628  -39.946  55.668 0.0000000000
56490  -34.011  -39.390  56.224 0.0000000000
56478  -33.819  -39.097  56.936 0.0000000000
56477  -33.330  -38.479  57.997 0.0000000000
44306  -34.640  -47.632  47.294 0.0000000000
40642  -31.924  -48.546  48.413 0.0000000000
41938  -32.867  -47.954  49.318 0.0000000000
43112  -34.108  -46.565  52.123 0.0000000000
41921  -34.060  -47.546  51.151 0.0000000000
40672  -33.338  -49.801  47.710 0.0000000000
40644  -33.516  -48.814  48.740 0.0000000000
40671  -32.721  -49.801  47.757 0.0000000000
40690  -31.800  -50.010  47.389 0.0000000000
40765  -30.957  -49.408  46.206 0.0000000000
42055  -30.643  -48.723  45.416 0.0000000000
84333  -56.106  -11.953  42.822 0.0000000000
82202  -51.232  -14.808  40.570 0.0000000000
82230  -51.081  -14.696  38.943 0.0000000000
82217  -51.850  -14.310  39.835 0.0000000000
83291  -53.177  -13.144  40.754 0.0000000000
83307  -52.433  -13.746  39.162 0.0000000000
83308  -53.005  -13.177  38.549 0.0000000000
84374  -53.583  -12.635  39.053 0.0000000000
84366  -53.790  -12.679  40.171 0.0000000000
84332  -55.603  -12.270  42.694 0.0000000000
84345  -55.248  -12.083  41.597 0.0000000000
85422  -55.757  -11.647  42.065 0.0000000000
65796  -45.694  -27.056  45.083 0.0000000000
65771  -46.223  -27.051  45.675 0.0000000000
65770  -45.580  -27.427  45.940 0.0000000000
65738  -45.179  -28.357  47.789 0.0000000000
65739  -45.968  -27.961  47.283 0.0000000000
64485  -43.868  -29.194  49.840 0.0000000000
64498  -43.805  -28.755  48.857 0.0000000000
65792  -38.174  -28.538  44.762 0.0000000000
67037  -38.160  -28.086  44.024 0.0000000000
65793  -39.260  -28.325  44.916 0.0000000000
67059  -41.690  -26.614  42.909 0.0000000000
67040  -42.100  -26.521  44.031 0.0000000000
68198  -44.226  -27.171  45.276 0.0000000000
68220  -43.896  -26.690  44.442 0.0000000000
67020  -44.807  -27.067  45.015 0.0000000000
67044  -45.500  -26.898  44.237 0.0000000000
41986  -22.230  -49.191  47.049 0.0000000000
42001  -20.915  -48.735  46.749 0.0000000000
56572  -5.317  -37.684  51.457 0.0000000000
54673  -6.165  -39.700  50.371 0.0000000000
54681  -6.791  -39.593  49.435 0.0000000000
53630  -7.024  -40.440  49.108 0.0000000000
45439  -11.937  -48.222  51.451 0.0000000000
44266  -10.345  -48.783  50.418 0.0000000000
45453  -10.042  -48.353  49.664 0.0000000000
45470  -9.902  -48.344  48.875 0.0000000000
44263  -7.127  -49.478  49.782 0.0000000000
44264  -8.007  -49.091  50.123 0.0000000000
43153  -6.861  -49.048  49.093 0.0000000000
46692  -6.504  -48.006  47.566 0.0000000000
46675  -7.211  -47.468  48.019 0.0000000000
45486  -8.590  -47.534  48.240 0.0000000000
46694  -7.221  -47.098  47.588 0.0000000000
46703  -6.381  -47.674  47.100 0.0000000000
43199  -6.739  -49.221  44.576 0.0000000000
39439  -9.672  -52.603  43.391 0.0000000000
38107  -10.118  -53.582  42.272 0.0000000000
36576  -14.584  -54.130  60.290 0.0000000000
33967  -14.339  -54.960  59.863 0.0000000000
32658  -13.509  -55.697  58.751 0.0000000000
33972  -13.830  -55.033  58.875 0.0000000000
32657  -12.687  -55.916  58.593 0.0000000000
32664  -12.169  -56.725  58.731 0.0000000000
31332  -13.576  -58.010  56.611 0.0000000000
29985  -11.643  -57.001  55.924 0.0000000000
31323  -12.051  -56.978  56.186 0.0000000000
31315  -10.962  -56.668  56.514 0.0000000000
31314  -10.288  -56.907  56.599 0.0000000000
29983  -10.463  -57.270  56.237 0.0000000000
28624  -9.512  -59.075  55.134 0.0000000000
29996  -9.587  -58.557  55.558 0.0000000000
28623  -8.782  -59.001  54.820 0.0000000000
61975  -37.909  -30.755  51.674 0.0000000000
61976  -38.464  -30.615  51.747 0.0000000000
61955  -38.022  -30.602  52.558 0.0000000000
57511  -33.424  -38.319  54.218 0.0000000000
57528  -33.738  -38.059  53.259 0.0000000000
61951  -33.841  -31.950  53.025 0.0000000000
61950  -33.098  -32.048  52.611 0.0000000000
61971  -34.028  -31.749  52.005 0.0000000000
63215  -37.264  -30.762  52.963 0.0000000000
61973  -36.049  -30.796  51.920 0.0000000000
63228  -37.546  -30.703  52.183 0.0000000000
61996  -37.460  -30.712  50.801 0.0000000000
39327  -26.207  -50.316  48.943 0.0000000000
39309  -25.391  -50.363  49.753 0.0000000000
39326  -25.379  -50.500  49.204 0.0000000000
39325  -24.832  -50.631  49.524 0.0000000000
40654  -29.875  -49.317  48.080 0.0000000000
41936  -30.384  -48.217  48.384 0.0000000000
40739  -28.864  -49.716  46.535 0.0000000000
39399  -29.662  -49.872  47.362 0.0000000000
39416  -28.435  -49.939  47.051 0.0000000000
39397  -27.926  -50.323  47.422 0.0000000000
39353  -28.193  -50.239  48.158 0.0000000000
39375  -27.179  -50.253  47.955 0.0000000000
40714  -25.566  -49.828  47.247 0.0000000000
39394  -25.223  -49.926  47.826 0.0000000000
40712  -24.165  -49.621  47.731 0.0000000000
40734  -24.368  -49.336  47.045 0.0000000000
43206  -23.891  -48.019  45.563 0.0000000000
42027  -23.786  -48.405  46.116 0.0000000000
87733  -55.910  -9.229  35.887 0.0000000000
88875  -55.787  -8.003  34.071 0.0000000000
88864  -56.477  -7.960  34.765 0.0000000000
51283  -12.567  -42.638  53.961 0.0000000000
50121  -11.624  -43.645  56.220 0.0000000000
48944  -12.370  -43.976  55.145 0.0000000000
47788  -12.413  -45.509  53.531 0.0000000000
46624  -12.281  -46.248  53.805 0.0000000000
45418  -11.334  -48.213  53.783 0.0000000000
44241  -11.018  -48.873  53.419 0.0000000000
43122  -10.749  -49.489  52.877 0.0000000000
43107  -10.546  -49.109  53.538 0.0000000000
44203  -9.543  -48.432  55.769 0.0000000000
44215  -10.005  -48.471  55.133 0.0000000000
43096  -9.663  -49.162  54.896 0.0000000000
41907  -8.442  -50.853  53.442 0.0000000000
41916  -7.735  -50.737  52.703 0.0000000000
43119  -7.152  -50.760  52.171 0.0000000000
41904  -6.074  -52.026  51.812 0.0000000000
41914  -6.009  -51.801  51.265 0.0000000000
40623  -4.961  -51.768  51.391 0.0000000000
40626  -4.828  -51.461  50.895 0.0000000000
39284  -4.569  -52.380  51.054 0.0000000000
77960  -51.109  -18.890  45.354 0.0000000000
77961  -51.606  -18.372  45.819 0.0000000000
76792  -51.566  -19.466  45.784 0.0000000000
61957  -39.848  -30.121  52.084 0.0000000000
71505  -47.006  -23.649  40.348 0.0000000000
71496  -47.250  -23.628  40.471 0.0000000000
73665  -47.743  -22.695  40.920 0.0000000000
74722  -47.786  -21.608  40.818 0.0000000000
74721  -47.340  -21.322  40.105 0.0000000000
75748  -47.917  -20.527  41.153 0.0000000000
75725  -48.646  -20.641  42.560 0.0000000000
75694  -50.546  -20.303  44.616 0.0000000000
76831  -49.831  -19.872  43.683 0.0000000000
76808  -50.703  -19.431  44.932 0.0000000000
77970  -50.660  -18.441  44.831 0.0000000000
35283  -16.673  -55.064  60.186 0.0000000000
33976  -16.937  -55.182  59.867 0.0000000000
33984  -16.198  -56.190  59.232 0.0000000000
33991  -17.037  -55.828  58.636 0.0000000000
35297  -18.752  -54.516  58.645 0.0000000000
34003  -16.528  -55.484  56.808 0.0000000000
33996  -16.266  -56.182  57.325 0.0000000000
34009  -15.017  -54.809  56.064 0.0000000000
34021  -13.924  -54.934  55.567 0.0000000000
34045  -12.494  -55.032  52.937 0.0000000000
39304  -21.527  -50.206  50.814 0.0000000000
40667  -19.272  -49.035  49.665 0.0000000000
40649  -18.458  -49.239  50.375 0.0000000000
39288  -20.116  -50.246  52.203 0.0000000000
37978  -20.691  -50.513  52.657 0.0000000000
37964  -20.211  -50.800  53.537 0.0000000000
37936  -19.904  -51.512  54.963 0.0000000000
37928  -20.022  -51.563  55.534 0.0000000000
36625  -19.403  -51.665  55.390 0.0000000000
37947  -17.233  -51.727  54.743 0.0000000000
36637  -17.007  -52.063  55.105 0.0000000000
36636  -16.335  -52.075  54.999 0.0000000000
37993  -15.037  -51.300  51.206 0.0000000000
37976  -15.081  -51.581  52.107 0.0000000000
36658  -13.676  -52.717  51.755 0.0000000000
37959  -14.328  -52.141  52.916 0.0000000000
36634  -14.663  -53.062  53.970 0.0000000000
54660  -9.200  -39.318  51.541 0.0000000000
54659  -8.512  -39.722  51.682 0.0000000000
54646  -8.140  -39.275  52.202 0.0000000000
53601  -7.934  -40.076  51.792 0.0000000000
51300  -10.504  -42.239  50.691 0.0000000000
50182  -8.607  -42.549  50.430 0.0000000000
50161  -8.586  -41.993  50.694 0.0000000000
50160  -7.241  -41.427  51.202 0.0000000000
51297  -7.450  -41.195  51.416 0.0000000000
50180  -6.922  -41.465  50.846 0.0000000000
51315  -6.169  -40.807  50.981 0.0000000000
50198  -7.000  -41.632  50.077 0.0000000000
51370  -8.036  -42.297  48.586 0.0000000000
51369  -7.221  -42.148  48.826 0.0000000000
52508  -8.148  -41.477  48.161 0.0000000000
52520  -7.846  -41.006  47.969 0.0000000000
52521  -8.558  -41.129  47.205 0.0000000000
46658  -12.432  -47.066  50.578 0.0000000000
46676  -12.302  -46.613  49.941 0.0000000000
49058  -11.401  -44.922  47.446 0.0000000000
46741  -9.360  -45.954  45.624 0.0000000000
46724  -9.949  -46.310  46.268 0.0000000000
46742  -10.224  -45.867  45.743 0.0000000000
49100  -10.464  -43.902  45.303 0.0000000000
49087  -10.963  -44.472  45.736 0.0000000000
49073  -10.957  -44.242  46.852 0.0000000000
50253  -10.599  -43.421  46.350 0.0000000000
51401  -10.492  -42.368  46.005 0.0000000000
52555  -9.078  -41.835  44.603 0.0000000000
52547  -9.566  -41.635  45.393 0.0000000000
52546  -8.770  -41.141  45.015 0.0000000000
53672  -8.341  -40.663  45.446 0.0000000000
53685  -7.956  -40.632  44.594 0.0000000000
53684  -7.174  -40.082  44.126 0.0000000000
53695  -7.435  -40.813  43.783 0.0000000000
45346  -8.398  -47.757  59.090 0.0000000000
36574  -13.313  -53.561  58.944 0.0000000000
37886  -13.583  -53.191  58.989 0.0000000000
37899  -13.132  -53.105  58.889 0.0000000000
37897  -11.384  -52.758  58.866 0.0000000000
39226  -10.780  -51.944  58.725 0.0000000000
39225  -9.963  -51.683  58.582 0.0000000000
35288  -8.993  -54.744  57.753 0.0000000000
36591  -9.385  -54.102  58.107 0.0000000000
37903  -8.679  -52.074  58.074 0.0000000000
37904  -9.149  -52.464  58.161 0.0000000000
39223  -9.201  -51.396  58.628 0.0000000000
39224  -9.451  -51.483  58.616 0.0000000000
40572  -9.073  -50.709  58.876 0.0000000000
41858  -8.985  -49.885  59.026 0.0000000000
41868  -8.689  -49.934  58.921 0.0000000000
40594  -7.543  -50.634  58.116 0.0000000000
41866  -7.966  -49.436  58.661 0.0000000000
41878  -7.612  -49.762  58.392 0.0000000000
44175  -7.882  -48.562  58.593 0.0000000000
43069  -7.688  -49.198  58.140 0.0000000000
43070  -7.822  -48.591  57.872 0.0000000000
43075  -7.470  -50.072  57.546 0.0000000000
39253  -7.379  -52.719  56.380 0.0000000000
41890  -7.703  -51.040  56.968 0.0000000000
40604  -7.720  -51.874  56.351 0.0000000000
40608  -7.562  -52.287  55.724 0.0000000000
36609  -6.401  -54.730  55.479 0.0000000000
36633  -4.491  -54.304  53.426 0.0000000000
37932  -5.048  -53.783  53.932 0.0000000000
39262  -7.101  -53.338  54.493 0.0000000000
37945  -5.503  -53.345  53.553 0.0000000000
36667  -4.927  -54.364  50.266 0.0000000000
36668  -5.287  -54.017  50.269 0.0000000000
35402  -6.031  -54.934  49.613 0.0000000000
26036  -7.201  -60.859  52.198 0.0000000000
26055  -6.162  -61.943  50.774 0.0000000000
26056  -6.442  -61.750  51.112 0.0000000000
26046  -6.156  -61.588  51.481 0.0000000000
27325  -5.961  -61.262  52.373 0.0000000000
28661  -5.674  -60.328  52.963 0.0000000000
28673  -5.570  -60.502  51.936 0.0000000000
30065  -5.552  -59.921  50.326 0.0000000000
30053  -5.456  -59.706  51.335 0.0000000000
31406  -5.460  -59.032  50.840 0.0000000000
31419  -5.423  -58.865  50.117 0.0000000000
32779  -6.463  -57.813  49.597 0.0000000000
32787  -7.279  -57.650  47.971 0.0000000000
34105  -7.651  -56.361  48.157 0.0000000000
34106  -7.882  -56.301  47.427 0.0000000000
50104  -35.124  -42.870  57.454 0.0000000000
50098  -34.549  -42.653  58.080 0.0000000000
48926  -35.076  -43.747  57.476 0.0000000000
48919  -34.208  -43.704  58.199 0.0000000000
46621  -36.482  -45.714  53.959 0.0000000000
47785  -36.010  -45.086  54.395 0.0000000000
47770  -35.325  -44.456  55.880 0.0000000000
48934  -35.784  -43.919  56.857 0.0000000000
43115  -35.467  -46.379  52.760 0.0000000000
44248  -35.290  -46.341  51.815 0.0000000000
44226  -36.025  -46.344  53.867 0.0000000000
45417  -36.216  -45.925  54.214 0.0000000000
44199  -34.597  -45.707  55.088 0.0000000000
45390  -34.821  -45.544  55.646 0.0000000000
44225  -35.406  -46.320  53.759 0.0000000000
46572  -33.753  -44.747  56.536 0.0000000000
81110  -52.979  -15.693  44.920 0.0000000000
77979  -49.774  -18.448  43.676 0.0000000000
77989  -49.178  -18.135  42.134 0.0000000000
79019  -49.666  -17.334  43.166 0.0000000000
80068  -50.315  -16.222  43.151 0.0000000000
81118  -51.263  -15.536  43.117 0.0000000000
80070  -52.069  -15.959  44.286 0.0000000000
63283  -41.126  -29.298  49.331 0.0000000000
63259  -40.924  -30.075  49.879 0.0000000000
62037  -37.046  -30.566  49.083 0.0000000000
63279  -37.507  -30.202  49.021 0.0000000000
63308  -38.197  -29.748  48.071 0.0000000000
41933  -4.818  -50.874  50.421 0.0000000000
41943  -4.525  -50.962  49.475 0.0000000000
40664  -4.675  -51.772  48.937 0.0000000000
38044  -6.261  -52.587  47.703 0.0000000000
36737  -7.258  -53.140  46.659 0.0000000000
36716  -6.746  -53.242  47.309 0.0000000000
36718  -7.877  -54.557  46.726 0.0000000000
35459  -8.204  -55.114  46.363 0.0000000000
32708  -12.733  -56.495  54.928 0.0000000000
32720  -11.887  -56.715  54.088 0.0000000000
31383  -11.327  -57.137  53.642 0.0000000000
56487  -32.618  -37.297  58.191 0.0000000000
57475  -32.448  -37.286  57.388 0.0000000000
57464  -32.578  -36.564  58.495 0.0000000000
58502  -32.135  -34.857  58.117 0.0000000000
59576  -32.116  -34.324  57.755 0.0000000000
59564  -32.372  -34.411  58.435 0.0000000000
44282  -31.697  -47.002  48.634 0.0000000000
42052  -28.081  -48.545  44.867 0.0000000000
85445  -55.386  -11.148  39.841 0.0000000000
86533  -55.671  -10.661  39.406 0.0000000000
86523  -57.314  -9.886  40.814 0.0000000000
46588  -8.836  -46.799  57.363 0.0000000000
45379  -8.542  -47.530  57.128 0.0000000000
46587  -8.475  -47.233  57.406 0.0000000000
44192  -8.144  -48.122  57.227 0.0000000000
70421  -48.973  -25.046  43.495 0.0000000000
70422  -49.397  -24.972  44.375 0.0000000000
69333  -48.897  -25.349  44.180 0.0000000000
69321  -49.300  -25.907  45.375 0.0000000000
67085  -45.028  -26.378  42.089 0.0000000000
67102  -44.772  -26.321  41.235 0.0000000000
67103  -45.434  -26.116  41.440 0.0000000000
68251  -46.123  -25.674  41.593 0.0000000000
69356  -46.716  -24.922  41.256 0.0000000000
69348  -47.237  -25.236  42.100 0.0000000000
69342  -48.053  -25.481  42.818 0.0000000000
36597  -19.821  -53.188  57.843 0.0000000000
36607  -19.644  -52.946  56.390 0.0000000000
38010  -24.551  -50.957  49.970 0.0000000000
55663  -7.880  -37.975  48.881 0.0000000000
56624  -7.883  -37.478  48.246 0.0000000000
56641  -8.287  -37.893  47.641 0.0000000000
47828  -12.355  -45.513  50.692 0.0000000000
46736  -5.856  -46.904  44.517 0.0000000000
46751  -6.059  -46.549  44.332 0.0000000000
46750  -5.805  -46.734  43.864 0.0000000000
46760  -5.343  -46.573  42.977 0.0000000000
40588  -13.685  -51.050  59.328 0.0000000000
40577  -13.321  -51.669  59.250 0.0000000000
29986  -8.353  -58.043  56.115 0.0000000000
31311  -8.267  -57.176  56.588 0.0000000000
31320  -7.788  -57.820  56.440 0.0000000000
31319  -6.949  -58.052  56.512 0.0000000000
32685  -6.405  -57.497  56.268 0.0000000000
32684  -5.851  -57.304  55.847 0.0000000000
32694  -6.255  -57.787  55.633 0.0000000000
31340  -5.811  -58.068  54.732 0.0000000000
31353  -5.548  -58.476  54.100 0.0000000000
52410  -35.413  -41.698  56.096 0.0000000000
53542  -35.095  -41.019  56.246 0.0000000000
54593  -34.165  -39.891  56.428 0.0000000000
55570  -33.807  -39.090  57.329 0.0000000000
45490  -35.405  -46.653  49.036 0.0000000000
41931  -34.754  -48.456  50.339 0.0000000000
41940  -34.178  -48.749  49.482 0.0000000000
41947  -34.321  -48.966  48.745 0.0000000000
40692  -33.418  -49.981  47.336 0.0000000000
40717  -32.617  -50.065  46.827 0.0000000000
40766  -31.538  -48.996  46.372 0.0000000000
42007  -31.987  -49.038  46.760 0.0000000000
83277  -52.734  -14.009  42.233 0.0000000000
83290  -52.661  -13.780  41.287 0.0000000000
83278  -53.454  -13.296  41.952 0.0000000000
84355  -53.893  -12.699  41.300 0.0000000000
66999  -44.295  -27.480  45.735 0.0000000000
65750  -44.513  -27.845  46.962 0.0000000000
64515  -44.406  -28.426  47.897 0.0000000000
66995  -41.080  -28.177  45.850 0.0000000000
67017  -41.065  -27.980  45.232 0.0000000000
67019  -42.678  -26.777  44.969 0.0000000000
68197  -43.791  -27.371  45.561 0.0000000000
42025  -22.109  -48.564  46.286 0.0000000000
55640  -5.185  -38.844  51.647 0.0000000000
55639  -5.135  -39.311  51.919 0.0000000000
54657  -5.425  -39.989  51.483 0.0000000000
53616  -5.388  -40.683  50.515 0.0000000000
44255  -11.072  -49.170  51.196 0.0000000000
44285  -5.673  -49.604  47.929 0.0000000000
45484  -6.554  -48.557  48.726 0.0000000000
44295  -5.547  -49.239  47.421 0.0000000000
45482  -6.065  -48.901  47.591 0.0000000000
45495  -5.883  -48.499  47.040 0.0000000000
46719  -6.254  -47.959  46.793 0.0000000000
43185  -5.962  -49.635  45.994 0.0000000000
43198  -6.485  -49.075  45.311 0.0000000000
43200  -7.266  -49.481  44.018 0.0000000000
42046  -8.110  -50.173  43.212 0.0000000000
40787  -8.663  -51.116  42.217 0.0000000000
35281  -15.201  -55.530  60.110 0.0000000000
33973  -14.593  -55.567  59.554 0.0000000000
33982  -14.796  -56.112  59.215 0.0000000000
32666  -14.291  -56.331  58.882 0.0000000000
32672  -13.398  -57.484  58.375 0.0000000000
29999  -12.338  -58.284  55.650 0.0000000000
29992  -12.219  -57.950  56.127 0.0000000000
29998  -11.670  -58.149  55.641 0.0000000000
29997  -11.335  -58.074  55.731 0.0000000000
29990  -11.139  -57.773  55.921 0.0000000000
29989  -10.582  -57.754  55.934 0.0000000000
28625  -10.111  -59.303  55.080 0.0000000000
60767  -37.434  -30.937  53.915 0.0000000000
60768  -37.703  -30.646  53.477 0.0000000000
60755  -37.418  -30.889  54.218 0.0000000000
58564  -32.334  -37.169  53.643 0.0000000000
61901  -33.091  -32.009  55.551 0.0000000000
60719  -33.584  -31.825  54.911 0.0000000000
60751  -33.890  -31.784  53.952 0.0000000000
60765  -34.725  -31.596  53.374 0.0000000000
60777  -34.803  -31.637  52.553 0.0000000000
60766  -35.293  -31.476  53.212 0.0000000000
61933  -35.974  -31.894  53.962 0.0000000000
39294  -26.548  -49.808  49.740 0.0000000000
41937  -32.108  -47.582  48.783 0.0000000000
39331  -30.079  -49.536  48.042 0.0000000000
39414  -26.945  -50.307  47.055 0.0000000000
40736  -26.186  -49.738  46.823 0.0000000000
40735  -25.264  -49.410  46.810 0.0000000000
85508  -53.384  -11.477  34.775 0.0000000000
48943  -11.748  -44.589  55.608 0.0000000000
47780  -11.756  -45.668  55.066 0.0000000000
46623  -11.880  -46.378  54.510 0.0000000000
45408  -11.537  -46.960  54.716 0.0000000000
41896  -8.897  -50.230  55.079 0.0000000000
43095  -9.328  -49.944  54.640 0.0000000000
41906  -7.510  -51.236  53.160 0.0000000000
43104  -6.903  -51.079  52.537 0.0000000000
40617  -6.061  -52.150  52.668 0.0000000000
75681  -51.023  -20.047  45.260 0.0000000000
75682  -51.521  -20.536  45.634 0.0000000000
74639  -51.911  -20.991  46.114 0.0000000000
72575  -48.200  -23.406  41.542 0.0000000000
72574  -47.842  -23.410  41.008 0.0000000000
73657  -48.497  -22.899  41.893 0.0000000000
74714  -48.564  -22.088  42.240 0.0000000000
74704  -48.579  -21.122  42.496 0.0000000000
74685  -49.474  -21.273  43.440 0.0000000000
75709  -49.916  -20.607  43.927 0.0000000000
35291  -17.691  -55.145  59.580 0.0000000000
35306  -17.789  -54.746  56.813 0.0000000000
35301  -17.811  -55.172  57.549 0.0000000000
35305  -16.889  -54.833  56.546 0.0000000000
40686  -21.491  -49.477  48.544 0.0000000000
39346  -21.939  -49.611  49.345 0.0000000000
40669  -21.235  -49.504  49.141 0.0000000000
40651  -20.701  -49.837  50.211 0.0000000000
40635  -17.793  -49.643  51.192 0.0000000000
40636  -19.055  -49.518  51.554 0.0000000000
40629  -18.786  -49.657  52.041 0.0000000000
37961  -16.123  -51.600  54.062 0.0000000000
37992  -14.050  -51.874  51.146 0.0000000000
36645  -13.177  -53.259  52.224 0.0000000000
53603  -9.961  -40.257  51.302 0.0000000000
48982  -10.641  -43.165  50.459 0.0000000000
48967  -10.139  -42.703  50.521 0.0000000000
47797  -9.950  -43.114  50.416 0.0000000000
48980  -8.918  -42.953  50.367 0.0000000000
49018  -8.609  -43.324  49.789 0.0000000000
49017  -7.764  -42.547  49.513 0.0000000000
51355  -8.751  -42.733  48.743 0.0000000000
51371  -9.002  -42.558  48.215 0.0000000000
47901  -9.890  -45.260  45.252 0.0000000000
47910  -8.890  -44.783  44.725 0.0000000000
50276  -10.306  -43.435  44.913 0.0000000000
51413  -10.296  -42.693  45.270 0.0000000000
51421  -9.315  -42.636  44.329 0.0000000000
51420  -8.417  -42.220  43.966 0.0000000000
52564  -7.633  -41.658  43.703 0.0000000000
52563  -6.709  -41.354  43.498 0.0000000000
35279  -12.372  -54.560  58.811 0.0000000000
36573  -12.057  -53.489  59.184 0.0000000000
35267  -11.716  -54.092  59.154 0.0000000000
35287  -8.443  -54.247  57.534 0.0000000000
36589  -8.525  -53.359  57.497 0.0000000000
39240  -8.313  -51.637  57.991 0.0000000000
40584  -8.346  -50.802  58.566 0.0000000000
40599  -7.776  -51.156  57.771 0.0000000000
40598  -7.705  -51.336  57.373 0.0000000000
41887  -7.595  -50.848  57.389 0.0000000000
34018  -4.931  -56.018  53.758 0.0000000000
35318  -5.249  -55.314  54.435 0.0000000000
35317  -4.797  -55.455  53.784 0.0000000000
36644  -4.194  -54.580  52.255 0.0000000000
35367  -4.525  -55.451  50.575 0.0000000000
26063  -5.987  -62.067  49.942 0.0000000000
27344  -5.757  -61.422  50.531 0.0000000000
28684  -5.592  -60.645  50.959 0.0000000000
27354  -5.832  -61.351  49.722 0.0000000000
28712  -5.721  -60.575  49.594 0.0000000000
28724  -5.973  -60.592  48.888 0.0000000000
31444  -7.071  -58.622  48.128 0.0000000000
48992  -35.796  -44.528  51.693 0.0000000000
48972  -35.842  -44.527  52.732 0.0000000000
50139  -35.607  -44.065  53.763 0.0000000000
51274  -35.567  -42.656  55.152 0.0000000000
48949  -35.451  -44.048  55.598 0.0000000000
50120  -35.647  -43.276  56.022 0.0000000000
51267  -35.605  -42.544  55.808 0.0000000000
52403  -35.245  -41.504  56.485 0.0000000000
41959  -34.650  -48.851  48.228 0.0000000000
43161  -35.030  -48.736  48.380 0.0000000000
44283  -35.355  -48.330  48.898 0.0000000000
44284  -35.409  -47.609  49.232 0.0000000000
44260  -35.403  -46.775  50.901 0.0000000000
44272  -35.415  -47.130  50.090 0.0000000000
45477  -35.537  -46.751  49.806 0.0000000000
46668  -35.874  -45.733  50.557 0.0000000000
43094  -34.453  -46.019  54.027 0.0000000000
43113  -34.744  -46.640  52.107 0.0000000000
41922  -34.719  -47.793  51.258 0.0000000000
41948  -34.822  -48.920  48.728 0.0000000000
83228  -54.269  -13.744  44.307 0.0000000000
83217  -54.807  -13.422  45.523 0.0000000000
79033  -48.972  -17.175  41.562 0.0000000000
79039  -48.394  -17.310  40.225 0.0000000000
79050  -48.931  -16.648  39.534 0.0000000000
82215  -50.627  -14.970  39.900 0.0000000000
82190  -51.675  -14.746  41.469 0.0000000000
81125  -51.772  -15.065  42.989 0.0000000000
82177  -52.299  -14.529  42.756 0.0000000000
64533  -41.650  -28.437  47.149 0.0000000000
64497  -42.944  -29.105  48.936 0.0000000000
64484  -43.238  -29.243  49.619 0.0000000000
63261  -42.714  -29.324  49.705 0.0000000000
62055  -36.106  -30.249  48.590 0.0000000000
63376  -36.264  -29.129  45.104 0.0000000000
64553  -37.875  -29.150  45.767 0.0000000000
63335  -38.919  -29.436  47.154 0.0000000000
64555  -39.531  -28.925  45.909 0.0000000000
44240  -8.231  -50.149  51.346 0.0000000000
44251  -6.963  -50.218  50.345 0.0000000000
44262  -6.521  -49.826  49.276 0.0000000000
45451  -6.245  -50.073  49.062 0.0000000000
43142  -5.187  -50.460  49.632 0.0000000000
43151  -5.162  -50.427  48.576 0.0000000000
44273  -5.811  -50.089  48.609 0.0000000000
41967  -5.199  -50.695  47.652 0.0000000000
39409  -7.092  -51.908  46.387 0.0000000000
39426  -6.611  -52.186  45.369 0.0000000000
39428  -8.328  -52.065  44.722 0.0000000000
39427  -7.725  -51.679  45.644 0.0000000000
38070  -9.229  -53.224  44.724 0.0000000000
38071  -10.001  -53.828  44.446 0.0000000000
36769  -9.133  -54.251  45.466 0.0000000000
36795  -10.226  -54.455  44.101 0.0000000000
35493  -10.028  -55.301  43.615 0.0000000000
32687  -15.199  -57.009  56.539 0.0000000000
32686  -14.328  -57.505  56.181 0.0000000000
31343  -13.582  -57.862  55.844 0.0000000000
31355  -12.547  -57.787  54.622 0.0000000000
31342  -12.926  -58.103  55.444 0.0000000000
30010  -12.157  -58.163  54.998 0.0000000000
60704  -35.903  -31.667  56.577 0.0000000000
56512  -34.286  -39.369  55.029 0.0000000000
56527  -34.277  -39.355  54.199 0.0000000000
56511  -33.766  -39.016  54.755 0.0000000000
57500  -33.417  -38.278  55.386 0.0000000000
57510  -33.067  -37.688  54.675 0.0000000000
57487  -32.319  -37.232  56.416 0.0000000000
57509  -32.462  -37.321  54.986 0.0000000000
58549  -31.957  -37.136  54.619 0.0000000000
58548  -31.514  -36.461  54.346 0.0000000000
58547  -31.148  -35.512  54.024 0.0000000000
59606  -31.085  -34.516  54.695 0.0000000000
60717  -31.363  -33.722  55.259 0.0000000000
60718  -31.887  -33.186  55.649 0.0000000000
60684  -32.265  -33.322  57.301 0.0000000000
61868  -32.427  -32.747  56.663 0.0000000000
61885  -32.987  -32.303  56.374 0.0000000000
61902  -33.583  -31.934  56.116 0.0000000000
39400  -30.667  -50.079  46.982 0.0000000000
39418  -30.003  -49.815  46.949 0.0000000000
40740  -29.719  -49.706  46.573 0.0000000000
40762  -28.388  -49.469  45.971 0.0000000000
42030  -26.865  -48.949  45.574 0.0000000000
42050  -26.325  -48.444  45.200 0.0000000000
85492  -53.440  -11.696  35.594 0.0000000000
85466  -54.469  -11.635  37.915 0.0000000000
84420  -53.848  -11.712  36.200 0.0000000000
85509  -54.072  -10.735  34.667 0.0000000000
86581  -54.683  -10.311  35.522 0.0000000000
86570  -55.444  -9.970  36.507 0.0000000000
86547  -56.372  -9.973  38.485 0.0000000000
47766  -10.083  -45.968  56.769 0.0000000000
46601  -10.301  -46.469  56.302 0.0000000000
45396  -10.316  -47.045  56.000 0.0000000000
46600  -9.978  -46.889  56.457 0.0000000000
45395  -9.701  -47.573  56.235 0.0000000000
45394  -8.966  -47.774  56.754 0.0000000000
43088  -9.011  -49.436  55.827 0.0000000000
73618  -50.715  -22.543  44.445 0.0000000000
70417  -49.974  -24.963  45.223 0.0000000000
67122  -44.545  -26.225  40.455 0.0000000000
70471  -45.953  -24.550  39.838 0.0000000000
71523  -46.690  -23.996  40.307 0.0000000000
71506  -47.073  -23.918  40.577 0.0000000000
69357  -46.990  -24.690  41.180 0.0000000000
70447  -47.376  -24.471  41.155 0.0000000000
71498  -47.971  -23.918  41.150 0.0000000000
72566  -48.519  -23.487  42.103 0.0000000000
36592  -19.231  -53.609  59.313 0.0000000000
36601  -19.065  -54.074  57.733 0.0000000000
35307  -18.382  -54.612  57.275 0.0000000000
36605  -17.803  -54.189  56.679 0.0000000000
41970  -17.908  -48.670  48.065 0.0000000000
40683  -18.525  -48.806  48.989 0.0000000000
40666  -18.298  -49.070  49.481 0.0000000000
41946  -17.487  -49.465  49.495 0.0000000000
40627  -17.348  -50.146  51.686 0.0000000000
39301  -15.341  -50.589  50.650 0.0000000000
52471  -12.291  -41.274  51.980 0.0000000000
52470  -11.600  -41.223  51.363 0.0000000000
50183  -11.060  -42.812  50.696 0.0000000000
47826  -10.867  -44.264  50.085 0.0000000000
49001  -10.874  -44.405  49.818 0.0000000000
46706  -8.589  -46.714  47.026 0.0000000000
46707  -9.608  -46.722  46.975 0.0000000000
46740  -8.321  -46.079  45.597 0.0000000000
47898  -6.772  -45.668  45.012 0.0000000000
47899  -7.573  -45.580  45.084 0.0000000000
49084  -7.739  -44.880  44.740 0.0000000000
49096  -7.131  -44.537  44.261 0.0000000000
50272  -6.849  -44.183  43.558 0.0000000000
50283  -6.459  -43.795  42.800 0.0000000000
43054  -13.332  -48.595  59.568 0.0000000000
44165  -12.823  -48.063  59.883 0.0000000000
44164  -11.855  -48.432  59.698 0.0000000000
43052  -11.107  -49.225  59.563 0.0000000000
41870  -10.528  -49.664  59.471 0.0000000000
32661  -10.044  -56.209  57.243 0.0000000000
33979  -10.301  -55.578  57.659 0.0000000000
33978  -9.444  -55.641  57.542 0.0000000000
33977  -8.833  -55.516  57.522 0.0000000000
32669  -8.334  -56.654  56.920 0.0000000000
33988  -8.338  -55.917  57.412 0.0000000000
35294  -7.888  -54.972  57.433 0.0000000000
36600  -7.547  -54.570  57.205 0.0000000000
36599  -7.297  -54.226  56.871 0.0000000000
34019  -5.091  -56.321  54.217 0.0000000000
34032  -4.802  -56.723  53.731 0.0000000000
32730  -4.526  -56.982  53.073 0.0000000000
32744  -4.666  -57.034  52.241 0.0000000000
54638  -35.137  -40.563  52.839 0.0000000000
55604  -35.261  -39.846  54.202 0.0000000000
50172  -35.749  -43.603  52.155 0.0000000000
53554  -35.065  -41.078  55.478 0.0000000000
53559  -35.065  -41.104  54.780 0.0000000000
53564  -35.432  -41.057  53.929 0.0000000000
54614  -35.306  -40.345  54.561 0.0000000000
55603  -34.883  -39.594  54.677 0.0000000000
56501  -34.422  -39.699  55.739 0.0000000000
39333  -31.539  -49.698  47.697 0.0000000000
41939  -33.499  -48.420  49.558 0.0000000000
40643  -32.805  -48.612  48.587 0.0000000000
40670  -32.005  -49.730  47.754 0.0000000000
39380  -30.937  -49.861  47.196 0.0000000000
40764  -30.131  -49.533  46.090 0.0000000000
42054  -29.886  -48.815  45.189 0.0000000000
82243  -51.673  -14.229  37.698 0.0000000000
84385  -53.390  -12.578  38.030 0.0000000000
84356  -54.658  -12.271  40.814 0.0000000000
85444  -54.819  -11.652  40.221 0.0000000000
85423  -56.152  -11.056  41.628 0.0000000000
67045  -46.253  -26.785  44.281 0.0000000000
67023  -47.438  -26.413  45.061 0.0000000000
67000  -46.661  -26.885  45.598 0.0000000000
65753  -46.646  -27.120  46.152 0.0000000000
64514  -43.926  -28.487  48.043 0.0000000000
64499  -44.469  -28.502  48.528 0.0000000000
67083  -43.504  -26.744  41.775 0.0000000000
67041  -43.241  -26.529  43.920 0.0000000000
67061  -43.796  -26.711  42.752 0.0000000000
67062  -44.595  -26.634  42.832 0.0000000000
67063  -45.263  -26.511  43.089 0.0000000000
67064  -45.933  -26.384  43.324 0.0000000000
40689  -23.672  -49.767  48.206 0.0000000000
39371  -23.355  -50.077  48.660 0.0000000000
40688  -22.945  -49.674  48.249 0.0000000000
40687  -22.183  -49.587  48.291 0.0000000000
41985  -21.578  -49.156  47.139 0.0000000000
40709  -21.515  -49.379  47.754 0.0000000000
40708  -20.701  -49.099  47.896 0.0000000000
41971  -19.005  -48.431  47.834 0.0000000000
55652  -5.656  -38.685  50.982 0.0000000000
55662  -7.301  -38.492  49.184 0.0000000000
55672  -7.562  -39.019  48.707 0.0000000000
54690  -7.764  -39.602  48.316 0.0000000000
45456  -12.409  -47.384  51.040 0.0000000000
45438  -11.382  -48.369  50.723 0.0000000000
45471  -10.775  -48.210  48.890 0.0000000000
44289  -10.535  -48.185  48.529 0.0000000000
45487  -9.770  -47.891  48.290 0.0000000000
44276  -8.325  -48.537  49.410 0.0000000000
45467  -6.905  -47.819  48.924 0.0000000000
44277  -8.908  -48.420  49.502 0.0000000000
45469  -8.929  -48.145  48.929 0.0000000000
46705  -7.593  -46.793  47.080 0.0000000000
45508  -6.524  -48.061  46.077 0.0000000000
45509  -6.245  -47.360  45.659 0.0000000000
45518  -6.201  -47.414  45.408 0.0000000000
39438  -9.271  -52.048  43.892 0.0000000000
36575  -14.104  -53.963  59.481 0.0000000000
35269  -13.739  -54.079  58.901 0.0000000000
33966  -13.975  -54.705  59.275 0.0000000000
33965  -13.603  -54.486  58.767 0.0000000000
35280  -13.146  -54.340  58.758 0.0000000000
33970  -12.093  -55.293  58.441 0.0000000000
33981  -11.700  -55.691  57.962 0.0000000000
31324  -12.586  -57.347  56.588 0.0000000000
31317  -12.720  -57.496  58.016 0.0000000000
31310  -12.439  -57.248  58.611 0.0000000000
31309  -11.960  -57.039  58.073 0.0000000000
32663  -11.663  -56.328  57.899 0.0000000000
32662  -10.861  -56.122  57.384 0.0000000000
31307  -10.597  -56.514  56.975 0.0000000000
31306  -10.055  -56.718  56.974 0.0000000000
31322  -9.144  -57.508  56.287 0.0000000000
29988  -9.766  -57.889  55.945 0.0000000000
29987  -8.858  -58.022  55.962 0.0000000000
30008  -7.676  -59.243  54.783 0.0000000000
61998  -39.147  -30.503  50.719 0.0000000000
61956  -38.700  -30.453  52.369 0.0000000000
61935  -38.031  -30.569  53.307 0.0000000000
56544  -34.281  -39.190  53.170 0.0000000000
56543  -34.165  -38.540  52.782 0.0000000000
62012  -34.685  -30.720  50.110 0.0000000000
62013  -35.749  -30.685  50.001 0.0000000000
60778  -35.325  -31.356  52.349 0.0000000000
61995  -36.442  -30.654  50.827 0.0000000000
62015  -37.729  -30.528  50.082 0.0000000000
39293  -26.034  -49.817  49.973 0.0000000000
44270  -31.078  -47.335  48.372 0.0000000000
40652  -28.103  -49.860  48.732 0.0000000000
39378  -29.897  -49.894  47.649 0.0000000000
39377  -29.075  -50.229  47.746 0.0000000000
39354  -29.236  -50.222  47.989 0.0000000000
39329  -28.196  -50.047  48.519 0.0000000000
39351  -26.294  -50.291  48.612 0.0000000000
39372  -24.380  -50.121  48.365 0.0000000000
42004  -23.648  -48.869  46.678 0.0000000000
86599  -54.735  -9.753  34.530 0.0000000000
87760  -54.896  -9.211  33.815 0.0000000000
87761  -55.486  -9.101  34.387 0.0000000000
87773  -55.340  -8.640  33.549 0.0000000000
90019  -56.274  -7.455  33.118 0.0000000000
51301  -12.696  -42.380  52.902 0.0000000000
47798  -12.585  -45.334  52.709 0.0000000000
48951  -12.474  -44.252  54.579 0.0000000000
45429  -12.426  -46.978  52.932 0.0000000000
45428  -12.228  -48.300  52.933 0.0000000000
43123  -11.310  -49.375  52.536 0.0000000000
44216  -10.390  -48.423  54.719 0.0000000000
43106  -10.068  -49.542  53.886 0.0000000000
44238  -6.707  -50.742  51.060 0.0000000000
44237  -6.047  -50.881  50.857 0.0000000000
43103  -6.719  -51.150  52.162 0.0000000000
43117  -5.746  -51.212  50.884 0.0000000000
43116  -5.354  -50.923  50.765 0.0000000000
40633  -4.425  -51.626  50.341 0.0000000000
38020  -5.200  -53.314  49.122 0.0000000000
79004  -51.597  -17.441  45.665 0.0000000000
78989  -52.057  -17.586  46.279 0.0000000000
67002  -48.109  -26.614  45.678 0.0000000000
64472  -39.693  -30.143  50.867 0.0000000000
141027  -40.557  -29.905  51.536 0.0000000000
72598  -46.317  -23.275  39.392 0.0000000000
73691  -46.409  -22.537  39.316 0.0000000000
73677  -46.876  -22.202  39.554 0.0000000000
74731  -47.023  -21.447  39.606 0.0000000000
75757  -47.012  -20.637  39.799 0.0000000000
76866  -46.767  -20.126  39.558 0.0000000000
76847  -47.625  -19.778  40.613 0.0000000000
76839  -49.085  -19.164  42.441 0.0000000000
75726  -49.007  -20.421  42.950 0.0000000000
76830  -49.630  -19.380  43.324 0.0000000000
77980  -50.216  -18.246  44.262 0.0000000000
35282  -15.807  -55.331  60.177 0.0000000000
33974  -15.584  -55.999  59.950 0.0000000000
32680  -15.733  -56.660  57.953 0.0000000000
35292  -18.317  -55.038  59.410 0.0000000000
33992  -17.603  -55.309  58.895 0.0000000000
33998  -17.511  -55.442  58.221 0.0000000000
32688  -15.759  -56.716  57.133 0.0000000000
34001  -15.211  -56.336  55.975 0.0000000000
34020  -13.312  -55.654  55.161 0.0000000000
32734  -11.991  -55.779  53.080 0.0000000000
39323  -23.269  -49.940  49.955 0.0000000000
39305  -22.414  -50.122  50.747 0.0000000000
37979  -21.561  -50.397  52.246 0.0000000000
39320  -20.723  -49.946  50.521 0.0000000000
40637  -19.972  -49.802  51.274 0.0000000000
39303  -20.613  -50.083  51.112 0.0000000000
37966  -21.926  -50.620  53.109 0.0000000000
37951  -21.429  -51.094  54.049 0.0000000000
37929  -20.605  -51.402  55.673 0.0000000000
36608  -20.134  -52.071  56.197 0.0000000000
36624  -18.758  -51.835  55.556 0.0000000000
37960  -14.738  -51.651  53.179 0.0000000000
36648  -15.466  -51.938  54.688 0.0000000000
36621  -15.248  -53.270  55.419 0.0000000000
35333  -14.817  -53.457  55.254 0.0000000000
35332  -14.314  -53.660  54.574 0.0000000000
35331  -13.365  -54.223  53.981 0.0000000000
35343  -13.180  -53.755  53.000 0.0000000000
54645  -7.053  -39.317  52.995 0.0000000000
54644  -6.498  -39.762  53.039 0.0000000000
52468  -9.491  -40.963  51.214 0.0000000000
50162  -9.586  -42.258  50.667 0.0000000000
51318  -9.051  -41.371  51.059 0.0000000000
52467  -8.443  -40.781  51.403 0.0000000000
52466  -7.541  -40.608  51.736 0.0000000000
52450  -6.416  -40.630  52.127 0.0000000000
52449  -6.028  -40.650  52.322 0.0000000000
51314  -5.668  -40.912  51.943 0.0000000000
52484  -5.594  -41.006  50.492 0.0000000000
52498  -6.405  -41.226  49.755 0.0000000000
50226  -7.094  -42.524  48.750 0.0000000000
51368  -6.999  -41.886  49.206 0.0000000000
53640  -6.900  -40.999  48.830 0.0000000000
53641  -7.455  -40.610  48.456 0.0000000000
47850  -12.459  -45.666  50.034 0.0000000000
49021  -11.371  -44.685  49.544 0.0000000000
49039  -10.739  -44.273  48.560 0.0000000000
46708  -10.477  -46.633  46.869 0.0000000000
46726  -11.215  -46.021  46.701 0.0000000000
47902  -10.773  -45.387  45.661 0.0000000000
47903  -11.199  -45.239  45.850 0.0000000000
47882  -11.381  -45.660  47.025 0.0000000000
49057  -10.928  -44.175  47.876 0.0000000000
50229  -10.157  -43.721  48.422 0.0000000000
50238  -9.540  -43.150  47.929 0.0000000000
51386  -9.470  -42.321  47.302 0.0000000000
52536  -10.085  -41.687  46.022 0.0000000000
52522  -9.453  -41.655  46.571 0.0000000000
53659  -8.303  -40.432  46.243 0.0000000000
53658  -7.859  -39.822  46.452 0.0000000000
53683  -6.142  -40.103  44.202 0.0000000000
53693  -5.443  -40.599  43.964 0.0000000000
52562  -5.807  -41.094  43.363 0.0000000000
52561  -5.314  -40.726  43.111 0.0000000000
46548  -8.342  -47.137  58.617 0.0000000000
39215  -13.789  -52.815  59.081 0.0000000000
39228  -13.090  -52.525  58.984 0.0000000000
39227  -11.805  -52.213  59.034 0.0000000000
41862  -11.390  -50.935  59.307 0.0000000000
41861  -10.762  -50.524  59.158 0.0000000000
41860  -9.837  -49.843  59.286 0.0000000000
35276  -9.924  -54.274  58.381 0.0000000000
36570  -9.785  -52.644  58.350 0.0000000000
36582  -9.311  -52.908  57.976 0.0000000000
37905  -9.475  -52.361  58.300 0.0000000000
37895  -9.752  -52.261  58.396 0.0000000000
40573  -9.543  -50.824  58.934 0.0000000000
43041  -9.349  -49.052  59.583 0.0000000000
44151  -9.122  -48.929  59.911 0.0000000000
44150  -8.395  -48.759  59.749 0.0000000000
41867  -8.250  -49.661  58.808 0.0000000000
44158  -8.008  -48.903  59.221 0.0000000000
45334  -7.907  -48.491  59.154 0.0000000000
45352  -8.044  -48.101  58.836 0.0000000000
44177  -7.890  -48.042  57.984 0.0000000000
43071  -7.863  -48.254  57.768 0.0000000000
43076  -7.667  -49.249  57.466 0.0000000000
43081  -7.829  -50.179  56.916 0.0000000000
43086  -7.853  -50.584  56.592 0.0000000000
40609  -7.809  -51.716  55.606 0.0000000000
39258  -7.593  -52.161  54.745 0.0000000000
37927  -6.912  -54.130  54.905 0.0000000000
39263  -7.394  -52.700  54.224 0.0000000000
39276  -4.674  -52.505  52.053 0.0000000000
37958  -4.322  -53.334  52.758 0.0000000000
37974  -4.375  -53.449  51.663 0.0000000000
38006  -4.925  -53.458  49.951 0.0000000000
36688  -6.275  -54.006  49.045 0.0000000000
27280  -7.529  -60.500  54.728 0.0000000000
24817  -6.927  -61.592  51.185 0.0000000000
26048  -6.942  -61.069  51.878 0.0000000000
26035  -6.802  -61.143  52.433 0.0000000000
27313  -6.483  -61.032  53.155 0.0000000000
28649  -6.432  -60.394  54.060 0.0000000000
28648  -5.779  -59.934  53.824 0.0000000000
30033  -5.550  -59.316  53.412 0.0000000000
31381  -5.189  -58.394  52.305 0.0000000000
32745  -4.968  -57.830  51.834 0.0000000000
32768  -4.907  -57.119  50.698 0.0000000000
32786  -7.150  -57.772  48.946 0.0000000000
34091  -6.501  -56.665  49.310 0.0000000000
35384  -6.074  -55.804  49.691 0.0000000000
35403  -6.606  -55.398  49.158 0.0000000000
36689  -6.759  -54.668  48.737 0.0000000000
35422  -7.817  -55.170  47.995 0.0000000000
35423  -7.881  -55.481  47.306 0.0000000000
34152  -9.456  -56.924  43.982 0.0000000000
24825  -6.449  -62.100  50.513 0.0000000000
24826  -6.875  -61.967  50.494 0.0000000000
26023  -7.139  -61.071  52.942 0.0000000000
27312  -5.942  -60.930  53.067 0.0000000000
27326  -6.441  -61.244  52.465 0.0000000000
27355  -6.007  -60.914  49.367 0.0000000000
28620  -10.309  -58.362  55.610 0.0000000000
28621  -10.694  -58.102  55.746 0.0000000000
28627  -11.204  -58.267  55.400 0.0000000000
28634  -7.827  -60.060  55.012 0.0000000000
30023  -11.683  -58.071  54.552 0.0000000000
31318  -13.445  -57.665  58.133 0.0000000000
31321  -8.564  -57.592  56.334 0.0000000000
31330  -7.342  -58.304  56.049 0.0000000000
31354  -5.951  -58.523  54.607 0.0000000000
32660  -9.419  -56.210  57.264 0.0000000000
32668  -15.569  -56.354  59.085 0.0000000000
33983  -15.274  -56.220  59.407 0.0000000000
33986  -17.661  -55.206  59.318 0.0000000000
35275  -18.639  -53.904  60.737 0.0000000000
35277  -10.724  -54.620  58.387 0.0000000000
35284  -17.690  -55.044  60.148 0.0000000000
35290  -10.231  -55.035  58.213 0.0000000000
35440  -7.700  -54.846  47.441 0.0000000000
35441  -7.846  -55.035  46.919 0.0000000000
36563  -13.644  -53.491  58.945 0.0000000000
36571  -10.104  -52.859  58.475 0.0000000000
36590  -9.045  -53.423  57.805 0.0000000000
36679  -5.456  -54.116  50.127 0.0000000000
36715  -6.439  -52.708  47.111 0.0000000000
36717  -7.407  -54.180  47.131 0.0000000000
36735  -6.514  -52.495  46.847 0.0000000000
36767  -7.341  -52.547  46.429 0.0000000000
36770  -9.807  -54.380  44.868 0.0000000000
37887  -14.108  -53.164  59.388 0.0000000000
37991  -5.047  -53.835  50.254 0.0000000000
38007  -5.437  -53.861  50.144 0.0000000000
38033  -6.428  -53.151  48.172 0.0000000000
38054  -6.270  -52.303  47.001 0.0000000000
38055  -6.751  -52.229  46.679 0.0000000000
38057  -8.089  -53.292  45.996 0.0000000000
38067  -6.832  -52.362  46.233 0.0000000000
38084  -10.099  -53.386  43.654 0.0000000000
39214  -13.486  -52.856  58.987 0.0000000000
39216  -14.390  -52.609  59.394 0.0000000000
39235  -8.542  -51.515  58.335 0.0000000000
39236  -8.895  -51.467  58.537 0.0000000000
39271  -7.725  -52.167  53.770 0.0000000000
39356  -30.474  -49.790  47.623 0.0000000000
39357  -31.279  -49.784  47.439 0.0000000000
39389  -7.058  -51.463  46.157 0.0000000000
39390  -6.949  -51.609  45.554 0.0000000000
39391  -6.733  -51.347  45.474 0.0000000000
39401  -30.807  -50.055  47.178 0.0000000000
39410  -7.152  -51.745  45.586 0.0000000000
39411  -6.590  -51.460  45.471 0.0000000000
39413  -26.611  -50.150  46.949 0.0000000000
39425  -6.892  -52.365  45.926 0.0000000000
39454  -9.820  -52.843  42.745 0.0000000000
40578  -14.094  -51.613  59.176 0.0000000000
40595  -7.919  -51.042  58.120 0.0000000000
40605  -7.886  -51.403  56.302 0.0000000000
40619  -7.512  -51.937  53.557 0.0000000000
40658  -33.582  -49.147  48.145 0.0000000000
40691  -32.594  -50.129  47.318 0.0000000000
40703  -6.717  -51.369  46.201 0.0000000000
40704  -6.909  -51.236  45.996 0.0000000000
40705  -7.110  -51.518  45.640 0.0000000000
40715  -31.045  -49.989  46.960 0.0000000000
40718  -33.442  -49.947  46.892 0.0000000000
40726  -5.718  -51.206  46.728 0.0000000000
40727  -6.389  -51.292  46.181 0.0000000000
40728  -6.313  -51.395  45.494 0.0000000000
40743  -32.380  -49.461  46.738 0.0000000000
40754  -7.805  -51.046  44.900 0.0000000000
41873  -13.351  -50.496  59.379 0.0000000000
41880  -12.931  -49.778  59.324 0.0000000000
41882  -13.604  -50.178  59.339 0.0000000000
41903  -5.735  -51.964  51.484 0.0000000000
41912  -34.806  -47.209  51.593 0.0000000000
41915  -6.251  -51.729  51.696 0.0000000000
41924  -5.115  -51.138  50.832 0.0000000000
41930  -34.124  -48.246  50.465 0.0000000000
41945  -16.533  -49.729  49.439 0.0000000000
41949  -35.150  -48.802  48.751 0.0000000000
41960  -35.058  -48.836  48.530 0.0000000000
41973  -34.208  -48.883  47.401 0.0000000000
41988  -33.592  -49.317  46.786 0.0000000000
41996  -6.668  -50.585  45.540 0.0000000000
42018  -6.094  -49.910  45.885 0.0000000000
42045  -7.137  -48.916  43.096 0.0000000000
42047  -8.555  -50.610  43.205 0.0000000000
42071  -8.553  -50.575  42.863 0.0000000000
43039  -8.435  -49.218  59.487 0.0000000000
43040  -8.938  -49.117  59.305 0.0000000000
43042  -9.494  -48.835  59.732 0.0000000000
43047  -8.032  -48.992  58.972 0.0000000000
43049  -8.732  -49.361  59.091 0.0000000000
43061  -7.969  -49.016  58.761 0.0000000000
43063  -13.257  -49.338  59.353 0.0000000000
43064  -13.693  -49.764  59.329 0.0000000000
43077  -7.853  -48.509  57.467 0.0000000000
43101  -34.692  -46.400  53.469 0.0000000000
43102  -35.120  -46.451  53.489 0.0000000000
43128  -34.993  -47.356  51.628 0.0000000000
43130  -35.192  -46.454  52.136 0.0000000000
43135  -11.079  -49.484  52.111 0.0000000000
43143  -6.750  -49.416  49.279 0.0000000000
43144  -6.992  -49.182  49.362 0.0000000000
43149  -35.410  -48.086  49.884 0.0000000000
43152  -6.633  -49.380  49.003 0.0000000000
43158  -5.270  -50.051  47.887 0.0000000000
43159  -6.306  -49.225  48.858 0.0000000000
43160  -6.665  -49.160  48.876 0.0000000000
43162  -35.254  -48.646  48.647 0.0000000000
43168  -5.381  -49.973  47.052 0.0000000000
43169  -34.740  -48.585  47.848 0.0000000000
43201  -7.637  -49.741  43.527 0.0000000000
43219  -7.752  -49.660  43.144 0.0000000000
44149  -8.283  -48.758  59.591 0.0000000000
44152  -9.166  -48.780  59.768 0.0000000000
44154  -13.926  -47.710  60.345 0.0000000000
44157  -7.694  -48.861  59.039 0.0000000000
44159  -8.241  -48.169  59.900 0.0000000000
44160  -8.455  -48.501  59.523 0.0000000000
44166  -13.561  -47.987  59.916 0.0000000000
44170  -12.285  -49.079  59.522 0.0000000000
44171  -12.700  -48.829  59.519 0.0000000000
44201  -35.179  -45.528  55.165 0.0000000000
44211  -34.242  -45.878  54.458 0.0000000000
44212  -34.863  -45.924  54.320 0.0000000000
44214  -35.866  -45.844  54.317 0.0000000000
44234  -35.620  -46.376  53.221 0.0000000000
44235  -35.734  -46.250  52.806 0.0000000000
44236  -5.570  -50.844  50.784 0.0000000000
44279  -10.320  -48.258  48.654 0.0000000000
44286  -6.833  -48.977  48.835 0.0000000000
44287  -6.763  -48.715  48.956 0.0000000000
44288  -10.280  -48.134  48.433 0.0000000000
44296  -6.900  -48.913  48.652 0.0000000000
44297  -6.603  -48.456  48.495 0.0000000000
44298  -35.157  -47.660  47.929 0.0000000000
44303  -5.620  -48.970  46.624 0.0000000000
44337  -6.229  -47.671  43.550 0.0000000000
44338  -5.830  -47.407  43.052 0.0000000000
44356  -5.644  -47.523  42.856 0.0000000000
45325  -8.420  -48.651  59.522 0.0000000000
45326  -8.279  -48.362  59.713 0.0000000000
45333  -7.868  -48.792  59.084 0.0000000000
45335  -8.349  -47.772  59.391 0.0000000000
45344  -7.646  -48.770  59.004 0.0000000000
45345  -7.963  -48.282  59.022 0.0000000000
45351  -7.711  -48.349  58.961 0.0000000000
45353  -8.040  -47.726  58.421 0.0000000000
45362  -34.124  -45.123  56.223 0.0000000000
45375  -34.688  -45.400  55.790 0.0000000000
45376  -34.930  -45.378  55.850 0.0000000000
45377  -34.915  -45.144  56.028 0.0000000000
45391  -34.928  -45.482  55.612 0.0000000000
45392  -34.959  -45.159  55.890 0.0000000000
45404  -35.340  -45.334  55.174 0.0000000000
45425  -36.320  -46.100  53.446 0.0000000000
45427  -11.594  -48.682  53.303 0.0000000000
45437  -35.943  -45.983  52.826 0.0000000000
45449  -35.511  -45.925  52.029 0.0000000000
45450  -5.883  -50.055  48.343 0.0000000000
45461  -35.567  -46.567  50.562 0.0000000000
45465  -6.145  -49.205  47.953 0.0000000000
45466  -6.075  -49.000  48.789 0.0000000000
45483  -6.564  -48.853  48.722 0.0000000000
45485  -7.747  -47.311  47.984 0.0000000000
45496  -6.750  -49.134  48.253 0.0000000000
45497  -6.478  -48.748  48.552 0.0000000000
45498  -7.678  -47.034  47.592 0.0000000000
45517  -6.164  -47.487  44.892 0.0000000000
45537  -5.640  -47.409  42.897 0.0000000000
45556  -5.401  -47.405  42.894 0.0000000000
46559  -33.874  -44.217  57.154 0.0000000000
46560  -34.338  -43.825  57.429 0.0000000000
46574  -34.974  -44.979  57.000 0.0000000000
46586  -34.839  -44.756  56.548 0.0000000000
46598  -35.155  -44.964  56.194 0.0000000000
46634  -36.501  -45.930  53.507 0.0000000000
46657  -35.580  -45.648  51.461 0.0000000000
46672  -6.351  -48.776  47.977 0.0000000000
46674  -6.866  -47.842  48.118 0.0000000000
46691  -6.380  -48.549  47.707 0.0000000000
46702  -6.183  -48.221  47.287 0.0000000000
46704  -6.811  -47.131  46.970 0.0000000000
47747  -34.724  -43.956  57.592 0.0000000000
47756  -35.276  -44.347  56.989 0.0000000000
47762  -34.862  -44.877  56.999 0.0000000000
47778  -35.618  -44.738  55.182 0.0000000000
47786  -36.233  -45.263  53.867 0.0000000000
47796  -9.638  -42.974  50.465 0.0000000000
47807  -9.454  -43.236  50.323 0.0000000000
47819  -35.797  -45.299  51.817 0.0000000000
47825  -10.102  -44.138  50.036 0.0000000000
47839  -35.676  -45.148  51.034 0.0000000000
47847  -9.773  -44.114  49.854 0.0000000000
47890  -11.113  -45.609  45.935 0.0000000000
47891  -11.239  -45.528  46.277 0.0000000000
47896  -6.038  -45.474  44.843 0.0000000000
47897  -6.531  -45.696  44.680 0.0000000000
47911  -9.342  -44.808  44.845 0.0000000000
47919  -5.489  -45.889  43.303 0.0000000000
48912  -33.874  -43.127  58.383 0.0000000000
48918  -33.862  -43.890  58.314 0.0000000000
48920  -34.674  -43.654  57.764 0.0000000000
48956  -35.605  -44.342  54.855 0.0000000000
48966  -9.808  -42.757  50.534 0.0000000000
48978  -7.402  -41.834  50.007 0.0000000000
48981  -10.234  -43.147  50.419 0.0000000000
48998  -7.479  -42.116  49.960 0.0000000000
48999  -7.926  -42.616  50.022 0.0000000000
49000  -8.703  -43.194  50.167 0.0000000000
49016  -7.419  -42.298  49.381 0.0000000000
49081  -5.850  -45.213  45.088 0.0000000000
49085  -8.475  -44.695  44.643 0.0000000000
49086  -10.477  -44.869  45.373 0.0000000000
49088  -11.355  -45.063  46.003 0.0000000000
50138  -35.550  -43.649  54.485 0.0000000000
50140  -6.003  -41.688  52.447 0.0000000000
50141  -6.205  -41.651  52.578 0.0000000000
50151  -35.544  -43.394  53.821 0.0000000000
50157  -5.340  -41.547  51.964 0.0000000000
50158  -5.948  -41.491  52.244 0.0000000000
50159  -6.221  -41.126  51.835 0.0000000000
50178  -5.582  -41.027  51.918 0.0000000000
50179  -6.026  -40.846  51.658 0.0000000000
50181  -7.928  -41.992  50.393 0.0000000000
50196  -5.598  -41.119  51.586 0.0000000000
50197  -5.892  -40.991  50.998 0.0000000000
50199  -8.348  -42.700  50.230 0.0000000000
50200  -8.645  -42.885  50.308 0.0000000000
50211  -7.150  -41.857  49.488 0.0000000000
50212  -7.353  -42.384  49.163 0.0000000000
50225  -7.118  -42.105  49.167 0.0000000000
50227  -7.456  -42.429  48.914 0.0000000000
51261  -35.662  -42.386  56.323 0.0000000000
51279  -6.009  -41.404  52.396 0.0000000000
51280  -6.155  -41.487  52.401 0.0000000000
51282  -6.845  -40.992  51.802 0.0000000000
51294  -5.972  -41.313  52.093 0.0000000000
51295  -5.841  -41.536  52.465 0.0000000000
51296  -6.576  -40.865  51.766 0.0000000000
51298  -8.714  -41.618  50.930 0.0000000000
51299  -9.736  -41.912  50.771 0.0000000000
51316  -6.365  -41.157  50.471 0.0000000000
51336  -5.956  -40.796  51.482 0.0000000000
51337  -5.914  -40.644  51.036 0.0000000000
51338  -6.376  -41.277  50.083 0.0000000000
51354  -8.365  -42.698  48.957 0.0000000000
51387  -10.235  -42.691  46.698 0.0000000000
51422  -10.012  -42.869  44.636 0.0000000000
52432  -6.019  -41.275  52.560 0.0000000000
52433  -6.049  -41.321  52.747 0.0000000000
52434  -6.132  -40.910  52.025 0.0000000000
52435  -7.125  -41.051  51.769 0.0000000000
52448  -5.987  -40.919  52.261 0.0000000000
52451  -7.175  -40.831  51.693 0.0000000000
52464  -5.937  -40.622  52.013 0.0000000000
52465  -6.948  -40.524  52.072 0.0000000000
52483  -5.637  -40.487  51.179 0.0000000000
52485  -6.218  -41.105  50.058 0.0000000000
52497  -5.985  -40.952  50.246 0.0000000000
52506  -6.836  -41.491  49.010 0.0000000000
52537  -10.394  -41.931  45.903 0.0000000000
52548  -10.226  -42.018  45.639 0.0000000000
53548  -34.719  -40.480  56.141 0.0000000000
53569  -5.786  -40.002  52.975 0.0000000000
53582  -5.714  -40.204  52.507 0.0000000000
53583  -5.915  -40.361  52.705 0.0000000000
53584  -6.229  -40.199  52.833 0.0000000000
53585  -6.837  -39.886  52.771 0.0000000000
53586  -7.397  -39.798  52.443 0.0000000000
53599  -6.662  -40.302  52.474 0.0000000000
53615  -5.152  -40.291  50.903 0.0000000000
53617  -6.042  -40.413  50.075 0.0000000000
53628  -5.961  -40.863  50.005 0.0000000000
53650  -8.085  -40.417  46.878 0.0000000000
54658  -5.349  -39.711  51.479 0.0000000000
54671  -5.311  -40.265  51.078 0.0000000000
54689  -7.361  -39.359  48.926 0.0000000000
54691  -8.193  -39.112  47.916 0.0000000000
55590  -35.157  -39.831  55.072 0.0000000000
55673  -7.971  -38.564  48.459 0.0000000000
55674  -8.321  -38.540  47.837 0.0000000000
55682  -8.165  -38.842  46.810 0.0000000000
55693  -8.143  -38.349  46.740 0.0000000000
56475  -32.661  -37.065  58.523 0.0000000000
56563  -34.290  -38.434  52.268 0.0000000000
56564  -34.546  -38.826  52.090 0.0000000000
56659  -8.163  -37.835  46.916 0.0000000000
57476  -32.786  -38.063  57.019 0.0000000000
57498  -32.143  -37.014  55.719 0.0000000000
57526  -32.541  -37.492  54.289 0.0000000000
58525  -32.153  -36.430  57.024 0.0000000000
58537  -31.987  -37.059  55.195 0.0000000000
59596  -31.387  -34.535  55.704 0.0000000000
60700  -31.450  -33.869  56.049 0.0000000000
60736  -33.590  -31.841  54.307 0.0000000000
60737  -34.096  -31.719  54.596 0.0000000000
60750  -33.603  -31.852  53.994 0.0000000000
60764  -34.205  -31.764  53.455 0.0000000000
61869  -32.901  -32.518  57.067 0.0000000000
61870  -33.407  -32.417  57.241 0.0000000000
61884  -32.413  -32.638  55.989 0.0000000000
61903  -36.292  -31.455  53.951 0.0000000000
61904  -36.647  -31.475  53.904 0.0000000000
61916  -36.103  -31.436  54.036 0.0000000000
61917  -36.657  -31.355  54.107 0.0000000000
61918  -36.921  -31.424  53.980 0.0000000000
61931  -33.821  -31.858  53.523 0.0000000000
61932  -35.929  -31.400  53.465 0.0000000000
61934  -37.060  -31.280  53.775 0.0000000000
61952  -35.980  -31.507  53.014 0.0000000000
61954  -37.570  -30.695  53.264 0.0000000000
62054  -35.464  -30.399  48.679 0.0000000000
63177  -36.349  -31.357  53.914 0.0000000000
63178  -36.617  -31.164  54.180 0.0000000000
63188  -36.253  -31.367  53.625 0.0000000000
63189  -36.852  -31.264  53.977 0.0000000000
63190  -36.985  -31.185  54.008 0.0000000000
63200  -36.171  -31.157  53.015 0.0000000000
63201  -36.837  -31.015  52.773 0.0000000000
63202  -37.219  -30.933  53.518 0.0000000000
63213  -36.372  -31.243  52.902 0.0000000000
63214  -36.617  -30.997  52.806 0.0000000000
63227  -36.966  -30.793  52.259 0.0000000000
63229  -37.868  -30.659  52.222 0.0000000000
63262  -43.360  -29.282  49.920 0.0000000000
63284  -41.873  -29.177  49.254 0.0000000000
64453  -39.517  -30.278  51.342 0.0000000000
64461  -39.354  -30.408  51.196 0.0000000000
64462  -39.473  -30.298  51.009 0.0000000000
64463  -39.790  -30.078  51.156 0.0000000000
64473  -39.913  -30.026  50.851 0.0000000000
64509  -39.701  -29.314  47.778 0.0000000000
64529  -38.772  -29.400  46.803 0.0000000000
64554  -38.434  -29.224  46.148 0.0000000000
64556  -40.117  -28.837  46.183 0.0000000000
64576  -38.660  -28.793  45.412 0.0000000000
65735  -42.914  -28.342  47.461 0.0000000000
65746  -40.792  -28.576  46.639 0.0000000000
65767  -41.327  -28.175  46.295 0.0000000000
65769  -44.882  -27.607  46.031 0.0000000000
65772  -46.639  -26.947  45.842 0.0000000000
65790  -37.715  -28.371  44.077 0.0000000000
65791  -37.611  -28.493  44.451 0.0000000000
65797  -46.136  -26.943  44.962 0.0000000000
65808  -37.406  -28.165  43.924 0.0000000000
65809  -37.525  -28.493  44.001 0.0000000000
65811  -39.041  -27.756  43.723 0.0000000000
65813  -45.806  -26.966  44.525 0.0000000000
66970  -43.304  -28.193  47.312 0.0000000000
66971  -43.549  -28.059  47.177 0.0000000000
66987  -48.570  -26.683  46.024 0.0000000000
66998  -43.694  -27.676  46.026 0.0000000000
67013  -37.129  -28.198  44.045 0.0000000000
67014  -37.530  -28.402  44.201 0.0000000000
67015  -37.874  -28.336  44.305 0.0000000000
67016  -38.372  -28.244  44.411 0.0000000000
67021  -45.318  -27.058  44.978 0.0000000000
67022  -46.701  -26.786  45.084 0.0000000000
67025  -48.265  -25.947  44.928 0.0000000000
67035  -37.340  -28.286  44.062 0.0000000000
67036  -37.641  -28.256  43.986 0.0000000000
67042  -44.149  -26.668  43.654 0.0000000000
67046  -47.070  -26.451  44.304 0.0000000000
67047  -47.724  -26.044  44.329 0.0000000000
67048  -48.051  -25.940  44.686 0.0000000000
67104  -45.834  -25.978  41.958 0.0000000000
67140  -44.078  -26.213  39.971 0.0000000000
68196  -43.367  -27.530  45.758 0.0000000000
68200  -47.885  -26.945  46.105 0.0000000000
68208  -43.275  -27.152  45.390 0.0000000000
68209  -43.827  -26.946  45.098 0.0000000000
68210  -44.270  -26.909  44.849 0.0000000000
68221  -44.430  -26.770  44.359 0.0000000000
68234  -47.549  -25.789  43.410 0.0000000000
68250  -45.615  -25.959  41.183 0.0000000000
69328  -48.959  -25.562  44.774 0.0000000000
69334  -49.176  -25.306  44.571 0.0000000000
69349  -47.720  -25.304  42.470 0.0000000000
69358  -46.998  -24.625  41.019 0.0000000000
69367  -46.651  -24.602  40.837 0.0000000000
69368  -46.821  -24.651  40.979 0.0000000000
69382  -46.271  -24.636  40.569 0.0000000000
70420  -48.692  -25.205  43.320 0.0000000000
70429  -48.626  -25.128  42.936 0.0000000000
70430  -48.894  -24.890  43.057 0.0000000000
70437  -47.515  -25.032  42.031 0.0000000000
70445  -47.339  -25.022  41.816 0.0000000000
70446  -47.364  -24.674  41.504 0.0000000000
70454  -46.817  -24.371  40.710 0.0000000000
70472  -46.485  -24.353  40.399 0.0000000000
71470  -49.411  -24.578  43.749 0.0000000000
71479  -48.780  -24.785  42.862 0.0000000000
71507  -47.382  -24.290  40.882 0.0000000000
72573  -47.346  -23.269  40.478 0.0000000000
72608  -46.017  -23.309  39.142 0.0000000000
73666  -48.100  -23.006  41.408 0.0000000000
75727  -49.615  -20.167  43.465 0.0000000000
75738  -48.395  -20.340  42.133 0.0000000000
76823  -50.145  -19.341  44.069 0.0000000000
76838  -48.680  -19.464  41.915 0.0000000000
79020  -50.383  -17.317  43.886 0.0000000000
80082  -50.009  -15.752  41.313 0.0000000000
80089  -49.882  -15.685  40.814 0.0000000000
81117  -50.784  -15.566  42.525 0.0000000000
81120  -52.909  -15.257  44.032 0.0000000000
81132  -51.131  -15.109  41.410 0.0000000000
81136  -50.431  -15.281  40.476 0.0000000000
81145  -49.935  -15.521  39.794 0.0000000000
81146  -50.382  -15.284  39.468 0.0000000000
81147  -50.835  -14.938  39.170 0.0000000000
82162  -54.376  -14.240  44.968 0.0000000000
82176  -51.889  -14.663  42.064 0.0000000000
82178  -52.745  -14.429  43.261 0.0000000000
82201  -50.795  -14.872  40.128 0.0000000000
82203  -52.108  -14.389  40.820 0.0000000000
83229  -54.613  -13.680  44.735 0.0000000000
83260  -52.695  -14.155  42.666 0.0000000000
84319  -55.025  -12.907  43.698 0.0000000000
84343  -53.948  -12.781  41.931 0.0000000000
84375  -53.979  -12.081  38.542 0.0000000000
85412  -55.987  -11.840  42.586 0.0000000000
85433  -55.040  -11.869  40.753 0.0000000000
87762  -56.071  -8.611  34.742 0.0000000000
88865  -56.822  -7.946  35.157 0.0000000000
141028  -40.761  -29.914  51.392 0.0000000000
