#!ascii label  , from subject S5_07 vox2ras=TkReg
1623
99670  -44.604  1.420  28.090 0.0000000000
98738  -59.189  0.793  17.984 0.0000000000
105694  -49.308  7.097  35.324 0.0000000000
98629  -53.723  0.292  25.335 0.0000000000
93290  -54.417  -4.184  32.419 0.0000000000
104731  -51.896  6.587  22.097 0.0000000000
108800  -51.884  10.324  27.197 0.0000000000
114256  -45.157  16.760  25.363 0.0000000000
93245  -44.448  -4.669  34.336 0.0000000000
96593  -48.641  -1.544  25.373 0.0000000000
99759  -52.267  1.719  21.155 0.0000000000
101770  -48.027  3.268  24.725 0.0000000000
110711  -50.502  12.312  36.439 0.0000000000
105729  -53.914  7.340  32.610 0.0000000000
108773  -48.643  10.519  33.733 0.0000000000
108796  -45.348  10.010  27.788 0.0000000000
114215  -49.272  16.135  29.196 0.0000000000
102855  -57.714  5.031  15.687 0.0000000000
100659  -41.833  2.509  33.936 0.0000000000
100679  -46.702  2.818  31.419 0.0000000000
100693  -59.237  3.077  30.411 0.0000000000
95472  -54.613  -2.333  29.308 0.0000000000
93352  -47.968  -4.188  27.624 0.0000000000
92208  -46.959  -5.396  31.457 0.0000000000
101846  -56.710  3.939  17.748 0.0000000000
107949  -57.397  9.759  18.296 0.0000000000
103700  -50.922  5.538  28.596 0.0000000000
107856  -54.890  9.499  25.791 0.0000000000
110858  -54.198  12.474  20.772 0.0000000000
110855  -49.642  12.185  21.255 0.0000000000
110849  -43.543  12.504  21.380 0.0000000000
97605  -46.892  -0.516  26.617 0.0000000000
99716  -47.762  1.383  24.583 0.0000000000
100716  -46.482  2.250  27.048 0.0000000000
113387  -52.032  14.549  35.090 0.0000000000
110724  -51.427  12.053  35.685 0.0000000000
112544  -52.042  14.313  33.939 0.0000000000
111728  -48.774  13.712  31.902 0.0000000000
101862  -58.448  3.648  16.471 0.0000000000
103681  -40.474  5.720  31.515 0.0000000000
102697  -43.714  4.529  32.560 0.0000000000
94397  -54.728  -3.276  30.468 0.0000000000
93355  -50.928  -4.162  27.600 0.0000000000
92248  -51.267  -5.233  29.570 0.0000000000
93281  -45.382  -4.482  33.290 0.0000000000
95467  -39.945  -2.929  29.904 0.0000000000
97551  -39.839  -0.227  32.305 0.0000000000
96522  -37.989  -1.986  31.675 0.0000000000
99748  -55.523  1.699  22.830 0.0000000000
101807  -52.037  4.057  21.100 0.0000000000
100811  -54.583  2.547  19.214 0.0000000000
103775  -53.510  5.455  19.217 0.0000000000
105854  -56.766  7.359  17.605 0.0000000000
106934  -54.057  8.256  19.940 0.0000000000
100665  -49.012  3.008  32.790 0.0000000000
102716  -49.285  4.328  30.446 0.0000000000
102711  -51.510  4.598  31.525 0.0000000000
107817  -53.507  9.069  29.619 0.0000000000
106856  -55.301  8.599  28.875 0.0000000000
108804  -55.806  10.235  27.707 0.0000000000
109800  -56.522  11.418  24.263 0.0000000000
109797  -53.807  11.534  24.528 0.0000000000
109848  -52.431  12.377  21.168 0.0000000000
109794  -50.598  10.946  24.550 0.0000000000
111746  -43.193  13.267  27.889 0.0000000000
109787  -44.004  11.470  24.636 0.0000000000
112609  -41.722  13.880  24.261 0.0000000000
111790  -41.721  13.494  20.111 0.0000000000
114281  -43.099  16.915  22.296 0.0000000000
96608  -51.920  -1.106  24.886 0.0000000000
98662  -53.131  0.414  23.472 0.0000000000
97641  -50.419  -0.035  23.594 0.0000000000
100762  -49.529  2.677  22.964 0.0000000000
103748  -49.691  4.974  23.080 0.0000000000
105670  -50.233  8.019  36.841 0.0000000000
103659  -52.737  5.584  33.692 0.0000000000
106761  -52.001  8.514  36.233 0.0000000000
105726  -51.105  7.678  32.893 0.0000000000
106841  -49.462  8.403  29.866 0.0000000000
107837  -48.969  9.734  27.582 0.0000000000
107811  -46.518  9.649  31.277 0.0000000000
111738  -45.600  13.307  29.912 0.0000000000
113452  -47.070  16.333  27.649 0.0000000000
105872  -55.542  7.474  15.463 0.0000000000
99653  -43.410  1.905  30.486 0.0000000000
100700  -45.194  3.132  29.613 0.0000000000
99613  -45.356  1.683  33.902 0.0000000000
102682  -46.576  4.415  33.465 0.0000000000
105706  -47.248  7.394  34.172 0.0000000000
107781  -43.927  9.591  35.511 0.0000000000
106735  -47.141  8.770  36.116 0.0000000000
99684  -56.303  1.639  27.967 0.0000000000
98592  -56.646  0.241  29.468 0.0000000000
96571  -54.076  -0.809  27.638 0.0000000000
95507  -50.991  -2.744  26.284 0.0000000000
95504  -48.054  -2.479  26.398 0.0000000000
93250  -53.482  -3.731  34.198 0.0000000000
94349  -48.005  -3.433  34.918 0.0000000000
93266  -49.968  -3.852  33.338 0.0000000000
93301  -50.618  -4.855  31.839 0.0000000000
92244  -47.419  -5.456  29.664 0.0000000000
97579  -43.080  -0.416  28.408 0.0000000000
100816  -59.385  1.689  19.497 0.0000000000
99776  -55.114  1.588  20.737 0.0000000000
100827  -57.251  2.533  18.625 0.0000000000
100844  -58.868  2.478  17.877 0.0000000000
103796  -58.553  5.395  16.666 0.0000000000
105856  -57.793  7.664  16.678 0.0000000000
108953  -57.048  10.266  16.686 0.0000000000
101728  -47.002  4.067  28.915 0.0000000000
102738  -49.197  4.987  26.956 0.0000000000
105772  -50.819  6.797  25.269 0.0000000000
104671  -53.140  6.208  30.417 0.0000000000
105762  -52.871  7.237  27.361 0.0000000000
106888  -52.702  8.815  23.633 0.0000000000
108882  -55.834  10.552  21.704 0.0000000000
110906  -57.388  12.078  20.106 0.0000000000
109892  -55.544  11.627  18.123 0.0000000000
109791  -47.226  11.427  24.197 0.0000000000
110874  -46.682  12.545  20.505 0.0000000000
110942  -45.575  12.028  16.607 0.0000000000
109884  -42.899  11.698  17.325 0.0000000000
111804  -40.472  13.583  18.120 0.0000000000
98614  -46.001  0.285  27.288 0.0000000000
99689  -46.653  1.204  26.623 0.0000000000
100715  -45.690  1.991  27.524 0.0000000000
112545  -52.346  14.181  34.685 0.0000000000
113425  -51.811  15.361  32.894 0.0000000000
99822  -58.933  2.032  17.041 0.0000000000
94377  -54.723  -3.918  31.951 0.0000000000
93314  -53.773  -4.117  30.478 0.0000000000
93304  -53.570  -4.534  31.475 0.0000000000
94394  -39.772  -3.735  30.311 0.0000000000
96532  -38.940  -1.717  31.013 0.0000000000
99702  -55.093  1.399  25.423 0.0000000000
99718  -54.917  1.385  24.654 0.0000000000
102797  -51.901  4.795  21.430 0.0000000000
102812  -52.725  4.533  20.080 0.0000000000
104739  -52.589  6.502  20.861 0.0000000000
104746  -53.820  6.577  19.451 0.0000000000
105832  -53.003  7.193  20.685 0.0000000000
102671  -49.483  5.006  34.396 0.0000000000
101697  -50.479  3.925  32.103 0.0000000000
102686  -50.861  4.390  33.411 0.0000000000
107829  -53.065  9.358  28.895 0.0000000000
107830  -54.434  9.909  28.740 0.0000000000
108802  -54.061  10.404  27.608 0.0000000000
109777  -54.713  11.316  25.722 0.0000000000
109776  -53.329  11.234  25.369 0.0000000000
109796  -52.566  11.352  24.490 0.0000000000
109774  -51.714  10.800  25.316 0.0000000000
113462  -43.815  15.635  26.576 0.0000000000
112593  -42.419  14.180  26.249 0.0000000000
113470  -42.884  15.607  25.449 0.0000000000
113485  -42.338  15.327  23.404 0.0000000000
114274  -44.101  17.010  23.720 0.0000000000
96606  -50.086  -1.317  24.634 0.0000000000
97626  -50.640  -0.800  24.095 0.0000000000
97625  -49.446  -0.408  24.083 0.0000000000
101769  -47.629  2.682  24.923 0.0000000000
99731  -48.806  1.734  23.512 0.0000000000
101781  -48.654  3.219  23.914 0.0000000000
102787  -49.783  4.145  22.879 0.0000000000
102769  -48.505  4.044  24.204 0.0000000000
108732  -50.655  10.338  37.154 0.0000000000
105672  -52.084  8.154  36.623 0.0000000000
108723  -51.374  9.766  37.329 0.0000000000
109720  -49.718  11.329  34.454 0.0000000000
107796  -50.217  9.174  34.996 0.0000000000
107802  -49.142  9.060  33.780 0.0000000000
105745  -50.815  7.986  31.336 0.0000000000
106819  -48.762  8.424  31.706 0.0000000000
106828  -47.680  8.628  30.575 0.0000000000
107807  -47.567  9.582  32.211 0.0000000000
112570  -48.451  14.549  30.811 0.0000000000
111726  -47.270  13.240  31.206 0.0000000000
112576  -47.430  14.564  29.932 0.0000000000
113437  -46.296  14.844  29.130 0.0000000000
114214  -48.050  16.052  28.914 0.0000000000
104783  -56.884  6.581  15.554 0.0000000000
99622  -42.755  1.508  33.565 0.0000000000
99632  -43.751  1.536  32.623 0.0000000000
100646  -43.373  2.251  34.202 0.0000000000
105722  -44.410  7.711  32.521 0.0000000000
103670  -45.461  5.583  32.569 0.0000000000
104655  -45.987  6.639  32.747 0.0000000000
104656  -46.817  6.606  33.293 0.0000000000
105704  -45.834  8.281  33.774 0.0000000000
109714  -43.202  10.960  34.519 0.0000000000
107782  -44.977  9.566  35.706 0.0000000000
109697  -45.993  11.112  35.504 0.0000000000
108751  -47.095  10.649  35.987 0.0000000000
109717  -46.474  11.811  34.877 0.0000000000
100710  -57.744  3.062  28.126 0.0000000000
99673  -57.606  1.832  28.819 0.0000000000
98582  -57.020  0.158  30.193 0.0000000000
97573  -55.915  -0.517  29.309 0.0000000000
97582  -55.025  -0.300  28.175 0.0000000000
96555  -54.366  -1.288  28.213 0.0000000000
95509  -52.556  -1.828  26.811 0.0000000000
95481  -53.023  -2.585  27.960 0.0000000000
93354  -49.932  -4.316  27.475 0.0000000000
94434  -50.194  -3.734  27.019 0.0000000000
94432  -48.181  -3.375  27.064 0.0000000000
94347  -46.422  -3.614  34.950 0.0000000000
93283  -47.312  -4.412  32.869 0.0000000000
92193  -47.482  -5.058  32.183 0.0000000000
93286  -50.344  -4.398  32.605 0.0000000000
92210  -49.021  -5.293  31.248 0.0000000000
92229  -49.165  -5.527  30.430 0.0000000000
92227  -47.241  -5.517  30.570 0.0000000000
98590  -42.203  0.674  29.660 0.0000000000
98589  -41.378  0.150  29.873 0.0000000000
100789  -59.278  2.080  21.035 0.0000000000
98691  -52.551  0.909  21.824 0.0000000000
99761  -54.260  1.121  21.578 0.0000000000
99760  -53.278  1.279  21.200 0.0000000000
101835  -55.869  3.570  18.199 0.0000000000
100812  -55.550  2.264  19.235 0.0000000000
101836  -56.918  3.273  18.170 0.0000000000
100828  -58.394  2.412  18.418 0.0000000000
101847  -57.623  3.838  17.672 0.0000000000
102832  -58.689  4.603  17.020 0.0000000000
102831  -58.176  4.652  17.304 0.0000000000
106944  -56.910  8.747  18.182 0.0000000000
105855  -57.509  7.649  17.300 0.0000000000
106952  -57.564  8.782  17.183 0.0000000000
106959  -57.509  8.698  16.487 0.0000000000
107957  -57.729  9.806  17.655 0.0000000000
100692  -46.295  3.234  30.643 0.0000000000
101727  -46.168  3.583  28.533 0.0000000000
101718  -47.219  3.935  29.871 0.0000000000
103694  -50.412  5.331  29.020 0.0000000000
102731  -49.307  5.093  27.917 0.0000000000
103704  -49.942  5.398  27.400 0.0000000000
103718  -50.150  5.878  26.289 0.0000000000
104686  -51.334  6.330  26.746 0.0000000000
104648  -53.811  6.744  33.442 0.0000000000
103687  -53.602  5.863  32.201 0.0000000000
104668  -54.119  6.709  31.538 0.0000000000
106866  -55.197  8.862  27.104 0.0000000000
105763  -53.928  7.766  27.517 0.0000000000
106871  -53.968  8.882  26.082 0.0000000000
106870  -53.113  8.456  25.728 0.0000000000
107866  -53.860  9.249  24.679 0.0000000000
107883  -53.860  9.688  22.392 0.0000000000
107867  -55.163  10.144  24.422 0.0000000000
109834  -55.918  12.259  22.974 0.0000000000
110861  -57.271  12.185  21.806 0.0000000000
110883  -56.108  12.531  20.494 0.0000000000
110925  -56.682  12.217  18.916 0.0000000000
110903  -54.784  12.487  19.302 0.0000000000
110902  -53.795  12.381  19.150 0.0000000000
110881  -53.945  12.729  19.917 0.0000000000
109847  -51.359  12.086  21.491 0.0000000000
110878  -51.203  12.547  19.947 0.0000000000
107835  -46.892  9.559  27.673 0.0000000000
108829  -48.285  10.722  25.542 0.0000000000
108827  -46.007  10.791  25.521 0.0000000000
110834  -43.650  12.321  22.568 0.0000000000
109824  -45.613  11.805  23.079 0.0000000000
110850  -44.647  12.356  21.520 0.0000000000
110894  -45.551  12.482  19.237 0.0000000000
110893  -44.467  12.434  19.050 0.0000000000
110930  -44.043  11.722  17.004 0.0000000000
110892  -43.420  12.472  18.825 0.0000000000
113504  -41.468  15.373  19.608 0.0000000000
111795  -41.545  13.461  18.666 0.0000000000
112637  -41.110  14.654  18.470 0.0000000000
112635  -39.925  14.445  19.161 0.0000000000
97615  -47.534  -0.577  25.835 0.0000000000
97624  -48.247  -0.539  24.888 0.0000000000
98628  -47.358  0.449  25.619 0.0000000000
99701  -47.362  1.315  25.348 0.0000000000
101743  -47.469  3.167  26.405 0.0000000000
109687  -51.445  12.130  36.294 0.0000000000
110726  -52.107  13.002  35.596 0.0000000000
110736  -51.519  12.640  34.822 0.0000000000
110755  -50.203  12.811  33.627 0.0000000000
109740  -48.388  12.055  32.666 0.0000000000
111723  -49.921  13.431  32.877 0.0000000000
113429  -50.247  14.990  31.433 0.0000000000
102843  -58.043  4.404  16.109 0.0000000000
101685  -41.013  3.748  32.722 0.0000000000
101687  -43.032  3.758  32.974 0.0000000000
103667  -42.394  5.276  31.849 0.0000000000
95459  -54.857  -2.739  29.981 0.0000000000
93345  -53.453  -3.434  28.847 0.0000000000
93328  -53.485  -3.839  29.430 0.0000000000
92261  -51.196  -4.967  28.814 0.0000000000
92259  -49.497  -5.338  28.792 0.0000000000
93261  -44.963  -4.349  34.126 0.0000000000
92205  -44.135  -5.452  31.585 0.0000000000
95469  -41.568  -2.531  29.114 0.0000000000
97569  -40.227  -1.022  30.407 0.0000000000
96533  -39.792  -1.589  30.440 0.0000000000
96516  -38.834  -0.945  32.190 0.0000000000
100784  -51.615  2.665  21.093 0.0000000000
99774  -53.056  1.910  20.539 0.0000000000
101824  -52.937  3.639  19.820 0.0000000000
101833  -54.061  3.868  18.759 0.0000000000
102822  -55.229  4.444  18.142 0.0000000000
103793  -56.415  5.590  17.519 0.0000000000
104761  -55.113  6.153  17.908 0.0000000000
105846  -55.312  7.671  18.555 0.0000000000
107947  -55.669  9.153  18.981 0.0000000000
100670  -48.444  2.725  32.402 0.0000000000
101706  -47.741  3.744  30.576 0.0000000000
101708  -49.145  3.811  31.149 0.0000000000
102710  -50.165  4.182  31.232 0.0000000000
103689  -51.335  5.329  30.261 0.0000000000
106823  -53.447  8.190  31.640 0.0000000000
106835  -54.658  7.898  31.030 0.0000000000
106846  -54.877  8.601  29.823 0.0000000000
106861  -55.717  9.115  28.278 0.0000000000
107851  -55.920  9.641  26.703 0.0000000000
108852  -56.561  10.790  24.715 0.0000000000
108837  -56.862  10.956  25.810 0.0000000000
109799  -56.034  11.699  24.474 0.0000000000
109833  -54.840  12.193  22.701 0.0000000000
109849  -53.135  12.423  21.302 0.0000000000
109832  -53.442  12.185  22.192 0.0000000000
109831  -52.115  11.896  22.398 0.0000000000
109829  -49.828  11.563  22.637 0.0000000000
109752  -43.438  11.564  27.985 0.0000000000
108807  -44.428  10.830  26.320 0.0000000000
110797  -42.994  12.077  26.746 0.0000000000
110815  -42.667  12.426  24.558 0.0000000000
110833  -42.525  12.735  22.446 0.0000000000
110847  -42.099  12.946  20.946 0.0000000000
112621  -41.726  14.115  22.345 0.0000000000
114279  -41.912  15.591  21.835 0.0000000000
114295  -41.882  16.202  19.641 0.0000000000
97617  -52.668  -0.672  25.044 0.0000000000
98643  -53.392  0.286  24.431 0.0000000000
97628  -52.262  -0.549  24.405 0.0000000000
98661  -52.141  0.037  23.461 0.0000000000
98676  -50.980  1.029  22.394 0.0000000000
98641  -49.186  0.320  23.751 0.0000000000
99733  -50.178  1.411  22.743 0.0000000000
99758  -51.233  1.869  21.758 0.0000000000
101805  -50.787  3.362  22.039 0.0000000000
102789  -50.968  4.684  22.295 0.0000000000
103750  -51.204  5.577  22.390 0.0000000000
105682  -49.870  7.364  36.055 0.0000000000
103649  -51.797  5.507  34.276 0.0000000000
104626  -51.132  7.034  35.775 0.0000000000
104628  -52.890  7.042  35.395 0.0000000000
105711  -53.470  7.278  33.651 0.0000000000
108753  -51.136  10.171  36.291 0.0000000000
105696  -51.638  8.100  34.722 0.0000000000
105727  -52.253  7.775  32.887 0.0000000000
105739  -51.586  7.986  31.862 0.0000000000
106843  -51.322  8.466  29.632 0.0000000000
106854  -50.951  9.060  29.030 0.0000000000
107838  -50.064  10.078  27.496 0.0000000000
106852  -49.197  8.658  28.963 0.0000000000
106850  -47.155  8.997  29.064 0.0000000000
107815  -45.700  9.753  29.644 0.0000000000
109744  -47.167  12.024  31.731 0.0000000000
109742  -45.790  11.070  31.141 0.0000000000
109750  -44.367  11.497  29.286 0.0000000000
111737  -44.695  13.451  29.346 0.0000000000
113444  -44.772  15.018  28.233 0.0000000000
114229  -45.530  16.301  27.039 0.0000000000
99661  -43.328  1.734  29.469 0.0000000000
100708  -44.520  2.408  28.645 0.0000000000
100698  -43.932  2.379  30.102 0.0000000000
99644  -45.120  1.985  31.927 0.0000000000
99635  -45.916  1.911  32.662 0.0000000000
101673  -44.294  3.431  33.712 0.0000000000
101660  -46.083  2.598  34.168 0.0000000000
100650  -46.870  2.454  33.676 0.0000000000
101677  -47.939  3.145  33.894 0.0000000000
103657  -48.343  5.352  33.800 0.0000000000
104634  -48.304  7.027  34.510 0.0000000000
106754  -43.598  9.070  35.270 0.0000000000
106756  -45.589  8.892  35.554 0.0000000000
106778  -47.239  8.221  35.223 0.0000000000
106759  -48.439  8.116  36.267 0.0000000000
107765  -48.588  9.508  36.794 0.0000000000
108731  -49.402  10.427  36.811 0.0000000000
110710  -49.748  11.912  36.569 0.0000000000
99692  -56.227  2.092  26.870 0.0000000000
98625  -55.094  0.953  26.760 0.0000000000
99654  -58.377  1.207  30.651 0.0000000000
99662  -58.092  1.375  30.052 0.0000000000
99672  -56.699  1.259  28.625 0.0000000000
98616  -55.244  0.641  27.629 0.0000000000
97608  -53.836  -0.044  26.532 0.0000000000
96583  -52.631  -1.306  26.340 0.0000000000
95522  -51.275  -2.190  25.855 0.0000000000
95521  -50.277  -2.327  25.707 0.0000000000
94435  -51.100  -3.523  27.165 0.0000000000
95506  -49.895  -2.809  26.151 0.0000000000
95519  -48.488  -2.190  25.836 0.0000000000
96581  -47.311  -1.508  26.572 0.0000000000
94351  -50.103  -3.377  34.880 0.0000000000
93263  -47.032  -3.939  33.773 0.0000000000
94365  -48.517  -3.600  34.253 0.0000000000
94367  -50.528  -3.491  34.103 0.0000000000
93267  -50.947  -3.970  33.405 0.0000000000
93287  -51.302  -4.468  32.644 0.0000000000
93289  -53.327  -4.447  32.482 0.0000000000
92213  -51.557  -5.187  31.061 0.0000000000
92246  -49.321  -5.559  29.585 0.0000000000
93339  -47.793  -4.759  28.245 0.0000000000
98601  -43.940  0.688  28.243 0.0000000000
98591  -42.854  1.174  29.448 0.0000000000
99640  -42.162  1.390  32.086 0.0000000000
99621  -41.808  1.325  33.540 0.0000000000
100658  -40.879  2.479  33.787 0.0000000000
98703  -59.475  1.042  21.036 0.0000000000
98714  -59.783  0.916  19.756 0.0000000000
99798  -59.747  1.441  18.797 0.0000000000
98663  -54.006  0.745  23.565 0.0000000000
99762  -55.404  1.453  21.759 0.0000000000
99787  -54.929  1.924  19.867 0.0000000000
99788  -55.820  1.807  19.993 0.0000000000
100814  -57.712  2.115  19.715 0.0000000000
100815  -58.959  1.925  19.277 0.0000000000
100829  -59.276  2.013  18.348 0.0000000000
100845  -59.139  2.362  17.503 0.0000000000
101849  -58.897  3.611  16.918 0.0000000000
102844  -58.523  4.652  16.494 0.0000000000
103804  -58.520  5.512  16.174 0.0000000000
103794  -57.709  5.612  17.305 0.0000000000
104774  -58.508  6.018  16.462 0.0000000000
104784  -57.795  6.528  15.803 0.0000000000
105864  -57.553  7.657  15.931 0.0000000000
106958  -56.923  8.654  15.810 0.0000000000
107960  -55.528  9.180  16.264 0.0000000000
101735  -45.982  2.925  27.772 0.0000000000
101736  -47.142  3.619  27.543 0.0000000000
101744  -48.063  3.786  26.894 0.0000000000
102723  -48.496  4.579  29.375 0.0000000000
102737  -48.499  4.543  27.361 0.0000000000
102743  -48.529  4.431  26.416 0.0000000000
103730  -49.438  5.495  24.969 0.0000000000
104716  -49.882  6.056  24.113 0.0000000000
105800  -50.919  7.069  23.560 0.0000000000
103673  -51.806  5.028  32.901 0.0000000000
103690  -52.025  5.329  30.707 0.0000000000
103702  -52.260  6.187  29.442 0.0000000000
105753  -54.287  7.346  29.941 0.0000000000
104679  -53.190  6.900  28.575 0.0000000000
104682  -52.363  6.504  27.821 0.0000000000
105767  -51.838  6.937  26.268 0.0000000000
105785  -51.519  7.529  24.349 0.0000000000
105817  -52.297  7.784  22.322 0.0000000000
106916  -53.375  8.764  21.544 0.0000000000
107916  -56.329  10.415  20.237 0.0000000000
108873  -56.536  11.444  23.154 0.0000000000
109862  -57.291  11.686  20.820 0.0000000000
108914  -57.358  11.146  19.474 0.0000000000
109894  -57.321  11.510  18.334 0.0000000000
109906  -56.347  11.336  17.624 0.0000000000
110856  -52.571  12.615  20.384 0.0000000000
108831  -50.248  10.726  25.598 0.0000000000
108861  -49.510  11.182  24.150 0.0000000000
109828  -48.876  11.524  22.613 0.0000000000
109789  -45.539  11.320  24.312 0.0000000000
109826  -47.103  11.732  22.623 0.0000000000
110853  -48.110  12.422  21.328 0.0000000000
110896  -47.517  12.849  19.489 0.0000000000
110933  -46.512  12.376  17.011 0.0000000000
108940  -46.267  10.984  16.722 0.0000000000
111796  -41.883  12.902  18.638 0.0000000000
110912  -41.532  12.570  17.926 0.0000000000
115051  -47.147  17.809  24.129 0.0000000000
115059  -45.460  17.792  23.234 0.0000000000
115080  -44.569  17.828  20.951 0.0000000000
115088  -42.974  17.351  19.737 0.0000000000
114308  -42.081  16.864  18.204 0.0000000000
99680  -45.072  0.946  27.672 0.0000000000
99681  -45.604  1.038  27.479 0.0000000000
99671  -45.218  1.525  27.749 0.0000000000
99811  -59.105  1.490  17.614 0.0000000000
94378  -55.269  -3.633  32.441 0.0000000000
94393  -38.974  -3.675  30.669 0.0000000000
98630  -54.464  0.806  25.504 0.0000000000
98644  -54.240  0.775  24.533 0.0000000000
103757  -51.873  5.731  21.940 0.0000000000
103758  -52.246  5.625  21.148 0.0000000000
104732  -52.217  6.505  21.581 0.0000000000
105823  -52.141  7.126  21.981 0.0000000000
103647  -49.764  5.642  34.532 0.0000000000
102685  -50.094  4.360  33.697 0.0000000000
102673  -50.864  4.736  34.130 0.0000000000
107840  -52.390  9.770  27.892 0.0000000000
107841  -53.514  10.029  28.150 0.0000000000
108801  -52.961  10.215  27.329 0.0000000000
108835  -53.819  10.876  26.065 0.0000000000
108834  -52.912  10.674  25.894 0.0000000000
109775  -52.300  11.002  25.274 0.0000000000
108815  -52.447  10.456  26.545 0.0000000000
114245  -43.977  16.221  26.176 0.0000000000
114244  -43.370  15.827  26.059 0.0000000000
114255  -44.169  16.496  25.374 0.0000000000
114264  -43.360  16.294  24.447 0.0000000000
114265  -44.306  16.706  24.432 0.0000000000
96605  -49.167  -1.173  24.791 0.0000000000
100750  -48.426  2.443  23.997 0.0000000000
108722  -51.180  9.831  37.352 0.0000000000
109686  -51.076  11.469  36.487 0.0000000000
108767  -49.168  10.487  34.355 0.0000000000
107794  -48.862  10.000  34.033 0.0000000000
106812  -48.680  8.600  32.665 0.0000000000
107801  -48.572  9.568  33.272 0.0000000000
106811  -48.152  8.840  32.164 0.0000000000
108772  -48.157  10.517  33.208 0.0000000000
113432  -48.603  14.894  30.371 0.0000000000
112577  -48.122  14.664  30.272 0.0000000000
113439  -48.470  15.276  29.801 0.0000000000
113438  -47.071  15.192  29.214 0.0000000000
102842  -57.119  4.376  16.024 0.0000000000
102854  -56.674  5.107  15.652 0.0000000000
103814  -57.307  5.785  15.615 0.0000000000
99610  -42.534  1.685  34.123 0.0000000000
99611  -43.567  1.747  34.064 0.0000000000
100660  -42.760  2.591  33.998 0.0000000000
104654  -45.013  6.694  32.443 0.0000000000
105723  -45.561  7.801  33.089 0.0000000000
105724  -46.222  7.207  33.259 0.0000000000
106795  -45.126  8.616  33.983 0.0000000000
109716  -45.445  11.558  34.913 0.0000000000
101709  -59.321  3.718  29.628 0.0000000000
100711  -58.334  3.024  28.768 0.0000000000
99674  -58.319  2.499  29.166 0.0000000000
96556  -55.022  -0.934  28.524 0.0000000000
95483  -54.361  -1.951  28.634 0.0000000000
95495  -53.378  -1.808  27.752 0.0000000000
95482  -53.683  -2.252  28.328 0.0000000000
93353  -48.923  -4.280  27.484 0.0000000000
94431  -47.182  -3.374  27.407 0.0000000000
93246  -45.895  -4.241  34.809 0.0000000000
92209  -48.060  -5.379  31.561 0.0000000000
96544  -41.864  -1.394  29.058 0.0000000000
97571  -41.533  -0.451  29.450 0.0000000000
100799  -57.926  2.219  20.994 0.0000000000
98692  -53.347  0.794  21.917 0.0000000000
101837  -57.812  3.040  18.000 0.0000000000
102830  -57.173  4.713  17.537 0.0000000000
106951  -57.355  8.480  17.635 0.0000000000
106945  -57.475  9.137  17.764 0.0000000000
101705  -46.859  3.452  30.489 0.0000000000
103699  -50.148  5.375  28.305 0.0000000000
103705  -50.726  5.610  27.760 0.0000000000
103710  -50.537  5.775  26.925 0.0000000000
103711  -51.160  5.909  27.385 0.0000000000
104658  -54.018  6.643  32.497 0.0000000000
105742  -54.189  7.275  31.793 0.0000000000
107850  -55.221  9.261  26.595 0.0000000000
106865  -54.294  8.363  26.820 0.0000000000
106872  -54.738  8.958  26.513 0.0000000000
107855  -54.062  9.122  25.480 0.0000000000
110840  -55.581  12.433  22.108 0.0000000000
110860  -56.403  12.503  21.508 0.0000000000
110859  -55.272  12.547  21.123 0.0000000000
110882  -54.986  12.435  20.163 0.0000000000
109846  -50.263  11.982  21.549 0.0000000000
109859  -50.885  12.235  20.742 0.0000000000
110877  -49.987  12.467  20.369 0.0000000000
110876  -48.787  12.609  20.316 0.0000000000
108797  -46.186  9.778  27.544 0.0000000000
108809  -46.502  10.198  26.767 0.0000000000
108808  -45.218  10.545  26.576 0.0000000000
110872  -44.531  12.467  20.307 0.0000000000
110871  -43.457  12.495  20.128 0.0000000000
98622  -47.018  0.353  26.291 0.0000000000
99690  -47.063  1.244  26.044 0.0000000000
100723  -46.836  1.929  26.423 0.0000000000
100724  -47.177  2.221  25.913 0.0000000000
100717  -47.024  2.654  26.668 0.0000000000
111672  -51.748  12.791  36.094 0.0000000000
112518  -51.993  14.069  35.478 0.0000000000
111709  -52.305  13.601  34.812 0.0000000000
111708  -52.067  13.655  34.469 0.0000000000
110756  -50.851  12.796  34.196 0.0000000000
111707  -51.274  13.404  33.955 0.0000000000
111706  -50.533  13.361  33.427 0.0000000000
111724  -50.796  13.739  33.269 0.0000000000
114204  -52.075  16.082  32.537 0.0000000000
113424  -50.910  15.013  32.170 0.0000000000
99821  -58.266  2.160  16.842 0.0000000000
100858  -58.047  2.833  16.530 0.0000000000
102707  -40.901  5.091  31.794 0.0000000000
102695  -41.599  4.660  32.159 0.0000000000
103682  -41.359  5.720  31.594 0.0000000000
95449  -55.643  -2.645  30.992 0.0000000000
94396  -54.014  -3.619  29.967 0.0000000000
92249  -52.118  -4.994  29.851 0.0000000000
93327  -52.677  -4.503  29.470 0.0000000000
92260  -50.449  -5.217  28.784 0.0000000000
94406  -41.083  -3.829  29.517 0.0000000000
94407  -42.155  -3.607  29.051 0.0000000000
95468  -40.587  -2.572  29.593 0.0000000000
96542  -40.410  -1.559  29.986 0.0000000000
95458  -40.027  -2.261  30.042 0.0000000000
96523  -38.796  -1.313  31.768 0.0000000000
96515  -38.267  -1.208  32.327 0.0000000000
101814  -51.852  3.422  20.923 0.0000000000
100795  -52.069  2.948  20.578 0.0000000000
101815  -52.376  3.699  20.490 0.0000000000
103774  -53.032  5.177  19.754 0.0000000000
102813  -53.227  4.488  19.486 0.0000000000
102820  -53.756  4.557  18.912 0.0000000000
102821  -54.457  4.543  18.550 0.0000000000
103783  -54.151  5.444  18.673 0.0000000000
103784  -54.875  5.443  18.136 0.0000000000
104753  -53.909  6.056  18.852 0.0000000000
105838  -54.204  7.582  19.548 0.0000000000
105839  -54.720  7.613  19.045 0.0000000000
106935  -54.742  8.501  19.515 0.0000000000
106936  -55.275  8.815  19.058 0.0000000000
107932  -54.910  9.107  19.902 0.0000000000
100681  -48.608  3.013  31.828 0.0000000000
100671  -49.081  3.077  32.204 0.0000000000
102717  -50.598  4.875  30.300 0.0000000000
102718  -51.430  4.922  30.668 0.0000000000
106833  -53.157  8.429  30.731 0.0000000000
106834  -54.172  8.291  30.914 0.0000000000
106845  -53.883  8.769  30.132 0.0000000000
108791  -55.197  10.210  28.321 0.0000000000
107832  -55.639  9.595  28.387 0.0000000000
107843  -56.014  9.736  27.587 0.0000000000
107844  -56.255  10.164  26.928 0.0000000000
107852  -56.444  10.465  26.242 0.0000000000
108819  -56.230  10.643  26.605 0.0000000000
109798  -55.036  11.703  24.578 0.0000000000
109778  -55.852  11.455  25.411 0.0000000000
109816  -55.439  12.108  23.694 0.0000000000
109815  -54.252  11.887  23.525 0.0000000000
109814  -52.972  11.664  23.435 0.0000000000
109813  -51.717  11.419  23.549 0.0000000000
109830  -50.927  11.662  22.562 0.0000000000
109812  -50.389  11.216  23.790 0.0000000000
110788  -43.567  12.435  28.495 0.0000000000
109755  -43.489  11.451  27.188 0.0000000000
110792  -42.703  12.842  27.122 0.0000000000
112603  -41.877  14.128  25.212 0.0000000000
111760  -42.260  13.203  25.523 0.0000000000
111767  -42.121  12.992  24.673 0.0000000000
110822  -42.769  12.455  23.477 0.0000000000
110821  -42.043  12.840  23.456 0.0000000000
111777  -41.908  13.394  22.589 0.0000000000
112615  -41.851  14.126  23.436 0.0000000000
114272  -42.750  16.003  23.402 0.0000000000
113492  -42.273  15.625  22.649 0.0000000000
114280  -42.474  16.224  22.244 0.0000000000
114287  -41.682  15.997  20.897 0.0000000000
114288  -42.474  16.640  20.968 0.0000000000
96609  -52.324  -0.890  24.936 0.0000000000
97629  -52.867  -0.260  24.639 0.0000000000
97642  -51.295  -0.340  23.719 0.0000000000
98660  -51.165  0.353  23.130 0.0000000000
98677  -51.887  0.617  22.515 0.0000000000
98639  -47.694  0.478  24.880 0.0000000000
98640  -48.483  0.571  24.075 0.0000000000
100761  -48.978  2.535  23.391 0.0000000000
99732  -49.621  1.760  22.967 0.0000000000
99745  -50.459  1.855  22.380 0.0000000000
99757  -50.781  2.284  21.972 0.0000000000
100772  -50.037  2.747  22.578 0.0000000000
102788  -50.325  4.458  22.611 0.0000000000
103749  -50.417  5.471  22.833 0.0000000000
105683  -50.818  7.508  36.388 0.0000000000
106740  -52.190  8.304  36.456 0.0000000000
105685  -52.442  7.778  35.801 0.0000000000
105698  -53.095  7.401  34.758 0.0000000000
106782  -52.173  8.199  35.584 0.0000000000
109701  -51.323  11.114  36.048 0.0000000000
106799  -50.363  8.441  34.458 0.0000000000
106780  -50.706  8.790  35.183 0.0000000000
105708  -50.623  7.888  33.898 0.0000000000
105709  -51.815  7.698  33.848 0.0000000000
105740  -52.782  8.144  32.156 0.0000000000
106830  -49.855  8.074  31.033 0.0000000000
106831  -51.030  8.184  30.667 0.0000000000
106842  -50.384  8.313  29.968 0.0000000000
105758  -50.845  8.539  29.170 0.0000000000
105757  -50.414  8.633  29.103 0.0000000000
106853  -50.077  9.124  28.901 0.0000000000
105750  -49.659  8.444  29.276 0.0000000000
106817  -47.161  8.979  31.117 0.0000000000
106839  -47.463  8.755  29.740 0.0000000000
106827  -46.911  9.019  30.459 0.0000000000
106849  -46.687  9.195  29.170 0.0000000000
107814  -46.265  9.433  30.185 0.0000000000
111722  -48.923  13.274  32.404 0.0000000000
109739  -47.585  11.535  32.320 0.0000000000
110773  -47.532  12.461  31.907 0.0000000000
111732  -46.769  13.288  30.730 0.0000000000
110778  -46.422  12.413  30.998 0.0000000000
110777  -45.901  12.561  30.455 0.0000000000
108781  -45.162  10.952  30.196 0.0000000000
110776  -45.278  12.154  30.175 0.0000000000
110783  -44.773  12.460  29.657 0.0000000000
113445  -45.957  15.203  28.522 0.0000000000
113451  -46.262  15.904  27.663 0.0000000000
113450  -45.189  15.600  27.647 0.0000000000
114230  -46.534  16.568  27.058 0.0000000000
103812  -55.077  5.972  15.142 0.0000000000
99624  -44.578  1.549  33.379 0.0000000000
99643  -44.699  1.817  31.955 0.0000000000
99634  -45.410  1.817  32.454 0.0000000000
100678  -45.567  2.314  31.714 0.0000000000
99626  -45.957  1.750  33.036 0.0000000000
101688  -43.862  3.782  33.149 0.0000000000
102699  -45.865  4.848  33.078 0.0000000000
102681  -45.525  3.979  33.501 0.0000000000
101675  -45.884  3.354  33.930 0.0000000000
101676  -46.862  3.339  33.854 0.0000000000
101662  -47.294  2.706  33.795 0.0000000000
104645  -47.125  7.117  33.772 0.0000000000
104657  -47.317  6.099  33.319 0.0000000000
104646  -47.807  6.528  33.933 0.0000000000
104647  -48.634  6.010  34.024 0.0000000000
105692  -47.771  7.545  34.676 0.0000000000
108766  -43.582  10.556  35.178 0.0000000000
107780  -42.928  9.499  35.460 0.0000000000
106755  -44.603  9.125  35.311 0.0000000000
107783  -46.089  9.373  36.064 0.0000000000
106757  -46.607  8.661  35.768 0.0000000000
107784  -46.682  8.968  36.130 0.0000000000
106758  -47.516  8.340  35.930 0.0000000000
106736  -47.974  8.746  36.453 0.0000000000
109683  -48.107  11.295  36.092 0.0000000000
108730  -47.894  10.536  36.348 0.0000000000
109684  -48.974  11.425  36.453 0.0000000000
101729  -58.153  3.564  27.474 0.0000000000
99685  -57.059  2.447  27.945 0.0000000000
100718  -56.711  2.409  27.349 0.0000000000
99691  -55.654  1.412  27.197 0.0000000000
98583  -57.936  0.463  30.847 0.0000000000
98593  -57.381  0.785  29.700 0.0000000000
98604  -56.881  0.929  29.046 0.0000000000
97581  -54.463  -0.541  27.755 0.0000000000
97596  -54.153  -0.290  27.149 0.0000000000
98615  -54.726  0.349  27.114 0.0000000000
97595  -53.542  -0.487  26.796 0.0000000000
97607  -53.284  -0.303  26.128 0.0000000000
96584  -53.213  -0.802  26.667 0.0000000000
95508  -52.007  -2.200  26.495 0.0000000000
96582  -52.077  -1.814  26.110 0.0000000000
93344  -52.791  -3.917  28.472 0.0000000000
93357  -52.467  -3.327  27.912 0.0000000000
93356  -51.867  -3.804  27.745 0.0000000000
94443  -48.764  -3.098  26.657 0.0000000000
94444  -49.557  -3.235  26.588 0.0000000000
95505  -48.960  -2.709  26.214 0.0000000000
96592  -47.897  -1.632  25.824 0.0000000000
94336  -48.517  -3.726  35.280 0.0000000000
94337  -49.677  -3.671  35.565 0.0000000000
94350  -49.046  -3.461  34.887 0.0000000000
93262  -46.166  -4.157  34.191 0.0000000000
93282  -46.373  -4.380  33.104 0.0000000000
93265  -48.966  -3.944  33.401 0.0000000000
93264  -47.965  -3.988  33.549 0.0000000000
94366  -49.525  -3.509  34.151 0.0000000000
94368  -51.459  -3.605  34.096 0.0000000000
93288  -52.287  -4.512  32.585 0.0000000000
93302  -51.519  -4.859  31.775 0.0000000000
92212  -50.802  -5.269  31.116 0.0000000000
92245  -48.372  -5.460  29.635 0.0000000000
92258  -48.534  -5.311  28.840 0.0000000000
92257  -47.582  -5.272  28.861 0.0000000000
97591  -43.563  -0.898  28.080 0.0000000000
96565  -44.601  -1.493  27.775 0.0000000000
97592  -44.018  -0.404  27.957 0.0000000000
97580  -43.528  0.178  28.332 0.0000000000
98600  -43.108  0.777  28.813 0.0000000000
98580  -41.384  0.501  30.652 0.0000000000
98581  -42.212  1.083  30.798 0.0000000000
97560  -39.871  -0.495  31.047 0.0000000000
97561  -40.624  0.034  30.686 0.0000000000
99607  -39.788  1.566  34.102 0.0000000000
99608  -40.616  1.478  34.110 0.0000000000
100657  -39.883  2.438  33.817 0.0000000000
101669  -40.446  3.129  33.328 0.0000000000
98695  -59.646  1.167  22.180 0.0000000000
99765  -59.608  1.679  21.611 0.0000000000
100801  -59.271  1.774  20.029 0.0000000000
99779  -59.475  1.427  20.500 0.0000000000
99791  -59.624  1.436  19.595 0.0000000000
99790  -59.501  1.636  19.174 0.0000000000
99747  -54.657  1.092  22.661 0.0000000000
100798  -54.096  2.340  19.807 0.0000000000
99775  -54.093  1.747  20.411 0.0000000000
99786  -54.443  2.160  19.861 0.0000000000
100813  -56.523  2.194  19.361 0.0000000000
99789  -56.664  1.871  20.135 0.0000000000
104762  -55.837  6.662  17.725 0.0000000000
104763  -57.126  6.581  17.350 0.0000000000
104764  -58.113  6.442  16.894 0.0000000000
104773  -58.064  6.672  16.306 0.0000000000
107962  -57.242  9.537  16.454 0.0000000000
106957  -55.856  8.781  15.835 0.0000000000
107961  -56.273  9.645  16.310 0.0000000000
101725  -44.778  2.942  28.894 0.0000000000
101726  -45.253  3.012  28.477 0.0000000000
101737  -47.912  4.110  27.354 0.0000000000
102715  -48.215  4.250  30.195 0.0000000000
102730  -48.560  4.771  28.341 0.0000000000
102744  -49.089  5.039  26.064 0.0000000000
102756  -49.110  5.102  25.337 0.0000000000
104691  -50.344  6.284  25.718 0.0000000000
104702  -49.811  5.994  24.808 0.0000000000
104703  -50.303  6.476  24.690 0.0000000000
104717  -50.358  6.371  23.683 0.0000000000
105784  -50.833  7.013  24.511 0.0000000000
103658  -51.921  5.151  33.359 0.0000000000
103674  -52.607  5.195  32.734 0.0000000000
103692  -53.561  6.019  31.426 0.0000000000
103686  -52.943  5.254  31.781 0.0000000000
103697  -52.506  6.024  30.258 0.0000000000
103696  -51.714  5.838  29.934 0.0000000000
105754  -54.827  7.950  29.463 0.0000000000
105748  -54.694  7.595  30.544 0.0000000000
104683  -53.269  7.168  27.999 0.0000000000
104687  -52.295  6.835  26.875 0.0000000000
105768  -52.711  7.721  26.458 0.0000000000
106880  -52.890  8.733  24.723 0.0000000000
105774  -52.299  7.983  25.140 0.0000000000
105786  -52.144  8.110  24.051 0.0000000000
105802  -52.056  8.053  23.084 0.0000000000
106902  -52.486  8.466  22.753 0.0000000000
106915  -52.661  8.396  22.103 0.0000000000
106903  -53.070  9.075  22.750 0.0000000000
107884  -54.657  10.115  22.057 0.0000000000
108881  -55.222  10.239  21.851 0.0000000000
108895  -55.936  10.460  21.053 0.0000000000
108864  -56.627  11.226  24.077 0.0000000000
108863  -56.450  10.883  23.786 0.0000000000
110862  -57.551  12.046  21.335 0.0000000000
109850  -57.333  11.816  21.560 0.0000000000
109851  -57.617  11.926  21.077 0.0000000000
108897  -57.136  11.306  20.232 0.0000000000
109863  -57.422  11.800  20.302 0.0000000000
109876  -57.440  11.601  19.329 0.0000000000
110926  -57.303  12.059  19.273 0.0000000000
110924  -55.675  12.265  18.718 0.0000000000
109893  -56.491  11.769  18.196 0.0000000000
108942  -55.759  10.739  17.335 0.0000000000
109891  -54.705  11.625  18.445 0.0000000000
110857  -53.225  12.624  20.630 0.0000000000
109861  -52.189  12.504  20.490 0.0000000000
110879  -52.145  12.566  19.977 0.0000000000
107849  -49.828  10.374  26.939 0.0000000000
108798  -50.229  10.449  26.855 0.0000000000
107848  -49.294  10.240  26.955 0.0000000000
108847  -47.748  11.031  24.806 0.0000000000
108848  -48.851  11.137  24.628 0.0000000000
109793  -48.759  11.406  23.936 0.0000000000
109811  -49.262  11.323  23.486 0.0000000000
109810  -48.425  11.423  23.326 0.0000000000
109771  -44.451  11.219  25.315 0.0000000000
109772  -45.274  11.167  25.047 0.0000000000
109788  -44.767  11.340  24.476 0.0000000000
110851  -45.777  12.302  21.563 0.0000000000
109825  -46.304  11.734  22.920 0.0000000000
110852  -46.943  12.267  21.685 0.0000000000
109843  -47.722  12.107  22.097 0.0000000000
110875  -47.737  12.638  20.451 0.0000000000
110916  -45.499  12.390  18.025 0.0000000000
110943  -46.225  11.894  16.515 0.0000000000
109902  -46.748  11.661  16.708 0.0000000000
108949  -45.050  11.141  16.517 0.0000000000
108937  -43.306  10.929  16.942 0.0000000000
108936  -42.761  11.163  17.319 0.0000000000
109883  -42.288  11.699  17.522 0.0000000000
110869  -41.958  13.156  20.637 0.0000000000
110870  -42.421  12.840  19.950 0.0000000000
111805  -41.012  13.696  17.973 0.0000000000
110911  -40.797  12.769  17.905 0.0000000000
109881  -40.443  12.078  18.169 0.0000000000
115882  -45.921  18.179  21.980 0.0000000000
115070  -45.288  17.920  22.100 0.0000000000
115893  -45.020  18.184  20.461 0.0000000000
115097  -43.911  17.749  18.715 0.0000000000
114302  -42.539  16.959  18.740 0.0000000000
98621  -46.493  0.318  26.833 0.0000000000
99682  -46.201  1.170  27.172 0.0000000000
113398  -52.233  14.976  34.554 0.0000000000
113414  -52.532  15.240  34.176 0.0000000000
112561  -51.686  14.660  33.326 0.0000000000
113426  -52.513  15.623  33.647 0.0000000000
114207  -51.924  16.479  31.938 0.0000000000
100859  -58.929  2.744  16.626 0.0000000000
104663  -40.039  6.523  31.461 0.0000000000
104664  -40.970  6.530  31.508 0.0000000000
94387  -56.167  -2.644  31.942 0.0000000000
94385  -54.863  -3.675  31.461 0.0000000000
93305  -54.343  -4.133  31.452 0.0000000000
93313  -52.788  -4.785  30.538 0.0000000000
92232  -51.894  -5.164  30.485 0.0000000000
94405  -40.332  -3.440  29.833 0.0000000000
95457  -39.404  -2.661  30.412 0.0000000000
99703  -55.707  1.665  26.017 0.0000000000
99719  -55.601  1.880  24.864 0.0000000000
99734  -54.806  1.278  23.688 0.0000000000
102804  -52.315  4.699  20.760 0.0000000000
103765  -52.715  5.560  20.350 0.0000000000
103766  -53.238  5.850  19.804 0.0000000000
104740  -53.141  6.525  20.210 0.0000000000
105833  -53.519  7.528  20.117 0.0000000000
105825  -53.235  7.893  20.861 0.0000000000
101678  -49.395  3.576  33.321 0.0000000000
101689  -49.708  3.457  32.554 0.0000000000
101679  -50.276  4.043  33.307 0.0000000000
101690  -50.612  3.912  32.924 0.0000000000
101698  -51.117  4.228  32.426 0.0000000000
107818  -54.237  9.274  29.523 0.0000000000
108790  -54.597  10.339  28.182 0.0000000000
108803  -55.029  10.546  27.672 0.0000000000
109761  -55.794  11.287  26.304 0.0000000000
108817  -54.587  10.815  26.760 0.0000000000
109795  -51.389  10.990  24.681 0.0000000000
112585  -43.354  14.213  27.429 0.0000000000
111745  -42.845  13.563  27.234 0.0000000000
112594  -43.023  14.429  26.784 0.0000000000
113460  -42.428  14.602  25.797 0.0000000000
113469  -42.413  14.933  25.315 0.0000000000
112610  -42.087  14.552  24.419 0.0000000000
113477  -42.914  15.920  24.817 0.0000000000
114273  -43.378  16.636  23.414 0.0000000000
96607  -51.107  -1.311  24.776 0.0000000000
97627  -51.511  -0.787  24.299 0.0000000000
99717  -48.261  1.589  23.989 0.0000000000
100749  -47.901  2.259  24.533 0.0000000000
101793  -49.624  3.451  22.929 0.0000000000
101782  -49.109  3.320  23.383 0.0000000000
102780  -49.152  4.280  23.528 0.0000000000
107766  -49.965  9.530  37.297 0.0000000000
106738  -50.766  8.837  37.422 0.0000000000
107767  -50.953  9.575  37.516 0.0000000000
106730  -51.590  9.360  37.350 0.0000000000
107759  -51.459  9.541  37.283 0.0000000000
109700  -50.556  11.002  35.326 0.0000000000
108752  -50.710  10.363  35.655 0.0000000000
108768  -49.847  10.462  35.059 0.0000000000
107795  -49.540  9.536  34.551 0.0000000000
105707  -49.892  8.009  33.442 0.0000000000
105725  -50.100  7.775  32.910 0.0000000000
106813  -49.367  8.143  33.102 0.0000000000
106820  -49.516  8.098  32.210 0.0000000000
106829  -48.634  8.385  30.742 0.0000000000
106818  -47.796  8.720  31.493 0.0000000000
107806  -46.874  9.993  31.901 0.0000000000
112564  -48.583  14.141  31.403 0.0000000000
111727  -47.869  13.354  31.639 0.0000000000
112563  -47.974  13.990  31.109 0.0000000000
112569  -47.550  14.168  30.642 0.0000000000
111739  -46.307  13.670  30.233 0.0000000000
112575  -46.322  14.336  29.687 0.0000000000
113446  -47.084  15.777  28.272 0.0000000000
103813  -56.209  5.893  15.477 0.0000000000
104782  -55.850  6.695  15.324 0.0000000000
99631  -42.858  1.495  32.743 0.0000000000
99642  -43.807  1.765  31.617 0.0000000000
99623  -43.695  1.536  33.497 0.0000000000
99612  -44.515  1.701  34.035 0.0000000000
104653  -43.969  6.621  32.079 0.0000000000
103669  -44.416  5.515  32.332 0.0000000000
103671  -46.432  5.661  32.739 0.0000000000
103655  -46.773  5.299  33.165 0.0000000000
105705  -46.503  7.771  33.868 0.0000000000
108748  -44.357  10.362  35.575 0.0000000000
109695  -44.566  10.769  35.286 0.0000000000
108749  -45.521  10.271  35.875 0.0000000000
108728  -46.217  10.006  36.143 0.0000000000
108729  -46.848  10.134  36.155 0.0000000000
108750  -46.458  10.577  35.870 0.0000000000
109698  -47.286  11.386  35.650 0.0000000000
101730  -58.669  3.987  28.147 0.0000000000
97562  -56.490  -0.344  30.032 0.0000000000
97583  -55.617  -0.109  28.601 0.0000000000
97572  -55.376  -0.662  28.725 0.0000000000
96570  -53.426  -1.192  27.323 0.0000000000
95494  -52.752  -2.190  27.383 0.0000000000
95493  -52.066  -2.525  27.028 0.0000000000
94433  -49.231  -3.697  27.002 0.0000000000
95492  -47.346  -2.476  26.976 0.0000000000
92191  -45.717  -4.891  32.350 0.0000000000
92192  -46.649  -4.931  32.248 0.0000000000
93284  -48.325  -4.588  32.578 0.0000000000
93285  -49.396  -4.398  32.600 0.0000000000
93299  -48.923  -4.878  31.936 0.0000000000
93300  -49.721  -4.851  31.873 0.0000000000
92211  -49.921  -5.338  31.176 0.0000000000
92228  -48.225  -5.458  30.518 0.0000000000
95479  -43.721  -2.563  28.200 0.0000000000
96552  -43.385  -1.545  28.262 0.0000000000
98599  -42.564  0.208  28.829 0.0000000000
97578  -42.226  -0.431  28.906 0.0000000000
98678  -52.800  0.567  22.621 0.0000000000
98679  -53.730  0.692  22.606 0.0000000000
101834  -54.763  3.536  18.579 0.0000000000
100825  -55.337  2.804  18.629 0.0000000000
100826  -56.207  2.675  18.608 0.0000000000
101848  -58.639  3.419  17.571 0.0000000000
103795  -58.431  5.470  17.010 0.0000000000
105848  -57.085  7.975  17.849 0.0000000000
107963  -57.634  9.644  16.944 0.0000000000
108954  -57.482  10.076  16.787 0.0000000000
100691  -45.571  3.038  30.433 0.0000000000
101716  -45.617  3.416  29.380 0.0000000000
101704  -46.133  3.436  30.116 0.0000000000
101717  -46.477  3.702  29.543 0.0000000000
102724  -49.613  5.052  29.173 0.0000000000
103709  -49.733  5.486  26.574 0.0000000000
104685  -50.568  6.103  26.435 0.0000000000
104692  -51.163  6.747  25.903 0.0000000000
103675  -53.527  5.955  33.140 0.0000000000
104672  -53.876  6.696  30.605 0.0000000000
106860  -55.277  8.564  27.943 0.0000000000
105760  -54.746  8.058  28.401 0.0000000000
106859  -54.697  8.328  27.446 0.0000000000
105769  -53.590  8.080  26.859 0.0000000000
106881  -53.546  8.913  25.354 0.0000000000
107865  -53.120  9.078  24.262 0.0000000000
106889  -53.199  9.198  23.466 0.0000000000
107875  -53.861  9.562  23.536 0.0000000000
107876  -54.727  10.190  23.082 0.0000000000
108871  -55.391  10.453  22.517 0.0000000000
109817  -56.402  12.023  23.545 0.0000000000
109818  -56.607  11.758  23.307 0.0000000000
110841  -56.558  12.299  22.516 0.0000000000
110884  -57.088  12.396  20.810 0.0000000000
110905  -56.821  12.330  19.845 0.0000000000
110904  -55.847  12.426  19.540 0.0000000000
110923  -54.745  12.204  18.668 0.0000000000
109860  -51.688  12.391  20.591 0.0000000000
107836  -47.962  9.539  27.617 0.0000000000
107847  -48.384  10.003  26.954 0.0000000000
108810  -47.780  10.345  26.381 0.0000000000
108828  -47.192  10.664  25.637 0.0000000000
108846  -46.804  11.063  24.893 0.0000000000
110823  -43.680  11.828  23.760 0.0000000000
110824  -44.468  11.729  23.551 0.0000000000
110835  -44.850  12.033  22.774 0.0000000000
110873  -45.618  12.474  20.432 0.0000000000
110895  -46.580  12.722  19.395 0.0000000000
110941  -45.020  11.817  16.634 0.0000000000
110915  -44.445  12.302  17.866 0.0000000000
110914  -43.444  12.038  17.580 0.0000000000
112631  -41.362  14.381  19.768 0.0000000000
112642  -40.753  14.182  18.125 0.0000000000
112641  -40.252  14.145  18.374 0.0000000000
112636  -40.605  14.660  18.666 0.0000000000
113508  -40.359  15.172  19.302 0.0000000000
97616  -48.036  -1.094  25.456 0.0000000000
97623  -47.617  -0.087  25.258 0.0000000000
100736  -47.460  2.144  25.100 0.0000000000
101756  -47.490  2.932  25.468 0.0000000000
111671  -51.569  12.894  36.117 0.0000000000
110713  -51.631  12.518  36.117 0.0000000000
110725  -51.798  12.577  35.708 0.0000000000
112529  -52.311  14.057  35.227 0.0000000000
110737  -52.124  12.948  35.260 0.0000000000
109721  -50.770  11.800  35.223 0.0000000000
110735  -50.438  12.255  34.359 0.0000000000
109736  -49.736  12.003  33.741 0.0000000000
109735  -48.735  11.486  33.314 0.0000000000
110754  -49.455  12.325  33.315 0.0000000000
111729  -49.415  13.785  32.224 0.0000000000
112560  -50.857  14.384  32.767 0.0000000000
112566  -50.306  14.576  32.046 0.0000000000
112565  -49.494  14.347  31.691 0.0000000000
113428  -49.531  14.796  31.242 0.0000000000
113433  -49.342  15.103  30.692 0.0000000000
113440  -49.821  15.709  29.929 0.0000000000
101670  -41.442  3.106  33.376 0.0000000000
101671  -42.416  3.136  33.514 0.0000000000
101686  -42.048  3.747  32.785 0.0000000000
102696  -42.697  4.558  32.357 0.0000000000
103668  -43.340  5.516  31.946 0.0000000000
104665  -41.811  6.513  31.589 0.0000000000
104666  -42.512  6.490  31.637 0.0000000000
104667  -43.143  6.524  31.724 0.0000000000
95460  -55.501  -2.348  30.291 0.0000000000
94423  -53.674  -2.951  28.760 0.0000000000
94409  -54.120  -3.200  29.407 0.0000000000
93343  -51.739  -4.498  28.444 0.0000000000
93342  -50.657  -4.700  28.181 0.0000000000
93341  -49.688  -4.797  28.140 0.0000000000
93340  -48.716  -4.798  28.184 0.0000000000
93260  -43.895  -4.465  33.996 0.0000000000
93280  -44.373  -4.598  33.335 0.0000000000
92190  -44.771  -5.002  32.452 0.0000000000
92189  -43.837  -5.125  32.511 0.0000000000
92206  -45.067  -5.335  31.517 0.0000000000
96543  -41.090  -1.482  29.498 0.0000000000
97550  -39.282  -0.783  31.921 0.0000000000
97559  -39.239  -1.084  31.428 0.0000000000
99773  -52.572  2.139  20.634 0.0000000000
100796  -52.698  2.706  20.220 0.0000000000
100809  -53.222  2.975  19.640 0.0000000000
101825  -53.556  3.627  19.247 0.0000000000
101826  -54.116  3.245  18.993 0.0000000000
102829  -56.117  4.542  17.727 0.0000000000
103785  -55.571  5.152  17.791 0.0000000000
103792  -55.480  5.804  17.697 0.0000000000
104754  -54.690  6.611  18.525 0.0000000000
104755  -55.481  7.182  18.203 0.0000000000
105847  -56.232  7.708  18.164 0.0000000000
106943  -55.838  8.569  18.672 0.0000000000
107948  -56.391  9.638  18.943 0.0000000000
100680  -47.858  2.844  31.761 0.0000000000
101693  -47.451  3.292  31.172 0.0000000000
101694  -48.158  3.418  31.355 0.0000000000
101707  -48.570  3.807  30.858 0.0000000000
101696  -49.505  3.596  31.744 0.0000000000
102709  -49.520  3.973  31.167 0.0000000000
102725  -50.372  5.262  29.530 0.0000000000
103695  -50.968  5.490  29.543 0.0000000000
106824  -54.100  7.772  31.722 0.0000000000
106825  -54.455  7.597  31.437 0.0000000000
107819  -55.073  9.424  29.298 0.0000000000
106857  -55.527  9.097  29.017 0.0000000000
106867  -55.720  9.189  27.572 0.0000000000
107857  -56.192  10.320  25.505 0.0000000000
108836  -56.751  10.816  25.405 0.0000000000
108853  -56.748  11.067  24.971 0.0000000000
109762  -56.482  11.275  25.969 0.0000000000
109779  -56.530  11.264  25.190 0.0000000000
110839  -54.452  12.434  21.703 0.0000000000
110838  -53.637  12.424  21.299 0.0000000000
109845  -49.349  11.982  21.901 0.0000000000
108787  -43.729  10.991  28.077 0.0000000000
108795  -44.214  10.780  27.342 0.0000000000
108794  -43.656  11.148  27.654 0.0000000000
109758  -43.523  11.522  26.307 0.0000000000
109770  -43.718  11.506  25.492 0.0000000000
110796  -42.699  12.669  26.233 0.0000000000
110806  -42.790  12.435  25.428 0.0000000000
110816  -43.284  11.877  24.939 0.0000000000
110848  -42.586  12.724  21.177 0.0000000000
111778  -42.172  13.031  21.832 0.0000000000
111783  -41.817  13.400  21.412 0.0000000000
112626  -41.518  14.220  21.162 0.0000000000
113484  -41.981  14.670  23.053 0.0000000000
113491  -41.930  14.939  22.211 0.0000000000
113497  -41.530  15.099  20.922 0.0000000000
97618  -53.163  -0.264  25.214 0.0000000000
98642  -52.760  -0.009  24.085 0.0000000000
97643  -51.811  -0.450  23.950 0.0000000000
98690  -51.687  1.170  21.899 0.0000000000
97640  -49.703  0.321  23.591 0.0000000000
98657  -48.659  1.193  23.716 0.0000000000
98658  -49.242  0.961  23.523 0.0000000000
98659  -50.211  0.853  23.049 0.0000000000
98675  -50.447  1.255  22.619 0.0000000000
98689  -51.251  1.364  22.060 0.0000000000
100783  -50.965  2.774  21.678 0.0000000000
101806  -51.374  3.839  21.629 0.0000000000
101794  -50.302  3.541  22.522 0.0000000000
101795  -50.820  3.950  22.288 0.0000000000
102796  -51.479  4.915  21.935 0.0000000000
104725  -51.458  6.410  22.442 0.0000000000
104636  -50.191  6.542  35.269 0.0000000000
103648  -50.677  5.577  34.583 0.0000000000
104625  -50.499  7.139  35.862 0.0000000000
104637  -51.379  6.345  35.081 0.0000000000
104638  -52.379  6.453  34.941 0.0000000000
105684  -51.741  7.598  36.312 0.0000000000
104627  -52.060  7.074  35.576 0.0000000000
104639  -53.125  6.642  34.856 0.0000000000
104640  -53.414  6.877  34.351 0.0000000000
108733  -51.223  10.165  36.909 0.0000000000
107768  -51.432  9.592  36.683 0.0000000000
106760  -51.368  8.934  36.159 0.0000000000
107786  -50.669  9.562  35.653 0.0000000000
106781  -51.511  8.475  35.474 0.0000000000
105697  -52.437  7.801  34.803 0.0000000000
105710  -52.783  7.550  33.801 0.0000000000
105728  -53.334  7.774  32.738 0.0000000000
106822  -52.454  8.254  31.344 0.0000000000
105746  -51.245  8.100  31.231 0.0000000000
106832  -52.046  8.369  30.525 0.0000000000
106844  -52.716  8.715  29.776 0.0000000000
106855  -51.933  8.990  29.147 0.0000000000
107828  -51.674  9.403  28.478 0.0000000000
107839  -51.234  9.898  27.708 0.0000000000
107827  -50.577  9.515  28.319 0.0000000000
107826  -49.568  9.433  28.281 0.0000000000
107825  -48.534  9.254  28.316 0.0000000000
106840  -48.399  8.517  29.795 0.0000000000
106851  -48.002  8.651  28.930 0.0000000000
107824  -47.525  9.236  28.375 0.0000000000
107823  -46.612  9.329  28.620 0.0000000000
107822  -45.807  9.629  28.744 0.0000000000
108789  -45.129  10.116  29.045 0.0000000000
109734  -47.905  11.047  32.991 0.0000000000
108775  -47.149  10.506  32.162 0.0000000000
108779  -46.620  10.516  31.690 0.0000000000
110772  -47.043  12.628  31.391 0.0000000000
109743  -46.487  11.527  31.421 0.0000000000
108778  -46.061  10.554  31.270 0.0000000000
108782  -45.558  10.614  30.732 0.0000000000
108784  -44.774  10.801  29.537 0.0000000000
108788  -44.344  10.669  28.561 0.0000000000
109753  -43.849  11.508  28.609 0.0000000000
110789  -44.111  12.152  29.053 0.0000000000
111742  -43.842  13.470  28.684 0.0000000000
112574  -45.353  14.108  29.384 0.0000000000
112573  -44.740  14.076  29.052 0.0000000000
113443  -44.260  14.765  28.038 0.0000000000
113449  -44.025  15.092  27.383 0.0000000000
114228  -44.563  15.924  26.881 0.0000000000
114246  -44.867  16.480  26.243 0.0000000000
99669  -43.841  1.615  28.683 0.0000000000
100707  -43.904  2.343  29.198 0.0000000000
100699  -44.668  2.778  29.574 0.0000000000
100689  -44.103  2.214  31.059 0.0000000000
100690  -44.733  2.537  30.761 0.0000000000
100668  -46.407  2.173  32.580 0.0000000000
100661  -43.312  2.700  34.037 0.0000000000
101657  -43.737  2.859  34.038 0.0000000000
101658  -44.344  2.760  34.160 0.0000000000
102698  -44.801  4.337  32.951 0.0000000000
101674  -45.023  3.352  33.979 0.0000000000
100648  -45.330  2.028  34.279 0.0000000000
100649  -46.221  1.980  34.103 0.0000000000
100662  -46.450  2.003  33.462 0.0000000000
100669  -47.527  2.463  32.454 0.0000000000
100664  -48.236  2.678  33.242 0.0000000000
103656  -47.423  5.387  33.404 0.0000000000
102683  -47.740  4.276  33.682 0.0000000000
102684  -49.052  4.468  33.914 0.0000000000
104635  -48.965  6.473  34.598 0.0000000000
106775  -44.325  8.869  34.753 0.0000000000
106776  -45.290  8.722  34.891 0.0000000000
106777  -46.315  8.439  34.920 0.0000000000
105691  -47.029  7.927  34.577 0.0000000000
105680  -48.021  7.826  35.540 0.0000000000
105681  -48.872  7.560  35.837 0.0000000000
105669  -49.301  7.894  36.474 0.0000000000
106737  -49.282  8.603  36.996 0.0000000000
109685  -50.122  11.319  36.735 0.0000000000
110722  -49.327  12.427  35.986 0.0000000000
100719  -57.511  2.917  27.194 0.0000000000
100725  -56.868  2.718  26.597 0.0000000000
99704  -56.497  2.476  25.951 0.0000000000
98631  -54.943  1.069  26.041 0.0000000000
98623  -53.876  0.321  26.039 0.0000000000
98617  -55.702  0.960  28.099 0.0000000000
98603  -56.168  0.584  28.644 0.0000000000
99683  -55.680  1.203  27.750 0.0000000000
98624  -54.424  0.467  26.462 0.0000000000
97606  -52.773  -0.675  25.675 0.0000000000
96597  -52.362  -1.072  25.423 0.0000000000
96596  -51.757  -1.612  25.595 0.0000000000
96595  -50.675  -1.757  25.327 0.0000000000
96594  -49.653  -1.752  25.253 0.0000000000
94422  -53.060  -3.023  28.332 0.0000000000
94436  -51.932  -2.980  27.360 0.0000000000
94446  -51.236  -3.085  26.812 0.0000000000
94445  -50.484  -3.235  26.626 0.0000000000
95520  -49.269  -2.285  25.695 0.0000000000
97604  -46.389  -0.501  27.123 0.0000000000
98613  -45.369  0.271  27.541 0.0000000000
93271  -54.691  -3.959  33.198 0.0000000000
94326  -50.384  -3.679  36.052 0.0000000000
94338  -50.786  -3.399  35.560 0.0000000000
94363  -46.853  -3.660  34.555 0.0000000000
94364  -47.572  -3.630  34.406 0.0000000000
94352  -51.130  -3.369  34.823 0.0000000000
94353  -52.100  -3.462  34.594 0.0000000000
94369  -51.960  -3.686  34.108 0.0000000000
93268  -51.997  -4.063  33.632 0.0000000000
93269  -53.003  -4.187  33.467 0.0000000000
93303  -52.448  -4.843  31.488 0.0000000000
92231  -50.991  -5.352  30.366 0.0000000000
92230  -50.089  -5.514  30.379 0.0000000000
92247  -50.280  -5.483  29.555 0.0000000000
92242  -45.525  -5.478  29.719 0.0000000000
92243  -46.455  -5.515  29.678 0.0000000000
92256  -46.629  -5.327  28.867 0.0000000000
92255  -45.695  -5.336  28.934 0.0000000000
93338  -46.835  -4.551  28.275 0.0000000000
93351  -47.253  -4.188  27.805 0.0000000000
98612  -44.658  0.409  27.808 0.0000000000
99660  -42.828  1.482  29.909 0.0000000000
99641  -42.776  1.506  31.709 0.0000000000
100645  -42.199  2.047  34.366 0.0000000000
97570  -40.758  -0.477  30.132 0.0000000000
98556  -40.991  0.886  33.517 0.0000000000
99609  -41.443  1.490  34.060 0.0000000000
102694  -40.516  4.449  32.243 0.0000000000
102706  -40.034  4.962  31.687 0.0000000000
101683  -39.053  3.850  32.719 0.0000000000
102693  -39.572  4.425  32.237 0.0000000000
103680  -39.534  5.655  31.523 0.0000000000
98725  -59.757  0.806  18.743 0.0000000000
99812  -59.562  1.269  18.156 0.0000000000
99777  -56.125  1.706  20.886 0.0000000000
99778  -57.083  1.938  20.842 0.0000000000
100800  -58.705  2.183  20.401 0.0000000000
99797  -59.395  1.723  18.856 0.0000000000
100830  -59.530  1.778  18.081 0.0000000000
100846  -59.439  1.757  17.824 0.0000000000
102856  -58.348  5.047  15.909 0.0000000000
103815  -58.163  5.672  15.760 0.0000000000
104765  -58.516  5.854  16.778 0.0000000000
104785  -58.434  6.129  16.005 0.0000000000
105874  -57.289  7.079  15.709 0.0000000000
105873  -56.658  7.485  15.592 0.0000000000
105863  -57.032  8.014  15.709 0.0000000000
106965  -56.173  8.127  15.648 0.0000000000
106964  -55.376  8.146  15.640 0.0000000000
100709  -45.132  2.173  28.074 0.0000000000
101734  -45.493  2.571  27.932 0.0000000000
101757  -47.895  3.752  25.859 0.0000000000
102722  -47.699  4.294  29.513 0.0000000000
102729  -47.706  4.482  28.551 0.0000000000
102736  -47.883  4.459  27.763 0.0000000000
102755  -48.593  4.357  25.320 0.0000000000
102770  -49.027  4.793  24.565 0.0000000000
103741  -49.509  5.353  24.057 0.0000000000
103717  -49.637  5.626  25.756 0.0000000000
103742  -49.945  5.660  23.521 0.0000000000
104724  -50.859  6.345  22.901 0.0000000000
105815  -51.144  7.026  22.841 0.0000000000
102674  -51.396  4.823  33.673 0.0000000000
102687  -51.438  4.753  33.129 0.0000000000
102702  -51.629  4.663  32.589 0.0000000000
102712  -52.337  4.913  31.729 0.0000000000
103701  -51.594  5.830  29.010 0.0000000000
105743  -54.553  7.380  31.229 0.0000000000
105747  -54.434  7.224  30.545 0.0000000000
104676  -53.502  6.956  29.461 0.0000000000
105759  -54.010  7.434  28.760 0.0000000000
104675  -52.986  6.495  29.877 0.0000000000
104678  -52.760  6.498  28.941 0.0000000000
103707  -52.117  6.145  28.629 0.0000000000
103706  -51.548  5.845  28.062 0.0000000000
104681  -51.598  6.135  27.500 0.0000000000
105773  -51.544  7.309  25.449 0.0000000000
105801  -51.549  7.525  23.378 0.0000000000
105824  -52.639  7.533  21.456 0.0000000000
106927  -53.786  8.421  20.617 0.0000000000
107934  -56.180  10.000  19.818 0.0000000000
108913  -56.763  10.588  19.766 0.0000000000
108851  -56.081  10.602  24.262 0.0000000000
108862  -55.694  10.585  23.512 0.0000000000
108872  -56.113  10.950  22.838 0.0000000000
109836  -57.038  11.859  22.511 0.0000000000
108883  -56.620  11.359  22.144 0.0000000000
108896  -56.503  11.034  20.865 0.0000000000
108929  -57.095  10.451  18.898 0.0000000000
108930  -57.600  10.738  18.461 0.0000000000
108944  -57.480  10.647  17.437 0.0000000000
109907  -57.088  11.319  17.667 0.0000000000
108943  -56.734  10.824  17.191 0.0000000000
107956  -55.887  10.120  16.815 0.0000000000
110880  -53.023  12.701  19.864 0.0000000000
108814  -51.496  10.529  26.419 0.0000000000
108832  -51.164  10.681  25.578 0.0000000000
108850  -50.670  10.791  25.014 0.0000000000
108830  -49.316  10.794  25.546 0.0000000000
108849  -49.942  10.940  24.749 0.0000000000
109790  -46.345  11.335  24.327 0.0000000000
109807  -45.921  11.516  23.616 0.0000000000
109808  -46.736  11.521  23.497 0.0000000000
109809  -47.591  11.501  23.377 0.0000000000
109827  -48.018  11.640  22.643 0.0000000000
109844  -48.513  12.086  22.012 0.0000000000
110854  -49.047  12.335  21.213 0.0000000000
110897  -48.481  12.975  19.345 0.0000000000
111813  -48.217  13.272  18.043 0.0000000000
110918  -47.587  13.014  18.515 0.0000000000
110934  -47.842  12.876  17.602 0.0000000000
109886  -47.664  11.494  17.358 0.0000000000
108938  -44.300  10.840  16.740 0.0000000000
108921  -43.764  10.415  17.372 0.0000000000
110891  -42.445  12.573  18.558 0.0000000000
110913  -42.360  12.174  17.762 0.0000000000
110890  -41.880  12.688  18.264 0.0000000000
110889  -39.678  12.830  19.021 0.0000000000
114216  -50.388  16.260  29.373 0.0000000000
114231  -47.605  16.889  27.170 0.0000000000
114248  -46.956  16.837  26.180 0.0000000000
114258  -46.755  17.247  25.481 0.0000000000
115041  -46.163  17.415  24.960 0.0000000000
115061  -47.012  18.048  23.441 0.0000000000
115050  -46.286  17.602  24.171 0.0000000000
115049  -45.394  17.345  24.226 0.0000000000
115058  -44.455  17.463  23.345 0.0000000000
115057  -43.655  17.218  23.108 0.0000000000
115068  -43.743  17.329  22.291 0.0000000000
115090  -44.502  17.960  19.641 0.0000000000
115079  -43.682  17.397  21.021 0.0000000000
115078  -42.872  17.135  20.583 0.0000000000
114296  -42.469  16.737  19.625 0.0000000000
114301  -42.055  16.442  18.698 0.0000000000
93248  -52.211  -3.687  34.130 0.0000000000
93291  -54.942  -3.914  32.881 0.0000000000
93315  -54.463  -3.869  30.958 0.0000000000
93326  -51.801  -4.860  29.229 0.0000000000
94398  -55.347  -2.837  30.831 0.0000000000
94410  -54.604  -2.927  29.787 0.0000000000
94437  -52.630  -2.822  27.797 0.0000000000
94447  -51.636  -2.718  26.806 0.0000000000
95471  -54.072  -2.745  28.901 0.0000000000
95523  -51.789  -1.990  26.020 0.0000000000
96545  -54.641  -1.758  28.812 0.0000000000
96554  -53.670  -1.607  27.947 0.0000000000
96564  -43.895  -1.254  27.945 0.0000000000
96569  -52.825  -1.613  26.987 0.0000000000
97597  -54.740  -0.041  27.551 0.0000000000
98579  -40.720  0.303  31.187 0.0000000000
98602  -55.521  0.386  28.247 0.0000000000
99614  -45.904  1.730  33.635 0.0000000000
99625  -45.341  1.615  33.219 0.0000000000
99633  -44.630  1.618  32.570 0.0000000000
99652  -42.818  1.461  30.693 0.0000000000
99744  -49.881  2.248  22.675 0.0000000000
99746  -50.994  1.505  22.151 0.0000000000
100642  -39.964  2.012  34.096 0.0000000000
100643  -40.390  2.004  34.130 0.0000000000
100644  -41.232  1.986  34.222 0.0000000000
100647  -44.407  2.126  34.260 0.0000000000
100651  -47.504  2.655  33.631 0.0000000000
100663  -47.176  2.383  33.228 0.0000000000
100667  -45.831  2.038  32.395 0.0000000000
100676  -44.338  1.979  31.570 0.0000000000
100677  -44.741  2.168  31.534 0.0000000000
100682  -49.020  3.223  31.831 0.0000000000
100701  -58.714  3.081  29.479 0.0000000000
100773  -50.517  2.746  22.155 0.0000000000
100785  -52.244  2.406  20.720 0.0000000000
100797  -53.503  2.414  20.023 0.0000000000
100810  -53.805  2.819  19.435 0.0000000000
101659  -45.191  2.664  34.253 0.0000000000
101661  -46.858  2.677  33.887 0.0000000000
101672  -43.346  3.185  33.700 0.0000000000
101691  -51.140  4.307  32.777 0.0000000000
101695  -48.835  3.463  31.485 0.0000000000
101715  -45.018  3.169  29.143 0.0000000000
102672  -50.011  4.838  34.356 0.0000000000
102680  -44.924  3.735  33.549 0.0000000000
102700  -46.399  5.082  33.151 0.0000000000
102701  -51.167  4.402  33.010 0.0000000000
102703  -52.297  4.776  32.080 0.0000000000
102705  -39.226  4.960  31.774 0.0000000000
102708  -41.414  5.178  31.799 0.0000000000
102714  -47.686  4.134  30.081 0.0000000000
102779  -48.751  3.751  23.688 0.0000000000
103646  -49.071  5.443  34.282 0.0000000000
103650  -52.841  6.062  34.433 0.0000000000
103651  -53.245  6.448  34.438 0.0000000000
103660  -53.403  6.224  33.983 0.0000000000
103666  -41.784  5.317  31.762 0.0000000000
103672  -47.073  5.813  32.945 0.0000000000
103683  -42.114  5.851  31.605 0.0000000000
103684  -42.728  5.912  31.657 0.0000000000
103685  -52.379  5.188  31.393 0.0000000000
103691  -52.996  5.748  30.939 0.0000000000
104629  -53.283  7.089  35.044 0.0000000000
104669  -54.543  7.076  30.947 0.0000000000
104673  -54.516  7.161  30.747 0.0000000000
104690  -49.791  5.878  25.316 0.0000000000
104747  -54.393  7.065  19.202 0.0000000000
105671  -51.325  8.168  36.910 0.0000000000
105673  -52.305  8.091  36.479 0.0000000000
105686  -52.983  7.330  35.275 0.0000000000
105693  -48.601  7.379  34.992 0.0000000000
105695  -50.961  8.342  34.732 0.0000000000
105738  -50.465  7.829  32.014 0.0000000000
105741  -53.359  8.074  32.193 0.0000000000
105751  -50.073  8.319  29.351 0.0000000000
105752  -50.620  8.333  29.351 0.0000000000
105756  -49.887  8.611  29.085 0.0000000000
105764  -54.694  8.159  27.817 0.0000000000
105816  -51.720  7.256  22.527 0.0000000000
106729  -51.360  9.307  37.455 0.0000000000
106739  -51.730  8.899  37.045 0.0000000000
106741  -52.379  8.080  36.335 0.0000000000
106762  -52.321  8.208  36.151 0.0000000000
106779  -50.045  8.858  34.625 0.0000000000
106796  -45.868  8.472  34.310 0.0000000000
106797  -49.015  8.729  33.361 0.0000000000
106798  -49.662  8.506  33.928 0.0000000000
106814  -53.660  7.931  32.131 0.0000000000
106815  -53.779  7.686  32.272 0.0000000000
106821  -51.651  8.206  31.117 0.0000000000
106838  -46.769  9.109  29.663 0.0000000000
106847  -55.327  9.146  29.309 0.0000000000
106864  -53.517  8.315  26.422 0.0000000000
106942  -55.109  8.255  18.911 0.0000000000
106966  -56.720  8.093  15.664 0.0000000000
107758  -51.350  9.579  37.490 0.0000000000
107763  -46.526  9.706  36.182 0.0000000000
107764  -47.171  9.421  36.299 0.0000000000
107785  -50.090  9.968  35.342 0.0000000000
107800  -47.935  10.013  32.865 0.0000000000
107808  -48.250  9.162  32.555 0.0000000000
107810  -45.891  10.130  31.003 0.0000000000
107812  -47.219  9.202  31.540 0.0000000000
107813  -45.794  9.929  30.509 0.0000000000
107816  -46.271  9.382  29.343 0.0000000000
107820  -55.413  9.389  28.975 0.0000000000
107831  -55.285  9.790  28.739 0.0000000000
107834  -46.123  9.574  28.041 0.0000000000
107842  -54.153  10.258  28.237 0.0000000000
107846  -47.492  9.878  27.046 0.0000000000
107858  -56.709  10.696  25.771 0.0000000000
107868  -56.074  10.501  24.753 0.0000000000
107874  -53.287  9.250  23.931 0.0000000000
107899  -55.626  10.230  21.101 0.0000000000
107933  -55.486  9.352  19.610 0.0000000000
108776  -47.633  10.515  32.680 0.0000000000
108785  -45.293  10.315  29.957 0.0000000000
108792  -55.549  9.981  28.343 0.0000000000
108799  -50.907  10.442  27.056 0.0000000000
108805  -56.160  10.198  27.225 0.0000000000
108811  -48.802  10.477  26.304 0.0000000000
108812  -49.762  10.539  26.368 0.0000000000
108813  -50.628  10.568  26.320 0.0000000000
108816  -53.480  10.501  26.668 0.0000000000
108818  -55.523  10.793  26.952 0.0000000000
108825  -44.436  10.935  25.811 0.0000000000
108826  -44.940  10.824  25.733 0.0000000000
108833  -52.004  10.629  25.805 0.0000000000
108845  -46.272  11.102  24.891 0.0000000000
108860  -49.111  11.319  24.072 0.0000000000
108920  -43.000  10.702  17.496 0.0000000000
108939  -45.377  10.736  16.850 0.0000000000
108950  -45.716  11.213  16.475 0.0000000000
108951  -46.196  11.411  16.504 0.0000000000
108952  -56.373  10.334  16.817 0.0000000000
109702  -51.539  11.965  36.140 0.0000000000
109719  -48.929  11.012  34.047 0.0000000000
109738  -46.939  11.017  31.902 0.0000000000
109746  -44.942  11.567  29.944 0.0000000000
109747  -45.584  11.562  30.667 0.0000000000
109748  -46.062  12.021  30.908 0.0000000000
109756  -43.913  11.102  26.614 0.0000000000
109759  -44.029  11.107  25.955 0.0000000000
109760  -55.210  11.179  26.507 0.0000000000
109773  -45.895  11.167  24.824 0.0000000000
109792  -48.109  11.465  24.085 0.0000000000
109805  -44.356  11.482  23.976 0.0000000000
109806  -45.055  11.564  23.664 0.0000000000
109835  -56.464  12.204  23.053 0.0000000000
109899  -42.966  11.374  17.168 0.0000000000
109900  -43.592  11.432  16.911 0.0000000000
109901  -44.558  11.503  16.693 0.0000000000
109908  -57.425  11.222  17.756 0.0000000000
109913  -45.320  11.567  16.530 0.0000000000
109914  -45.917  11.632  16.458 0.0000000000
109915  -46.278  11.645  16.477 0.0000000000
110712  -51.307  12.392  36.305 0.0000000000
110714  -51.934  12.825  35.934 0.0000000000
110738  -52.192  13.129  35.410 0.0000000000
110767  -48.191  12.684  32.325 0.0000000000
110768  -49.030  12.569  32.842 0.0000000000
110769  -49.632  12.786  33.157 0.0000000000
110782  -44.093  12.915  29.166 0.0000000000
110784  -45.389  12.611  30.033 0.0000000000
110793  -43.070  12.222  27.632 0.0000000000
110807  -43.150  12.012  25.860 0.0000000000
110814  -42.196  12.722  24.087 0.0000000000
110825  -56.697  12.156  23.027 0.0000000000
110826  -56.743  12.015  23.201 0.0000000000
110832  -41.904  13.003  22.987 0.0000000000
110836  -45.993  12.044  22.406 0.0000000000
110837  -46.569  11.954  22.408 0.0000000000
110842  -56.946  12.075  22.784 0.0000000000
110885  -57.572  12.103  20.956 0.0000000000
110919  -48.087  13.156  18.802 0.0000000000
110931  -44.613  12.018  16.968 0.0000000000
111683  -51.980  13.278  35.726 0.0000000000
111693  -51.807  13.229  34.524 0.0000000000
111694  -52.133  13.213  34.828 0.0000000000
111695  -52.255  13.412  35.216 0.0000000000
111721  -48.396  13.298  32.110 0.0000000000
111731  -46.155  13.191  30.312 0.0000000000
111733  -47.473  13.628  31.064 0.0000000000
111736  -44.199  13.412  29.077 0.0000000000
111743  -44.328  13.764  28.971 0.0000000000
111751  -42.547  13.421  26.587 0.0000000000
111759  -41.932  13.476  24.863 0.0000000000
111766  -41.771  13.231  24.235 0.0000000000
111772  -41.786  13.401  23.502 0.0000000000
111784  -42.115  12.968  21.380 0.0000000000
111791  -41.975  13.058  19.156 0.0000000000
111803  -39.886  13.616  18.618 0.0000000000
111806  -48.166  13.238  18.395 0.0000000000
112543  -51.379  14.087  33.412 0.0000000000
112559  -50.000  14.107  32.298 0.0000000000
112568  -46.830  14.083  30.326 0.0000000000
112571  -49.053  14.657  31.196 0.0000000000
112579  -43.749  13.959  28.085 0.0000000000
112580  -44.342  14.290  28.490 0.0000000000
112581  -45.169  14.552  28.789 0.0000000000
112582  -45.817  14.626  29.113 0.0000000000
112584  -42.754  14.002  26.922 0.0000000000
112586  -43.947  14.503  27.914 0.0000000000
112602  -41.765  13.691  24.656 0.0000000000
112616  -42.203  14.791  23.767 0.0000000000
112643  -40.993  14.213  18.047 0.0000000000
113388  -52.218  14.376  35.125 0.0000000000
113448  -43.421  14.684  26.968 0.0000000000
113461  -43.039  15.063  26.344 0.0000000000
113476  -42.514  15.303  24.484 0.0000000000
114221  -47.821  16.525  28.059 0.0000000000
114247  -45.888  16.627  26.247 0.0000000000
114254  -43.407  16.144  25.427 0.0000000000
114257  -46.105  16.978  25.556 0.0000000000
114263  -42.723  15.828  24.132 0.0000000000
114266  -45.038  16.983  24.632 0.0000000000
114289  -43.144  17.130  21.469 0.0000000000
115040  -45.556  17.165  25.000 0.0000000000
115042  -46.962  17.584  24.926 0.0000000000
115048  -44.680  17.070  24.095 0.0000000000
115060  -46.426  17.913  23.453 0.0000000000
115069  -44.533  17.629  22.194 0.0000000000
115081  -45.271  18.177  21.304 0.0000000000
115089  -43.750  17.697  19.795 0.0000000000
115866  -45.928  18.072  22.763 0.0000000000
115868  -47.383  18.303  22.931 0.0000000000
