#!ascii label  , from subject S5_07 vox2ras=TkReg
961
53726  -40.375  -40.578  40.954 0.0000000000
42106  -22.164  -50.354  39.895 0.0000000000
46860  -32.395  -46.088  37.934 0.0000000000
82329  -47.967  -14.302  29.908 0.0000000000
85569  -54.405  -11.302  26.840 0.0000000000
39429  -15.379  -51.657  44.571 0.0000000000
79120  -43.890  -16.895  32.774 0.0000000000
58730  -38.377  -36.019  42.227 0.0000000000
50346  -36.841  -43.042  39.389 0.0000000000
40788  -18.116  -50.928  41.972 0.0000000000
35510  -18.558  -56.109  42.015 0.0000000000
54774  -37.325  -39.028  39.485 0.0000000000
56714  -34.822  -38.739  41.930 0.0000000000
43320  -27.288  -48.958  38.025 0.0000000000
52612  -33.380  -41.233  38.846 0.0000000000
68364  -41.942  -27.378  32.260 0.0000000000
73755  -44.281  -22.521  32.204 0.0000000000
76969  -47.828  -19.112  29.586 0.0000000000
31482  -11.760  -58.511  44.750 0.0000000000
27391  -10.289  -61.471  46.356 0.0000000000
59802  -32.999  -35.003  39.807 0.0000000000
61030  -35.918  -32.649  36.286 0.0000000000
64712  -39.465  -30.976  33.768 0.0000000000
34155  -14.282  -56.529  42.741 0.0000000000
39462  -22.979  -53.394  41.325 0.0000000000
39483  -24.551  -52.989  40.698 0.0000000000
51478  -39.230  -42.286  40.274 0.0000000000
44381  -20.692  -48.202  40.775 0.0000000000
40802  -20.371  -51.300  40.704 0.0000000000
38114  -20.708  -53.769  41.548 0.0000000000
53724  -36.933  -40.508  40.618 0.0000000000
54773  -35.652  -39.704  38.587 0.0000000000
71579  -41.165  -24.418  32.967 0.0000000000
70553  -43.745  -25.356  32.048 0.0000000000
74808  -42.395  -21.703  33.213 0.0000000000
78107  -44.563  -18.008  29.383 0.0000000000
80246  -47.484  -16.295  28.622 0.0000000000
79152  -50.285  -17.881  29.021 0.0000000000
81263  -50.193  -15.484  28.291 0.0000000000
82341  -51.972  -14.941  27.730 0.0000000000
56699  -31.823  -37.611  44.081 0.0000000000
56727  -33.264  -37.852  41.382 0.0000000000
59777  -31.822  -35.003  42.033 0.0000000000
64638  -33.324  -30.938  38.502 0.0000000000
64679  -35.435  -30.196  36.268 0.0000000000
63489  -37.970  -32.100  34.932 0.0000000000
67195  -36.970  -29.317  35.160 0.0000000000
68335  -39.068  -28.310  34.029 0.0000000000
45640  -29.274  -47.695  38.225 0.0000000000
36771  -13.900  -54.738  44.741 0.0000000000
36797  -14.543  -54.001  43.385 0.0000000000
23562  -9.905  -64.605  45.161 0.0000000000
20900  -8.445  -66.522  46.109 0.0000000000
78044  -42.749  -18.828  35.056 0.0000000000
59766  -36.183  -34.508  42.397 0.0000000000
49167  -34.833  -44.774  38.709 0.0000000000
40775  -16.553  -50.934  43.316 0.0000000000
38110  -16.162  -53.541  41.818 0.0000000000
38112  -18.681  -53.720  41.260 0.0000000000
85578  -56.474  -11.358  26.090 0.0000000000
54776  -39.421  -39.340  39.461 0.0000000000
56742  -38.339  -37.414  40.236 0.0000000000
55758  -37.121  -38.706  41.245 0.0000000000
44415  -22.593  -47.792  39.690 0.0000000000
42130  -24.926  -49.994  39.131 0.0000000000
45636  -25.192  -47.353  37.904 0.0000000000
46855  -27.360  -46.121  37.625 0.0000000000
48018  -29.917  -45.052  37.415 0.0000000000
51484  -30.672  -42.254  38.490 0.0000000000
50378  -32.714  -43.152  37.820 0.0000000000
51522  -35.432  -41.883  37.648 0.0000000000
52630  -38.149  -41.297  38.370 0.0000000000
65963  -43.608  -29.569  33.475 0.0000000000
76934  -42.645  -19.598  32.166 0.0000000000
75858  -44.938  -20.350  30.802 0.0000000000
83436  -53.617  -13.845  27.058 0.0000000000
28744  -10.843  -60.362  45.927 0.0000000000
24882  -11.251  -63.738  44.943 0.0000000000
57726  -36.066  -36.841  40.786 0.0000000000
58741  -34.654  -35.789  40.565 0.0000000000
59804  -35.244  -34.452  39.919 0.0000000000
62169  -31.813  -32.901  40.612 0.0000000000
60979  -33.547  -33.558  38.222 0.0000000000
60982  -36.269  -33.730  38.336 0.0000000000
61020  -39.290  -33.536  36.789 0.0000000000
62275  -41.253  -32.507  35.750 0.0000000000
64697  -42.519  -31.263  34.737 0.0000000000
65974  -40.747  -29.170  32.687 0.0000000000
68349  -39.997  -27.447  32.910 0.0000000000
40809  -27.749  -52.797  40.307 0.0000000000
34120  -12.632  -55.952  46.279 0.0000000000
32837  -12.922  -57.751  43.383 0.0000000000
34170  -16.822  -56.402  42.004 0.0000000000
19538  -7.109  -66.927  47.224 0.0000000000
39481  -22.310  -52.519  40.815 0.0000000000
39482  -23.423  -52.765  40.689 0.0000000000
40805  -24.031  -52.071  40.282 0.0000000000
52605  -40.186  -41.388  40.736 0.0000000000
43267  -21.099  -49.186  40.322 0.0000000000
43266  -20.386  -49.160  40.798 0.0000000000
42091  -21.106  -50.320  40.393 0.0000000000
39480  -21.272  -52.376  40.852 0.0000000000
72637  -41.113  -23.004  34.223 0.0000000000
72652  -41.525  -23.348  33.173 0.0000000000
73736  -41.538  -22.317  33.839 0.0000000000
81237  -46.945  -14.827  30.774 0.0000000000
80232  -46.245  -16.252  29.599 0.0000000000
81260  -47.484  -15.515  28.932 0.0000000000
80247  -48.513  -16.292  28.481 0.0000000000
82338  -49.115  -14.459  28.892 0.0000000000
82339  -49.937  -14.601  28.411 0.0000000000
57692  -31.835  -36.827  43.367 0.0000000000
64651  -34.524  -29.291  38.334 0.0000000000
65911  -36.149  -29.364  35.991 0.0000000000
67151  -36.322  -28.328  36.593 0.0000000000
67174  -37.192  -27.788  36.087 0.0000000000
45642  -31.362  -47.216  38.295 0.0000000000
45624  -31.195  -48.054  38.666 0.0000000000
45625  -32.195  -47.815  38.664 0.0000000000
38059  -14.771  -53.202  45.277 0.0000000000
38072  -14.961  -53.143  43.992 0.0000000000
84499  -55.171  -12.825  26.575 0.0000000000
20911  -9.066  -66.527  45.635 0.0000000000
56716  -39.918  -37.287  43.087 0.0000000000
58728  -36.557  -35.161  42.045 0.0000000000
49169  -36.161  -44.024  39.408 0.0000000000
49153  -36.571  -44.626  39.683 0.0000000000
42072  -18.367  -49.822  41.966 0.0000000000
42048  -17.600  -49.400  42.821 0.0000000000
42023  -16.358  -49.426  44.576 0.0000000000
40776  -17.074  -50.556  42.807 0.0000000000
39457  -17.583  -52.115  41.663 0.0000000000
39458  -18.814  -52.357  41.158 0.0000000000
38115  -21.601  -53.940  41.748 0.0000000000
36822  -20.524  -54.525  41.887 0.0000000000
54775  -38.320  -39.114  39.014 0.0000000000
55773  -38.028  -38.270  39.307 0.0000000000
55766  -37.420  -38.390  40.085 0.0000000000
46840  -23.114  -46.376  39.419 0.0000000000
45620  -23.404  -47.318  38.964 0.0000000000
46841  -23.671  -46.268  38.842 0.0000000000
47998  -26.319  -45.030  37.747 0.0000000000
49193  -27.808  -44.381  37.734 0.0000000000
46872  -28.560  -45.669  37.728 0.0000000000
50373  -28.516  -43.757  37.758 0.0000000000
52598  -32.690  -41.572  39.535 0.0000000000
52610  -31.754  -41.706  38.210 0.0000000000
51517  -31.289  -42.647  37.723 0.0000000000
52641  -32.663  -41.958  37.775 0.0000000000
51501  -33.737  -42.752  38.065 0.0000000000
52643  -33.975  -41.368  37.759 0.0000000000
53734  -36.795  -39.514  39.164 0.0000000000
53756  -36.763  -40.590  37.799 0.0000000000
54784  -37.592  -39.462  38.827 0.0000000000
53744  -38.403  -40.467  38.536 0.0000000000
67223  -43.025  -29.169  32.799 0.0000000000
67225  -44.787  -28.461  32.921 0.0000000000
67241  -43.843  -28.035  32.400 0.0000000000
72670  -43.691  -23.401  32.287 0.0000000000
70554  -44.861  -25.376  32.042 0.0000000000
79110  -43.261  -17.356  33.576 0.0000000000
78069  -42.492  -18.420  32.958 0.0000000000
79118  -42.652  -17.912  32.181 0.0000000000
76967  -45.728  -18.952  29.320 0.0000000000
76954  -44.826  -19.732  30.013 0.0000000000
76955  -46.210  -19.804  29.886 0.0000000000
75851  -47.649  -20.718  31.244 0.0000000000
82342  -53.009  -14.833  27.473 0.0000000000
84487  -51.905  -12.978  27.886 0.0000000000
84496  -53.166  -13.142  27.281 0.0000000000
32796  -11.925  -57.418  46.459 0.0000000000
30123  -11.069  -58.762  46.779 0.0000000000
31481  -11.280  -58.876  45.307 0.0000000000
26126  -11.520  -62.391  44.648 0.0000000000
22228  -11.165  -65.482  45.811 0.0000000000
56740  -37.119  -37.414  40.681 0.0000000000
57742  -37.838  -37.099  40.575 0.0000000000
56729  -35.170  -37.968  41.278 0.0000000000
57739  -32.155  -36.424  40.531 0.0000000000
57724  -33.561  -36.873  40.479 0.0000000000
58740  -33.701  -36.217  40.324 0.0000000000
59790  -34.907  -35.039  40.416 0.0000000000
58764  -33.847  -34.861  39.506 0.0000000000
62147  -31.923  -31.489  41.649 0.0000000000
62243  -34.492  -32.118  37.017 0.0000000000
62203  -33.179  -32.734  38.359 0.0000000000
61000  -34.898  -33.335  37.292 0.0000000000
60981  -35.186  -33.896  38.224 0.0000000000
61001  -35.911  -33.595  37.346 0.0000000000
61003  -37.907  -33.632  37.464 0.0000000000
61018  -37.489  -33.486  36.600 0.0000000000
63515  -38.291  -31.422  34.463 0.0000000000
63490  -38.933  -32.274  34.843 0.0000000000
63517  -40.163  -31.662  34.241 0.0000000000
63493  -41.919  -32.000  35.192 0.0000000000
64714  -41.204  -30.896  33.857 0.0000000000
64726  -42.021  -30.181  33.446 0.0000000000
64724  -40.458  -30.341  33.392 0.0000000000
68325  -39.173  -26.900  34.773 0.0000000000
68336  -39.427  -27.871  33.727 0.0000000000
68337  -39.753  -26.713  34.106 0.0000000000
43304  -26.008  -49.507  38.128 0.0000000000
42110  -26.433  -51.378  38.993 0.0000000000
42132  -27.267  -50.675  38.431 0.0000000000
35495  -13.920  -55.519  43.248 0.0000000000
35482  -13.318  -55.950  44.208 0.0000000000
34154  -13.325  -56.704  43.285 0.0000000000
36819  -17.783  -54.929  41.391 0.0000000000
36827  -16.511  -54.565  41.509 0.0000000000
35509  -17.647  -55.850  41.611 0.0000000000
38116  -22.561  -54.134  41.753 0.0000000000
38117  -23.586  -54.262  41.756 0.0000000000
39464  -25.097  -53.728  41.260 0.0000000000
39465  -26.081  -53.936  41.202 0.0000000000
51477  -38.562  -42.559  39.988 0.0000000000
49155  -38.065  -43.963  40.825 0.0000000000
44357  -19.428  -47.925  42.398 0.0000000000
43246  -19.168  -48.966  41.777 0.0000000000
40789  -19.241  -51.190  41.242 0.0000000000
39479  -20.503  -52.295  40.859 0.0000000000
39461  -21.950  -53.184  41.411 0.0000000000
54764  -37.333  -39.517  40.944 0.0000000000
52600  -34.211  -41.143  40.038 0.0000000000
53731  -34.736  -40.262  38.290 0.0000000000
53723  -36.157  -40.419  39.811 0.0000000000
69460  -41.239  -26.542  32.445 0.0000000000
69462  -43.322  -26.322  32.183 0.0000000000
71593  -41.922  -24.195  32.374 0.0000000000
72669  -42.493  -23.299  32.589 0.0000000000
73754  -43.285  -22.444  32.500 0.0000000000
79136  -43.933  -17.030  30.697 0.0000000000
80231  -45.456  -16.498  30.140 0.0000000000
79148  -46.178  -17.255  29.083 0.0000000000
78123  -47.283  -17.755  28.690 0.0000000000
78111  -48.668  -18.708  29.322 0.0000000000
79165  -48.860  -17.106  28.674 0.0000000000
80248  -49.518  -16.296  28.437 0.0000000000
81264  -51.204  -15.653  28.229 0.0000000000
82340  -50.829  -14.648  28.065 0.0000000000
83425  -50.471  -13.750  28.444 0.0000000000
31522  -12.736  -58.969  43.648 0.0000000000
30153  -11.748  -60.109  44.123 0.0000000000
28771  -13.266  -60.954  44.469 0.0000000000
56701  -33.332  -39.040  43.129 0.0000000000
55742  -33.844  -38.423  41.704 0.0000000000
56711  -32.101  -37.773  42.918 0.0000000000
57708  -31.647  -37.058  42.159 0.0000000000
59789  -31.945  -35.001  41.126 0.0000000000
63428  -32.447  -30.871  40.296 0.0000000000
64639  -33.658  -29.993  38.979 0.0000000000
64650  -33.939  -30.665  37.823 0.0000000000
63469  -35.502  -31.504  36.147 0.0000000000
62270  -36.730  -32.374  35.717 0.0000000000
63487  -36.154  -31.433  35.712 0.0000000000
64696  -37.083  -30.556  34.984 0.0000000000
65944  -37.806  -29.724  34.295 0.0000000000
65958  -39.125  -29.819  33.449 0.0000000000
67208  -38.062  -28.964  34.433 0.0000000000
44436  -28.502  -48.211  38.040 0.0000000000
43307  -29.260  -49.794  38.849 0.0000000000
44421  -29.952  -49.065  38.803 0.0000000000
36796  -13.879  -54.575  43.822 0.0000000000
35506  -14.642  -55.378  42.521 0.0000000000
24880  -9.708  -63.733  45.522 0.0000000000
26092  -9.808  -63.225  46.830 0.0000000000
23551  -9.392  -64.556  45.800 0.0000000000
22214  -9.019  -65.225  46.246 0.0000000000
22205  -8.348  -65.338  47.480 0.0000000000
60913  -36.869  -33.643  42.119 0.0000000000
48005  -33.894  -45.313  38.213 0.0000000000
45626  -33.449  -47.414  38.614 0.0000000000
40731  -15.746  -50.233  45.265 0.0000000000
39430  -15.993  -51.439  44.120 0.0000000000
38086  -15.434  -52.655  42.985 0.0000000000
39456  -16.656  -52.393  42.002 0.0000000000
38111  -17.448  -53.800  41.412 0.0000000000
36820  -18.774  -55.297  41.796 0.0000000000
38113  -19.768  -53.710  41.278 0.0000000000
36821  -19.808  -54.836  41.878 0.0000000000
36799  -19.766  -55.571  43.235 0.0000000000
85577  -55.500  -11.340  26.541 0.0000000000
54765  -40.029  -39.398  40.026 0.0000000000
55767  -39.965  -38.581  40.033 0.0000000000
55774  -38.885  -38.488  39.370 0.0000000000
56741  -37.470  -37.669  40.417 0.0000000000
55757  -36.797  -38.275  41.192 0.0000000000
55746  -36.444  -39.611  42.292 0.0000000000
55732  -35.373  -39.588  42.512 0.0000000000
56702  -34.226  -39.394  42.681 0.0000000000
56692  -33.045  -38.754  44.306 0.0000000000
43283  -22.530  -49.413  39.687 0.0000000000
42107  -23.244  -50.198  39.545 0.0000000000
43301  -23.633  -49.182  39.028 0.0000000000
44418  -24.617  -48.880  38.443 0.0000000000
44433  -25.825  -48.198  37.830 0.0000000000
47996  -24.793  -45.469  38.327 0.0000000000
46854  -26.241  -46.209  37.666 0.0000000000
45638  -27.037  -47.259  37.635 0.0000000000
46856  -28.572  -46.456  37.823 0.0000000000
48001  -29.812  -45.921  37.624 0.0000000000
48003  -31.662  -45.539  37.527 0.0000000000
50357  -29.558  -43.300  38.452 0.0000000000
50375  -30.338  -43.329  37.708 0.0000000000
49197  -31.000  -44.042  37.316 0.0000000000
48004  -32.646  -45.100  37.666 0.0000000000
50360  -34.028  -43.457  38.228 0.0000000000
50361  -35.013  -43.617  38.415 0.0000000000
51504  -36.158  -42.391  38.076 0.0000000000
53754  -35.594  -40.705  37.792 0.0000000000
52628  -36.698  -41.683  37.739 0.0000000000
51506  -37.618  -41.874  38.432 0.0000000000
52615  -38.590  -41.608  39.046 0.0000000000
53736  -39.441  -40.507  39.360 0.0000000000
44399  -21.434  -48.295  40.353 0.0000000000
69463  -44.406  -26.315  32.216 0.0000000000
75817  -41.779  -20.550  34.018 0.0000000000
75834  -42.467  -20.705  33.116 0.0000000000
75835  -43.337  -20.628  32.312 0.0000000000
78096  -43.442  -18.480  30.215 0.0000000000
76944  -43.534  -19.573  30.926 0.0000000000
75837  -44.871  -20.951  31.713 0.0000000000
75838  -46.548  -21.423  31.654 0.0000000000
83437  -54.505  -13.715  26.805 0.0000000000
84489  -53.489  -12.085  27.079 0.0000000000
85559  -53.708  -11.565  27.032 0.0000000000
30107  -10.846  -59.408  47.207 0.0000000000
27392  -10.607  -60.736  46.336 0.0000000000
28769  -11.476  -60.446  44.434 0.0000000000
27416  -10.678  -62.022  44.799 0.0000000000
26115  -10.323  -62.534  44.939 0.0000000000
23563  -10.713  -64.580  45.114 0.0000000000
56743  -39.426  -37.531  40.515 0.0000000000
57729  -38.802  -36.737  41.243 0.0000000000
58744  -37.714  -36.135  41.432 0.0000000000
56728  -34.223  -37.657  41.098 0.0000000000
58742  -35.844  -35.824  40.901 0.0000000000
58727  -35.845  -34.920  41.747 0.0000000000
59779  -35.974  -34.275  41.869 0.0000000000
60947  -36.539  -33.478  40.567 0.0000000000
60929  -31.914  -34.181  41.587 0.0000000000
59800  -32.058  -34.153  40.649 0.0000000000
63427  -32.201  -31.995  40.228 0.0000000000
60960  -32.612  -33.517  39.499 0.0000000000
59814  -33.222  -34.336  39.376 0.0000000000
59815  -34.106  -34.535  39.089 0.0000000000
60962  -35.665  -33.942  39.212 0.0000000000
62272  -38.538  -33.014  35.485 0.0000000000
62247  -40.044  -33.433  36.406 0.0000000000
65948  -43.291  -30.166  34.002 0.0000000000
65962  -42.504  -29.692  33.185 0.0000000000
67239  -41.697  -28.234  32.526 0.0000000000
67221  -39.553  -28.653  32.848 0.0000000000
67222  -39.951  -28.270  32.691 0.0000000000
68363  -40.953  -27.451  32.455 0.0000000000
70550  -40.652  -25.890  32.880 0.0000000000
71578  -40.688  -24.491  33.597 0.0000000000
40822  -24.714  -51.471  39.915 0.0000000000
40807  -26.173  -52.594  40.226 0.0000000000
42112  -28.809  -51.511  39.275 0.0000000000
32808  -12.130  -57.455  45.316 0.0000000000
34135  -13.051  -55.722  45.736 0.0000000000
34133  -12.450  -56.864  44.972 0.0000000000
32821  -12.290  -57.906  44.211 0.0000000000
31523  -13.230  -58.738  43.446 0.0000000000
38085  -15.187  -53.578  42.686 0.0000000000
35507  -15.431  -55.431  41.972 0.0000000000
34156  -15.390  -56.898  42.485 0.0000000000
18248  -8.192  -68.237  45.652 0.0000000000
19551  -7.888  -67.187  46.199 0.0000000000
20884  -8.059  -65.687  47.568 0.0000000000
54766  -40.370  -39.459  40.765 0.0000000000
40804  -22.730  -51.580  40.223 0.0000000000
42105  -21.510  -49.804  40.107 0.0000000000
42092  -21.902  -50.971  40.282 0.0000000000
40803  -21.601  -51.550  40.499 0.0000000000
73725  -41.464  -22.254  34.578 0.0000000000
81249  -47.115  -15.167  29.682 0.0000000000
81250  -47.832  -14.979  29.209 0.0000000000
81261  -48.276  -15.365  28.709 0.0000000000
82337  -48.394  -14.612  29.219 0.0000000000
46859  -31.511  -46.377  37.914 0.0000000000
45643  -32.343  -46.998  38.154 0.0000000000
39412  -14.978  -51.700  45.426 0.0000000000
38060  -15.086  -52.453  44.857 0.0000000000
84505  -54.753  -11.962  26.631 0.0000000000
84506  -55.316  -12.337  26.524 0.0000000000
85576  -54.979  -11.745  26.629 0.0000000000
57693  -39.075  -36.333  42.831 0.0000000000
58716  -38.570  -35.522  43.228 0.0000000000
58729  -37.608  -35.447  42.167 0.0000000000
50330  -36.559  -43.729  39.533 0.0000000000
50331  -37.089  -43.633  39.980 0.0000000000
49163  -27.226  -43.625  38.843 0.0000000000
49178  -27.358  -43.901  37.908 0.0000000000
50355  -27.871  -43.431  38.074 0.0000000000
50372  -27.941  -43.889  37.755 0.0000000000
51486  -32.054  -41.861  39.598 0.0000000000
52611  -32.372  -41.576  38.689 0.0000000000
52623  -31.751  -41.751  37.954 0.0000000000
52625  -33.203  -41.273  38.075 0.0000000000
52642  -33.164  -41.727  37.806 0.0000000000
53743  -37.296  -40.179  38.349 0.0000000000
54785  -38.109  -39.792  38.648 0.0000000000
67240  -42.795  -28.291  32.482 0.0000000000
68365  -43.010  -27.281  32.247 0.0000000000
72671  -44.764  -23.468  32.143 0.0000000000
73756  -45.308  -22.628  31.950 0.0000000000
79109  -42.881  -17.777  32.767 0.0000000000
79119  -43.262  -17.428  32.408 0.0000000000
76968  -46.854  -19.023  29.397 0.0000000000
76956  -47.318  -19.756  29.970 0.0000000000
31463  -11.427  -58.365  45.905 0.0000000000
56730  -36.441  -37.808  41.072 0.0000000000
55744  -34.925  -38.437  41.652 0.0000000000
58755  -31.881  -35.844  40.561 0.0000000000
58756  -33.038  -35.889  39.955 0.0000000000
58757  -34.049  -35.333  39.871 0.0000000000
58763  -33.407  -35.082  39.736 0.0000000000
62244  -34.917  -32.464  36.716 0.0000000000
62221  -34.352  -32.569  37.241 0.0000000000
61015  -35.053  -32.990  36.824 0.0000000000
61017  -36.576  -33.368  36.618 0.0000000000
63516  -39.203  -31.593  34.264 0.0000000000
63518  -41.086  -31.568  34.329 0.0000000000
64713  -40.347  -30.995  33.788 0.0000000000
64723  -39.645  -30.345  33.467 0.0000000000
43305  -26.850  -49.776  37.955 0.0000000000
35494  -13.647  -56.118  43.291 0.0000000000
32838  -14.010  -57.565  42.904 0.0000000000
32839  -14.968  -57.524  42.701 0.0000000000
27380  -10.422  -60.776  47.188 0.0000000000
27379  -10.110  -61.528  47.610 0.0000000000
56717  -40.275  -37.602  42.565 0.0000000000
39463  -24.051  -53.562  41.284 0.0000000000
38119  -25.651  -54.443  41.834 0.0000000000
39484  -25.603  -53.130  40.751 0.0000000000
50333  -38.681  -42.970  40.577 0.0000000000
45558  -20.224  -46.950  42.184 0.0000000000
44380  -19.949  -48.051  41.516 0.0000000000
42090  -19.992  -50.024  40.756 0.0000000000
42089  -19.467  -49.715  41.276 0.0000000000
40801  -19.567  -50.461  41.062 0.0000000000
42073  -19.011  -49.895  41.513 0.0000000000
40790  -19.959  -51.909  40.785 0.0000000000
54754  -37.151  -39.967  42.110 0.0000000000
52614  -34.888  -40.578  39.497 0.0000000000
52603  -36.729  -41.474  41.221 0.0000000000
70551  -41.453  -25.405  32.512 0.0000000000
72653  -42.123  -22.838  32.994 0.0000000000
73753  -42.533  -22.365  32.904 0.0000000000
74809  -42.948  -21.556  32.723 0.0000000000
80219  -45.065  -16.227  30.943 0.0000000000
80220  -45.972  -15.863  30.609 0.0000000000
80233  -46.872  -15.859  28.933 0.0000000000
80245  -46.692  -16.556  28.857 0.0000000000
79163  -46.965  -17.223  28.652 0.0000000000
79164  -47.818  -17.294  28.551 0.0000000000
81262  -49.241  -15.413  28.430 0.0000000000
83424  -49.826  -13.847  28.849 0.0000000000
56700  -32.563  -38.360  43.620 0.0000000000
56712  -32.980  -38.458  42.360 0.0000000000
58725  -31.698  -35.961  42.634 0.0000000000
58739  -31.583  -36.197  41.302 0.0000000000
64665  -34.992  -29.242  37.366 0.0000000000
64664  -34.513  -30.141  37.053 0.0000000000
64678  -34.859  -30.987  36.486 0.0000000000
65931  -36.683  -29.715  35.281 0.0000000000
65932  -37.151  -29.780  34.741 0.0000000000
64710  -37.680  -30.565  34.452 0.0000000000
67196  -37.367  -28.891  35.007 0.0000000000
67197  -38.042  -27.992  35.027 0.0000000000
44420  -29.113  -48.884  38.184 0.0000000000
45622  -29.703  -48.496  38.431 0.0000000000
44423  -31.956  -48.674  39.134 0.0000000000
44422  -30.939  -48.951  38.944 0.0000000000
36772  -14.229  -53.907  44.671 0.0000000000
36816  -14.314  -54.746  43.006 0.0000000000
22225  -8.820  -65.935  45.905 0.0000000000
22206  -8.909  -64.936  47.272 0.0000000000
22213  -8.615  -65.802  46.738 0.0000000000
58715  -37.724  -34.701  42.931 0.0000000000
59767  -37.019  -34.212  42.685 0.0000000000
59780  -36.398  -34.162  42.384 0.0000000000
48006  -34.473  -45.010  38.591 0.0000000000
47984  -34.314  -45.982  38.431 0.0000000000
47985  -34.769  -45.535  38.837 0.0000000000
40758  -16.394  -50.027  43.703 0.0000000000
40757  -16.132  -50.539  44.311 0.0000000000
40756  -15.671  -50.935  44.757 0.0000000000
39441  -16.399  -51.665  43.263 0.0000000000
39459  -19.974  -52.658  41.014 0.0000000000
36800  -20.742  -55.049  43.057 0.0000000000
55775  -39.423  -38.601  39.613 0.0000000000
56751  -37.929  -37.779  39.814 0.0000000000
56731  -37.032  -37.929  40.928 0.0000000000
55745  -36.344  -38.846  41.515 0.0000000000
55720  -34.462  -39.645  43.416 0.0000000000
55731  -34.758  -39.524  42.662 0.0000000000
56693  -33.698  -39.345  43.863 0.0000000000
44401  -22.753  -48.860  39.625 0.0000000000
43284  -23.129  -49.291  39.458 0.0000000000
44416  -23.027  -48.322  39.287 0.0000000000
45635  -24.601  -47.471  38.169 0.0000000000
44431  -24.388  -47.886  38.307 0.0000000000
44432  -24.931  -48.331  38.174 0.0000000000
43318  -25.685  -48.884  38.126 0.0000000000
45639  -28.094  -47.349  37.831 0.0000000000
48017  -29.014  -45.191  37.691 0.0000000000
48000  -29.109  -45.997  37.750 0.0000000000
48002  -30.725  -45.795  37.477 0.0000000000
48019  -30.842  -44.887  37.347 0.0000000000
50342  -30.367  -42.662  39.707 0.0000000000
50341  -29.771  -43.235  39.409 0.0000000000
50358  -30.358  -43.055  38.606 0.0000000000
50377  -31.943  -43.190  37.637 0.0000000000
50376  -31.203  -43.351  37.549 0.0000000000
49198  -31.899  -43.986  37.371 0.0000000000
48020  -31.714  -44.702  37.415 0.0000000000
49179  -32.522  -44.317  37.606 0.0000000000
49180  -33.278  -44.091  37.941 0.0000000000
51521  -34.641  -41.917  37.657 0.0000000000
51502  -34.417  -42.722  38.074 0.0000000000
51503  -35.237  -42.595  38.054 0.0000000000
50362  -35.633  -43.109  38.475 0.0000000000
53732  -35.271  -40.018  38.693 0.0000000000
53740  -34.727  -40.250  37.990 0.0000000000
54782  -35.491  -39.794  38.440 0.0000000000
52629  -37.303  -41.279  37.791 0.0000000000
51505  -37.042  -42.104  38.138 0.0000000000
51489  -38.089  -42.249  39.255 0.0000000000
53735  -38.833  -39.941  38.854 0.0000000000
53745  -38.990  -40.684  38.868 0.0000000000
53725  -40.049  -40.298  40.110 0.0000000000
45602  -22.262  -47.214  39.950 0.0000000000
45601  -21.707  -47.361  40.361 0.0000000000
44400  -22.286  -48.336  39.923 0.0000000000
43282  -21.777  -49.253  39.944 0.0000000000
65949  -44.355  -30.094  34.531 0.0000000000
65965  -45.340  -28.893  33.639 0.0000000000
70552  -42.611  -25.341  32.249 0.0000000000
76905  -42.219  -19.631  34.523 0.0000000000
76935  -43.255  -20.056  31.753 0.0000000000
79146  -44.205  -17.392  29.737 0.0000000000
79135  -43.298  -17.818  30.583 0.0000000000
78106  -43.880  -18.149  29.640 0.0000000000
76945  -44.379  -20.083  30.744 0.0000000000
75848  -44.404  -20.491  31.303 0.0000000000
75849  -45.412  -20.771  31.345 0.0000000000
74823  -45.391  -21.254  31.683 0.0000000000
75839  -47.406  -21.336  31.692 0.0000000000
79151  -49.264  -17.864  29.005 0.0000000000
83428  -53.112  -14.105  27.247 0.0000000000
82353  -53.744  -14.660  27.403 0.0000000000
84488  -52.490  -12.398  27.561 0.0000000000
84497  -53.572  -12.940  26.996 0.0000000000
30122  -11.005  -59.384  45.885 0.0000000000
30108  -11.041  -58.720  47.713 0.0000000000
28736  -10.736  -60.140  46.726 0.0000000000
28770  -12.012  -60.782  44.091 0.0000000000
27418  -12.252  -61.709  44.535 0.0000000000
24892  -11.661  -63.105  44.796 0.0000000000
26125  -10.870  -62.382  44.692 0.0000000000
24890  -10.634  -62.862  44.758 0.0000000000
24881  -10.394  -63.511  44.951 0.0000000000
56753  -39.361  -38.116  39.704 0.0000000000
57727  -37.159  -36.764  40.685 0.0000000000
57728  -38.072  -36.639  40.975 0.0000000000
58745  -38.404  -36.360  41.557 0.0000000000
55754  -33.943  -38.062  41.417 0.0000000000
57725  -34.948  -36.871  40.613 0.0000000000
58726  -35.496  -35.177  40.909 0.0000000000
59778  -35.542  -34.977  41.052 0.0000000000
59791  -35.706  -34.535  40.821 0.0000000000
60930  -36.310  -33.982  41.132 0.0000000000
60946  -35.934  -33.863  40.231 0.0000000000
62145  -31.626  -32.982  41.457 0.0000000000
60910  -31.718  -33.405  41.821 0.0000000000
62168  -31.708  -33.298  40.982 0.0000000000
59788  -31.873  -34.214  40.894 0.0000000000
60944  -31.930  -33.744  40.681 0.0000000000
64627  -33.014  -30.598  39.413 0.0000000000
63440  -32.831  -31.741  39.189 0.0000000000
60998  -33.506  -33.069  37.871 0.0000000000
62188  -32.703  -32.785  39.207 0.0000000000
60961  -33.081  -33.504  38.859 0.0000000000
59825  -33.405  -33.920  38.724 0.0000000000
59826  -33.796  -34.150  38.595 0.0000000000
60963  -36.627  -33.463  39.583 0.0000000000
61004  -38.826  -33.547  37.511 0.0000000000
62271  -37.559  -32.641  35.475 0.0000000000
62274  -40.484  -32.774  35.620 0.0000000000
62273  -39.574  -32.962  35.467 0.0000000000
63494  -42.871  -31.649  35.505 0.0000000000
64698  -43.285  -31.071  35.109 0.0000000000
64717  -43.624  -30.588  34.695 0.0000000000
64716  -42.951  -30.737  34.332 0.0000000000
65961  -41.470  -29.709  33.059 0.0000000000
65975  -41.578  -29.047  32.685 0.0000000000
65946  -38.956  -29.281  33.523 0.0000000000
65959  -39.580  -29.564  33.056 0.0000000000
67210  -39.139  -28.733  33.480 0.0000000000
68348  -39.672  -28.079  32.973 0.0000000000
69459  -40.538  -26.734  32.746 0.0000000000
70534  -40.452  -25.324  33.797 0.0000000000
42129  -23.972  -49.870  39.172 0.0000000000
42108  -24.312  -50.610  39.534 0.0000000000
40824  -26.859  -52.099  39.699 0.0000000000
40823  -25.760  -51.825  39.741 0.0000000000
40808  -27.165  -52.742  40.246 0.0000000000
39485  -26.602  -53.287  40.714 0.0000000000
39486  -27.633  -53.323  40.627 0.0000000000
42134  -29.521  -50.708  39.109 0.0000000000
42133  -28.471  -50.665  38.790 0.0000000000
42113  -29.738  -51.364  39.472 0.0000000000
44425  -33.745  -48.192  39.343 0.0000000000
32790  -12.073  -56.612  46.899 0.0000000000
32797  -12.734  -56.940  46.042 0.0000000000
36740  -14.037  -54.498  45.587 0.0000000000
35442  -13.671  -54.817  46.430 0.0000000000
35462  -13.424  -55.361  45.258 0.0000000000
34145  -12.720  -56.798  44.201 0.0000000000
34144  -12.367  -57.264  44.562 0.0000000000
32822  -12.471  -57.386  44.039 0.0000000000
32836  -12.655  -58.400  43.673 0.0000000000
39455  -16.138  -52.436  42.697 0.0000000000
35508  -16.498  -55.474  41.599 0.0000000000
36818  -15.804  -54.582  41.738 0.0000000000
34169  -15.889  -56.350  42.009 0.0000000000
86678  -56.046  -10.798  26.417 0.0000000000
19550  -7.256  -67.378  46.455 0.0000000000
18236  -7.555  -67.761  45.971 0.0000000000
19539  -7.583  -66.908  46.966 0.0000000000
20893  -8.096  -66.326  47.012 0.0000000000
20892  -7.658  -66.158  47.160 0.0000000000
51479  -39.855  -42.048  40.620 0.0000000000
53711  -37.157  -40.700  41.931 0.0000000000
72651  -40.952  -23.993  33.385 0.0000000000
74790  -41.889  -21.500  33.622 0.0000000000
81248  -46.521  -15.463  30.310 0.0000000000
57679  -31.800  -36.673  44.508 0.0000000000
58712  -31.995  -35.784  43.845 0.0000000000
59765  -31.834  -34.827  43.137 0.0000000000
65895  -35.522  -28.755  36.870 0.0000000000
67173  -36.693  -28.852  35.616 0.0000000000
45641  -30.388  -47.407  38.313 0.0000000000
45623  -30.269  -48.305  38.525 0.0000000000
44424  -32.880  -48.334  39.154 0.0000000000
83438  -55.531  -13.492  26.686 0.0000000000
83450  -55.495  -12.947  26.501 0.0000000000
20912  -9.783  -66.489  45.502 0.0000000000
22226  -9.410  -65.576  45.503 0.0000000000
19562  -9.422  -67.283  45.607 0.0000000000
19561  -8.676  -67.310  45.722 0.0000000000
58714  -36.394  -34.649  42.480 0.0000000000
49168  -35.635  -44.505  38.930 0.0000000000
47986  -35.614  -45.667  39.283 0.0000000000
49152  -36.144  -45.187  39.243 0.0000000000
47966  -37.027  -45.632  40.049 0.0000000000
43220  -18.394  -48.560  42.967 0.0000000000
43202  -17.852  -48.155  44.063 0.0000000000
42024  -16.870  -48.931  43.983 0.0000000000
39442  -16.906  -51.559  42.621 0.0000000000
38087  -21.264  -54.580  42.290 0.0000000000
45619  -22.800  -47.237  39.518 0.0000000000
46852  -24.476  -46.428  38.255 0.0000000000
47982  -25.666  -44.220  38.676 0.0000000000
47983  -26.513  -43.996  38.302 0.0000000000
47999  -27.304  -44.846  37.727 0.0000000000
46871  -27.981  -45.630  37.674 0.0000000000
48016  -28.162  -45.020  37.712 0.0000000000
49194  -28.408  -44.396  37.664 0.0000000000
49195  -29.183  -44.322  37.541 0.0000000000
51471  -31.561  -42.128  40.120 0.0000000000
51485  -31.271  -41.906  39.018 0.0000000000
51498  -30.685  -42.569  37.902 0.0000000000
51499  -31.261  -41.858  37.894 0.0000000000
51518  -32.108  -42.269  37.767 0.0000000000
50359  -33.361  -43.170  38.062 0.0000000000
51519  -33.072  -42.408  37.820 0.0000000000
51520  -33.823  -42.102  37.715 0.0000000000
53733  -36.067  -39.642  38.748 0.0000000000
53742  -36.232  -40.019  38.048 0.0000000000
65964  -44.579  -29.262  33.601 0.0000000000
67224  -43.797  -28.855  32.874 0.0000000000
67242  -44.581  -27.751  32.472 0.0000000000
71595  -44.234  -24.381  32.036 0.0000000000
78055  -43.017  -18.063  34.446 0.0000000000
78054  -42.471  -18.746  34.029 0.0000000000
78070  -42.674  -18.089  33.760 0.0000000000
78080  -42.540  -18.551  31.958 0.0000000000
78108  -45.454  -18.062  29.171 0.0000000000
76965  -44.215  -18.481  29.444 0.0000000000
75859  -45.779  -20.407  30.621 0.0000000000
75860  -46.895  -20.383  30.560 0.0000000000
75861  -47.927  -20.320  30.479 0.0000000000
83426  -51.363  -13.578  27.997 0.0000000000
83427  -52.391  -13.732  27.556 0.0000000000
83435  -52.963  -13.420  27.354 0.0000000000
31445  -11.294  -58.028  47.094 0.0000000000
31462  -11.210  -58.849  45.711 0.0000000000
23564  -11.561  -64.442  45.435 0.0000000000
57741  -37.406  -37.199  40.561 0.0000000000
57723  -32.244  -37.032  41.065 0.0000000000
57740  -32.702  -36.593  40.460 0.0000000000
59803  -34.494  -34.791  39.661 0.0000000000
62146  -31.873  -31.992  41.331 0.0000000000
63449  -33.700  -31.272  37.698 0.0000000000
63448  -33.491  -31.761  38.004 0.0000000000
63457  -33.918  -32.136  37.552 0.0000000000
62220  -33.714  -32.585  37.726 0.0000000000
60999  -34.024  -33.209  37.674 0.0000000000
60980  -34.294  -33.804  38.040 0.0000000000
61002  -36.923  -33.675  37.415 0.0000000000
60983  -37.288  -33.656  38.423 0.0000000000
61019  -38.479  -33.480  36.527 0.0000000000
63491  -39.900  -32.314  34.822 0.0000000000
63492  -40.860  -32.249  34.898 0.0000000000
63519  -41.797  -31.321  34.386 0.0000000000
64715  -42.112  -30.798  33.900 0.0000000000
64725  -41.323  -30.286  33.445 0.0000000000
65960  -40.602  -29.750  33.022 0.0000000000
68324  -38.809  -27.790  34.507 0.0000000000
69443  -40.248  -26.348  33.468 0.0000000000
43303  -25.204  -49.366  38.423 0.0000000000
42109  -25.337  -50.973  39.287 0.0000000000
42131  -25.959  -50.342  38.498 0.0000000000
42111  -27.664  -51.548  39.083 0.0000000000
35483  -13.566  -55.166  44.232 0.0000000000
38132  -16.869  -54.021  41.437 0.0000000000
38131  -16.678  -54.183  41.480 0.0000000000
36828  -17.121  -54.690  41.407 0.0000000000
35515  -17.042  -55.254  41.464 0.0000000000
57710  -39.726  -36.966  42.367 0.0000000000
36802  -22.786  -54.917  43.341 0.0000000000
38089  -23.177  -54.608  42.541 0.0000000000
38090  -24.198  -54.733  42.538 0.0000000000
38118  -24.638  -54.347  41.792 0.0000000000
50347  -37.455  -42.882  39.624 0.0000000000
43221  -18.981  -48.505  42.594 0.0000000000
43265  -19.758  -49.115  41.344 0.0000000000
43245  -18.707  -49.149  42.119 0.0000000000
39460  -20.997  -53.003  41.340 0.0000000000
38088  -22.186  -54.616  42.458 0.0000000000
52599  -33.362  -41.376  39.801 0.0000000000
52613  -34.293  -40.712  39.023 0.0000000000
53722  -35.509  -40.249  39.420 0.0000000000
69461  -42.218  -26.383  32.192 0.0000000000
71594  -43.106  -24.331  32.233 0.0000000000
74810  -43.825  -21.582  32.299 0.0000000000
79128  -43.913  -17.050  31.861 0.0000000000
80218  -44.497  -16.494  31.554 0.0000000000
79137  -44.730  -16.826  30.147 0.0000000000
79147  -45.240  -17.209  29.556 0.0000000000
78109  -46.539  -18.117  28.893 0.0000000000
78110  -47.585  -18.291  28.927 0.0000000000
79149  -47.789  -17.803  28.743 0.0000000000
79150  -48.300  -17.854  28.826 0.0000000000
79166  -49.881  -17.126  28.691 0.0000000000
31501  -12.182  -58.713  43.883 0.0000000000
30138  -11.795  -59.085  44.124 0.0000000000
30154  -12.400  -59.741  43.800 0.0000000000
56713  -33.941  -38.895  42.194 0.0000000000
55743  -34.508  -38.532  41.730 0.0000000000
56726  -32.305  -37.794  41.915 0.0000000000
57722  -31.740  -36.489  40.867 0.0000000000
58754  -31.554  -36.280  40.832 0.0000000000
64663  -34.324  -31.073  36.910 0.0000000000
63468  -35.006  -31.752  36.481 0.0000000000
62245  -35.530  -32.296  36.364 0.0000000000
61031  -36.339  -32.907  36.130 0.0000000000
62269  -36.077  -32.206  36.091 0.0000000000
63488  -37.069  -31.564  35.274 0.0000000000
64695  -36.381  -30.477  35.510 0.0000000000
63514  -37.595  -31.249  34.774 0.0000000000
64711  -38.510  -30.626  33.965 0.0000000000
64722  -39.025  -30.297  33.604 0.0000000000
65945  -38.562  -29.624  33.857 0.0000000000
67209  -38.689  -28.692  34.159 0.0000000000
67198  -38.692  -27.141  35.451 0.0000000000
44419  -28.281  -48.822  37.982 0.0000000000
43306  -28.124  -49.670  38.070 0.0000000000
43308  -30.531  -50.075  39.262 0.0000000000
36741  -14.518  -53.897  45.850 0.0000000000
34167  -14.436  -55.886  42.668 0.0000000000
35497  -18.954  -55.973  43.068 0.0000000000
26104  -9.987  -62.334  45.758 0.0000000000
26093  -9.969  -62.446  46.904 0.0000000000
26103  -9.544  -63.000  46.067 0.0000000000
24870  -9.504  -63.762  46.352 0.0000000000
24859  -9.603  -63.654  47.336 0.0000000000
23542  -9.299  -64.411  46.849 0.0000000000
80182  -43.683  -16.966  34.426 0.0000000000
80183  -44.116  -16.573  34.016 0.0000000000
62128  -37.281  -33.263  41.722 0.0000000000
46861  -33.178  -45.923  37.964 0.0000000000
45644  -33.060  -46.617  38.094 0.0000000000
46842  -33.791  -46.374  38.232 0.0000000000
46843  -34.423  -46.601  38.744 0.0000000000
49154  -37.559  -44.605  40.522 0.0000000000
38073  -15.427  -52.426  44.027 0.0000000000
39440  -15.916  -52.094  43.644 0.0000000000
36798  -19.267  -55.763  42.614 0.0000000000
85570  -55.031  -10.739  26.946 0.0000000000
56752  -38.685  -37.832  39.694 0.0000000000
56715  -35.569  -38.721  41.683 0.0000000000
56703  -34.995  -39.172  42.299 0.0000000000
56691  -32.239  -38.128  44.805 0.0000000000
56682  -32.805  -38.649  45.496 0.0000000000
40820  -22.911  -50.885  39.794 0.0000000000
42128  -23.507  -49.658  39.323 0.0000000000
43302  -24.361  -49.330  38.720 0.0000000000
44417  -23.998  -48.360  38.568 0.0000000000
43319  -26.417  -48.914  38.061 0.0000000000
44434  -26.729  -48.193  37.710 0.0000000000
47980  -24.076  -45.080  39.167 0.0000000000
46853  -25.350  -46.323  37.890 0.0000000000
47997  -25.398  -45.181  37.918 0.0000000000
45637  -26.046  -47.277  37.607 0.0000000000
44435  -27.707  -48.277  37.833 0.0000000000
46857  -29.607  -46.638  38.070 0.0000000000
46858  -30.564  -46.546  38.009 0.0000000000
50356  -28.665  -43.397  38.268 0.0000000000
50374  -29.353  -43.640  37.727 0.0000000000
49196  -30.064  -44.145  37.299 0.0000000000
51516  -30.853  -42.962  37.737 0.0000000000
49181  -34.368  -44.389  38.398 0.0000000000
49182  -34.968  -44.341  38.637 0.0000000000
50344  -35.602  -43.634  38.743 0.0000000000
50345  -36.113  -43.328  39.018 0.0000000000
51487  -36.694  -42.613  38.736 0.0000000000
52626  -34.229  -40.708  38.117 0.0000000000
52644  -34.972  -40.978  37.733 0.0000000000
53755  -36.109  -40.607  37.795 0.0000000000
52645  -35.970  -41.340  37.718 0.0000000000
51488  -37.316  -42.448  38.920 0.0000000000
51490  -38.747  -42.026  39.573 0.0000000000
52631  -38.724  -41.105  38.751 0.0000000000
52616  -39.126  -41.391  39.360 0.0000000000
52604  -39.749  -41.366  40.002 0.0000000000
45577  -20.615  -47.250  41.407 0.0000000000
45578  -21.117  -47.352  40.791 0.0000000000
68366  -44.007  -27.172  32.289 0.0000000000
68367  -44.900  -27.122  32.444 0.0000000000
74789  -41.584  -21.497  34.234 0.0000000000
76920  -42.264  -19.601  33.433 0.0000000000
79127  -43.063  -17.683  31.426 0.0000000000
78088  -42.973  -18.482  30.902 0.0000000000
76943  -42.694  -18.962  31.399 0.0000000000
76953  -43.878  -18.998  29.634 0.0000000000
75847  -43.729  -20.354  31.654 0.0000000000
75836  -44.214  -20.872  31.968 0.0000000000
74811  -44.807  -21.662  31.883 0.0000000000
74812  -45.909  -21.833  31.765 0.0000000000
75850  -46.511  -20.845  31.319 0.0000000000
84498  -54.418  -12.456  26.681 0.0000000000
85560  -54.046  -11.830  26.809 0.0000000000
85568  -53.624  -11.005  27.232 0.0000000000
86656  -53.399  -10.545  27.624 0.0000000000
28726  -10.598  -60.095  47.760 0.0000000000
30137  -11.424  -59.524  44.570 0.0000000000
28756  -11.055  -60.362  45.077 0.0000000000
27417  -11.220  -61.440  44.663 0.0000000000
27405  -10.791  -61.033  45.574 0.0000000000
27404  -10.435  -61.735  45.224 0.0000000000
26114  -9.878  -63.001  45.349 0.0000000000
22227  -10.216  -65.566  45.294 0.0000000000
55768  -40.243  -38.663  40.641 0.0000000000
57743  -38.594  -37.074  40.746 0.0000000000
57744  -39.066  -37.132  41.001 0.0000000000
55756  -34.804  -38.291  41.534 0.0000000000
58743  -36.810  -35.892  41.186 0.0000000000
58713  -36.039  -34.682  42.373 0.0000000000
60912  -36.399  -33.839  41.711 0.0000000000
60892  -31.945  -33.683  43.409 0.0000000000
60911  -31.832  -33.968  42.394 0.0000000000
59801  -32.393  -34.573  40.308 0.0000000000
63439  -32.494  -32.342  39.625 0.0000000000
62187  -32.205  -32.840  39.815 0.0000000000
60945  -32.268  -33.558  40.151 0.0000000000
59813  -32.684  -33.957  39.887 0.0000000000
59827  -34.439  -34.214  38.574 0.0000000000
59816  -34.875  -34.402  39.071 0.0000000000
62189  -36.818  -33.334  40.314 0.0000000000
62170  -36.956  -33.266  40.771 0.0000000000
60984  -38.258  -33.573  38.415 0.0000000000
61032  -37.060  -33.235  35.889 0.0000000000
61033  -37.847  -33.306  35.901 0.0000000000
62246  -39.223  -33.367  36.100 0.0000000000
65947  -42.606  -30.320  33.759 0.0000000000
65976  -42.309  -28.912  32.688 0.0000000000
65973  -40.062  -29.231  32.701 0.0000000000
67237  -40.148  -28.757  32.602 0.0000000000
67238  -40.682  -28.348  32.504 0.0000000000
70535  -40.795  -25.101  33.087 0.0000000000
72636  -40.748  -23.754  33.906 0.0000000000
72621  -40.780  -23.576  34.643 0.0000000000
40821  -23.658  -51.127  39.948 0.0000000000
40806  -25.135  -52.347  40.286 0.0000000000
40825  -28.055  -52.296  39.913 0.0000000000
39500  -29.655  -52.455  40.235 0.0000000000
39499  -28.888  -52.684  40.312 0.0000000000
39498  -28.178  -52.869  40.395 0.0000000000
39467  -28.149  -54.214  41.050 0.0000000000
35461  -13.200  -55.831  44.904 0.0000000000
34134  -12.898  -56.256  45.251 0.0000000000
32809  -12.506  -56.827  45.531 0.0000000000
30169  -13.865  -59.291  43.542 0.0000000000
38109  -15.498  -54.016  42.056 0.0000000000
36817  -15.009  -54.512  42.395 0.0000000000
34168  -14.984  -56.116  42.327 0.0000000000
35496  -18.242  -56.315  42.501 0.0000000000
34158  -17.556  -56.713  42.777 0.0000000000
34157  -16.466  -57.028  42.786 0.0000000000
18249  -9.116  -68.016  45.584 0.0000000000
20891  -7.228  -65.636  47.094 0.0000000000
20883  -7.876  -65.240  47.568 0.0000000000
24891  -11.012  -63.010  44.646 0.0000000000
30168  -13.182  -59.331  43.624 0.0000000000
35514  -16.808  -54.991  41.453 0.0000000000
40826  -29.201  -52.061  39.828 0.0000000000
43321  -27.854  -48.950  37.995 0.0000000000
44379  -19.516  -48.525  41.723 0.0000000000
45621  -24.065  -47.297  38.466 0.0000000000
48021  -32.204  -44.547  37.498 0.0000000000
49199  -32.494  -43.756  37.645 0.0000000000
51500  -31.868  -41.875  37.852 0.0000000000
52624  -32.340  -41.710  37.950 0.0000000000
52627  -34.808  -40.457  37.887 0.0000000000
52646  -36.635  -41.098  37.645 0.0000000000
53741  -35.314  -40.077  37.940 0.0000000000
54772  -35.429  -39.776  38.643 0.0000000000
54783  -35.745  -39.784  38.336 0.0000000000
55755  -34.435  -38.177  41.466 0.0000000000
56704  -39.948  -37.211  43.377 0.0000000000
57738  -31.765  -36.296  40.666 0.0000000000
58738  -31.512  -36.419  41.023 0.0000000000
60928  -31.753  -33.620  41.229 0.0000000000
61016  -35.631  -33.062  36.599 0.0000000000
62125  -31.598  -33.030  41.888 0.0000000000
62171  -37.483  -33.102  40.792 0.0000000000
62222  -34.790  -32.886  36.957 0.0000000000
63458  -34.089  -31.664  37.353 0.0000000000
63467  -34.562  -31.761  36.802 0.0000000000
64649  -33.500  -31.111  37.921 0.0000000000
64677  -34.675  -31.404  36.625 0.0000000000
72668  -41.924  -23.586  32.617 0.0000000000
73737  -42.015  -22.364  33.348 0.0000000000
74824  -45.950  -21.196  31.584 0.0000000000
75816  -41.553  -20.960  34.650 0.0000000000
76966  -44.718  -18.761  29.315 0.0000000000
78087  -42.682  -18.335  31.439 0.0000000000
78124  -47.572  -17.777  28.720 0.0000000000
79098  -43.602  -17.391  34.757 0.0000000000
79111  -43.904  -16.744  33.375 0.0000000000
79126  -42.618  -18.083  31.719 0.0000000000
79145  -43.604  -17.701  30.039 0.0000000000
80163  -43.747  -17.049  34.716 0.0000000000
80164  -44.037  -16.892  34.909 0.0000000000
84490  -53.853  -11.996  26.861 0.0000000000
85567  -53.365  -10.851  27.426 0.0000000000
86668  -53.566  -10.710  27.418 0.0000000000
