#!ascii label  , from subject S5_07 vox2ras=TkReg
1375
53670  -45.202  -40.930  46.930 0.0000000000
35417  -37.619  -55.224  48.704 0.0000000000
64719  -53.024  -30.566  34.355 0.0000000000
55804  -41.800  -38.690  35.371 0.0000000000
58759  -49.459  -35.405  41.064 0.0000000000
42065  -45.535  -50.233  43.812 0.0000000000
36852  -35.309  -54.126  39.960 0.0000000000
48042  -37.319  -45.688  35.794 0.0000000000
30042  -30.128  -58.640  53.240 0.0000000000
74725  -57.923  -21.403  40.543 0.0000000000
27413  -32.375  -61.669  46.114 0.0000000000
54767  -43.965  -39.850  40.470 0.0000000000
57750  -45.905  -36.563  39.164 0.0000000000
57671  -47.097  -36.405  45.069 0.0000000000
49106  -46.727  -44.941  44.393 0.0000000000
45608  -41.722  -48.337  40.054 0.0000000000
49184  -43.283  -44.064  38.613 0.0000000000
51556  -39.845  -42.053  35.730 0.0000000000
78020  -58.505  -17.748  38.348 0.0000000000
34073  -33.599  -56.619  51.119 0.0000000000
26078  -31.802  -62.641  49.533 0.0000000000
30119  -35.731  -59.784  46.847 0.0000000000
62214  -52.922  -32.842  37.946 0.0000000000
36763  -41.977  -54.392  45.502 0.0000000000
32871  -37.941  -57.720  42.635 0.0000000000
38144  -40.382  -53.392  40.975 0.0000000000
40871  -36.835  -50.776  36.737 0.0000000000
31388  -26.308  -58.314  52.375 0.0000000000
59759  -55.750  -34.150  44.145 0.0000000000
65859  -56.806  -30.379  40.097 0.0000000000
71485  -59.752  -24.270  43.216 0.0000000000
70495  -54.981  -25.723  37.943 0.0000000000
74780  -55.216  -22.165  35.406 0.0000000000
31440  -29.428  -58.690  48.165 0.0000000000
32866  -32.991  -57.133  42.969 0.0000000000
53689  -43.838  -40.273  44.263 0.0000000000
56706  -44.488  -37.568  43.860 0.0000000000
55704  -44.933  -38.387  46.764 0.0000000000
51418  -45.744  -42.878  45.351 0.0000000000
49124  -45.635  -44.543  41.836 0.0000000000
51438  -44.933  -42.501  43.002 0.0000000000
52617  -44.183  -41.791  39.332 0.0000000000
64742  -51.192  -30.265  31.533 0.0000000000
67214  -51.685  -28.231  33.704 0.0000000000
35396  -35.892  -55.574  50.153 0.0000000000
32784  -33.857  -58.143  48.907 0.0000000000
34130  -35.030  -57.038  46.484 0.0000000000
57779  -42.182  -36.566  35.212 0.0000000000
57753  -47.876  -36.252  40.365 0.0000000000
58779  -46.496  -34.984  38.018 0.0000000000
59818  -49.078  -34.438  39.639 0.0000000000
62212  -50.786  -32.625  37.987 0.0000000000
59820  -50.951  -33.931  40.192 0.0000000000
39435  -43.712  -52.903  44.564 0.0000000000
38126  -41.391  -53.989  42.549 0.0000000000
40796  -42.892  -51.734  42.409 0.0000000000
46862  -39.688  -47.156  38.230 0.0000000000
43327  -39.260  -49.784  37.878 0.0000000000
44462  -37.039  -48.769  35.637 0.0000000000
53785  -40.746  -40.431  34.979 0.0000000000
62162  -57.093  -32.621  41.298 0.0000000000
70450  -57.898  -25.615  40.530 0.0000000000
72604  -56.950  -23.457  38.978 0.0000000000
72619  -55.120  -23.491  36.821 0.0000000000
74752  -56.299  -21.941  37.608 0.0000000000
78038  -57.952  -18.767  35.673 0.0000000000
31390  -28.368  -58.292  52.881 0.0000000000
31415  -27.696  -57.890  50.604 0.0000000000
30061  -29.917  -59.080  51.310 0.0000000000
26100  -32.695  -62.504  47.738 0.0000000000
26099  -30.420  -62.950  48.363 0.0000000000
23549  -32.066  -64.083  47.327 0.0000000000
34200  -36.653  -56.223  41.164 0.0000000000
34175  -35.493  -57.292  42.252 0.0000000000
35519  -34.410  -55.926  41.287 0.0000000000
54794  -43.375  -39.653  37.687 0.0000000000
56765  -43.651  -37.726  37.891 0.0000000000
56754  -44.499  -37.875  39.934 0.0000000000
57713  -46.533  -36.794  41.864 0.0000000000
57699  -48.769  -36.538  43.426 0.0000000000
45554  -46.294  -47.554  43.844 0.0000000000
43261  -43.636  -49.517  42.024 0.0000000000
45595  -44.743  -46.816  41.760 0.0000000000
47988  -42.494  -45.757  39.478 0.0000000000
49200  -40.512  -44.629  37.567 0.0000000000
50404  -38.436  -43.617  35.785 0.0000000000
50379  -41.251  -43.386  37.394 0.0000000000
52647  -42.864  -41.684  37.042 0.0000000000
76860  -58.099  -19.568  40.144 0.0000000000
79045  -59.532  -17.056  40.577 0.0000000000
31394  -32.106  -58.450  52.316 0.0000000000
28709  -30.892  -60.900  50.648 0.0000000000
30089  -32.726  -59.762  50.220 0.0000000000
27376  -33.717  -61.285  48.746 0.0000000000
28751  -33.513  -60.931  46.711 0.0000000000
58777  -44.953  -35.579  37.467 0.0000000000
62281  -51.631  -32.183  34.888 0.0000000000
62283  -53.610  -32.168  35.425 0.0000000000
36728  -39.875  -54.511  46.426 0.0000000000
35477  -36.795  -55.898  44.701 0.0000000000
34163  -40.011  -56.196  43.023 0.0000000000
35523  -39.385  -56.063  41.576 0.0000000000
38141  -38.003  -53.921  40.321 0.0000000000
42137  -41.378  -50.710  39.715 0.0000000000
39527  -39.195  -51.724  38.784 0.0000000000
39523  -35.682  -52.118  38.737 0.0000000000
54688  -45.258  -39.145  50.267 0.0000000000
35400  -39.241  -54.748  49.294 0.0000000000
36733  -44.142  -53.423  46.343 0.0000000000
40750  -45.714  -51.694  45.618 0.0000000000
56616  -46.348  -37.054  49.310 0.0000000000
57633  -48.763  -36.457  47.217 0.0000000000
57688  -51.133  -36.268  44.895 0.0000000000
58697  -53.223  -35.355  45.738 0.0000000000
58733  -52.276  -35.124  43.060 0.0000000000
60954  -53.932  -33.622  40.341 0.0000000000
62237  -55.361  -32.263  37.831 0.0000000000
64671  -54.677  -30.771  37.287 0.0000000000
68246  -58.786  -27.630  41.861 0.0000000000
68268  -55.612  -27.737  39.257 0.0000000000
67162  -53.373  -28.627  36.984 0.0000000000
70516  -53.215  -25.585  35.615 0.0000000000
76889  -56.572  -20.042  36.737 0.0000000000
31425  -25.942  -58.252  49.552 0.0000000000
31474  -28.634  -58.929  46.323 0.0000000000
28732  -30.239  -60.797  49.112 0.0000000000
28740  -29.749  -60.606  47.576 0.0000000000
31517  -36.560  -58.520  44.286 0.0000000000
31514  -34.252  -58.737  44.803 0.0000000000
31512  -32.435  -59.107  44.672 0.0000000000
31545  -31.046  -58.322  42.600 0.0000000000
53679  -44.377  -40.509  45.554 0.0000000000
54727  -44.069  -39.417  45.653 0.0000000000
54717  -44.716  -39.351  46.791 0.0000000000
52545  -45.498  -41.794  46.597 0.0000000000
51428  -45.424  -43.013  44.481 0.0000000000
52552  -44.776  -41.359  45.218 0.0000000000
53700  -44.028  -41.072  43.867 0.0000000000
63537  -52.615  -31.511  33.476 0.0000000000
64727  -52.129  -30.390  33.116 0.0000000000
65977  -51.389  -29.403  32.370 0.0000000000
65967  -52.105  -29.328  33.698 0.0000000000
35416  -36.701  -55.506  48.909 0.0000000000
34103  -34.999  -56.128  48.365 0.0000000000
35436  -36.613  -55.283  47.727 0.0000000000
56782  -41.531  -38.194  34.893 0.0000000000
56783  -42.009  -37.593  35.410 0.0000000000
58758  -48.708  -36.007  41.180 0.0000000000
58767  -48.426  -35.662  40.163 0.0000000000
58768  -49.394  -34.849  40.284 0.0000000000
59819  -50.067  -34.181  39.906 0.0000000000
59805  -50.194  -34.627  40.590 0.0000000000
39452  -44.318  -52.082  44.108 0.0000000000
39475  -42.709  -52.644  43.079 0.0000000000
40797  -43.766  -51.100  42.580 0.0000000000
46882  -38.345  -46.623  36.835 0.0000000000
45654  -38.565  -47.977  37.203 0.0000000000
45670  -37.098  -47.789  35.731 0.0000000000
44461  -36.569  -48.464  35.038 0.0000000000
54817  -42.175  -39.589  35.586 0.0000000000
53809  -40.362  -39.988  34.418 0.0000000000
54838  -41.130  -39.244  34.491 0.0000000000
72578  -58.090  -23.513  40.334 0.0000000000
73681  -57.473  -22.656  39.353 0.0000000000
73694  -56.913  -22.527  38.498 0.0000000000
74734  -57.286  -21.328  38.899 0.0000000000
30041  -29.791  -58.613  53.229 0.0000000000
31404  -29.172  -58.516  52.102 0.0000000000
30049  -29.966  -58.980  52.573 0.0000000000
27399  -32.895  -61.663  47.045 0.0000000000
24868  -32.087  -63.530  47.956 0.0000000000
26111  -32.466  -62.717  46.652 0.0000000000
24887  -32.141  -63.781  46.134 0.0000000000
26122  -32.069  -62.634  45.427 0.0000000000
36841  -35.876  -54.768  40.394 0.0000000000
35536  -35.336  -55.698  40.888 0.0000000000
36840  -34.835  -54.841  40.288 0.0000000000
54778  -44.015  -39.720  39.256 0.0000000000
55777  -43.943  -38.532  39.339 0.0000000000
55769  -44.041  -38.769  40.231 0.0000000000
56696  -45.195  -37.026  44.284 0.0000000000
56707  -45.231  -37.142  43.211 0.0000000000
57682  -46.022  -36.665  43.580 0.0000000000
57714  -47.637  -36.546  42.268 0.0000000000
57684  -48.016  -36.516  44.146 0.0000000000
46773  -46.788  -46.593  44.021 0.0000000000
45553  -45.671  -47.479  43.193 0.0000000000
46788  -45.678  -46.390  42.853 0.0000000000
49156  -44.541  -44.219  40.390 0.0000000000
47970  -44.180  -45.203  40.413 0.0000000000
47989  -43.566  -44.891  39.539 0.0000000000
48008  -41.841  -45.255  38.572 0.0000000000
49202  -42.164  -44.256  38.115 0.0000000000
49213  -40.704  -44.017  37.360 0.0000000000
50381  -42.973  -43.443  38.115 0.0000000000
53727  -44.091  -40.862  39.806 0.0000000000
52649  -43.707  -41.848  38.179 0.0000000000
53747  -43.783  -41.016  38.465 0.0000000000
53757  -43.262  -40.569  37.204 0.0000000000
32755  -32.943  -57.195  51.469 0.0000000000
30076  -32.334  -59.523  51.031 0.0000000000
31417  -32.695  -58.755  50.630 0.0000000000
31442  -34.658  -58.985  47.791 0.0000000000
30105  -34.615  -59.777  48.290 0.0000000000
28741  -34.865  -60.486  47.449 0.0000000000
27401  -34.300  -60.823  47.481 0.0000000000
28752  -34.696  -60.656  46.864 0.0000000000
57757  -44.856  -36.604  38.378 0.0000000000
57772  -44.051  -36.204  37.285 0.0000000000
57764  -45.249  -36.148  38.122 0.0000000000
59836  -47.374  -33.950  38.368 0.0000000000
59834  -46.013  -34.422  37.583 0.0000000000
61007  -46.693  -33.462  37.373 0.0000000000
62213  -51.881  -32.661  37.965 0.0000000000
62233  -51.742  -32.372  37.069 0.0000000000
62259  -52.743  -32.317  36.130 0.0000000000
62282  -52.558  -32.361  35.092 0.0000000000
62260  -53.813  -32.457  36.292 0.0000000000
36762  -41.190  -54.480  45.461 0.0000000000
36789  -39.867  -54.627  44.597 0.0000000000
35491  -40.786  -54.864  43.715 0.0000000000
38134  -41.211  -53.526  41.795 0.0000000000
36831  -40.708  -55.030  42.130 0.0000000000
36845  -39.905  -54.268  41.327 0.0000000000
36843  -38.165  -54.769  40.765 0.0000000000
38154  -39.356  -53.003  40.182 0.0000000000
43293  -42.861  -49.112  40.995 0.0000000000
43276  -42.501  -50.096  41.271 0.0000000000
43291  -41.617  -49.732  40.173 0.0000000000
42153  -37.933  -50.363  37.053 0.0000000000
40862  -38.991  -51.088  38.188 0.0000000000
40848  -38.193  -51.418  38.173 0.0000000000
39525  -37.728  -51.835  38.869 0.0000000000
50405  -39.157  -43.274  35.989 0.0000000000
38066  -44.735  -53.087  45.796 0.0000000000
45523  -47.499  -47.497  45.678 0.0000000000
56598  -45.715  -37.678  49.978 0.0000000000
57597  -49.333  -36.344  48.705 0.0000000000
56653  -50.657  -36.439  47.717 0.0000000000
57674  -50.046  -36.481  45.386 0.0000000000
57654  -51.082  -36.445  46.330 0.0000000000
58698  -54.057  -34.843  45.363 0.0000000000
58708  -53.178  -35.287  44.795 0.0000000000
58721  -54.188  -34.641  43.357 0.0000000000
59794  -53.329  -34.362  41.480 0.0000000000
59796  -54.821  -33.882  41.615 0.0000000000
63435  -56.939  -31.776  40.412 0.0000000000
62199  -55.710  -32.611  39.796 0.0000000000
63455  -56.180  -31.788  39.000 0.0000000000
63462  -55.437  -31.721  37.580 0.0000000000
64658  -55.503  -31.029  38.410 0.0000000000
70443  -59.476  -26.085  42.517 0.0000000000
70459  -56.257  -25.814  39.349 0.0000000000
69372  -56.559  -26.513  39.797 0.0000000000
69371  -55.750  -26.740  39.205 0.0000000000
68282  -54.558  -27.945  38.202 0.0000000000
69404  -54.377  -26.756  37.568 0.0000000000
69418  -53.188  -26.537  36.131 0.0000000000
70494  -54.213  -25.808  37.205 0.0000000000
73710  -55.066  -22.900  36.113 0.0000000000
72631  -54.297  -23.303  35.294 0.0000000000
72642  -54.226  -23.081  34.312 0.0000000000
78011  -58.050  -18.651  39.212 0.0000000000
76870  -57.351  -19.681  38.756 0.0000000000
78019  -57.722  -18.605  37.956 0.0000000000
31428  -29.160  -58.582  49.308 0.0000000000
31438  -27.406  -57.922  48.470 0.0000000000
31439  -28.504  -58.182  48.362 0.0000000000
31473  -27.889  -58.334  46.547 0.0000000000
31456  -29.290  -59.125  47.205 0.0000000000
27352  -31.366  -61.564  50.283 0.0000000000
28721  -30.401  -61.018  49.919 0.0000000000
26077  -31.048  -62.497  49.499 0.0000000000
27386  -30.183  -62.381  48.140 0.0000000000
24875  -29.854  -63.447  46.390 0.0000000000
34160  -38.393  -57.131  43.201 0.0000000000
34150  -36.978  -57.313  44.270 0.0000000000
31537  -37.332  -58.167  43.356 0.0000000000
32867  -34.064  -57.286  42.920 0.0000000000
32850  -35.414  -58.098  43.310 0.0000000000
31532  -33.688  -58.303  44.185 0.0000000000
31513  -33.133  -58.866  45.033 0.0000000000
32847  -32.378  -57.816  43.325 0.0000000000
30183  -31.077  -59.099  42.945 0.0000000000
54756  -43.718  -39.938  42.083 0.0000000000
55749  -44.143  -38.547  42.527 0.0000000000
55725  -43.815  -38.927  44.096 0.0000000000
56695  -44.674  -37.764  44.878 0.0000000000
57649  -46.001  -36.688  46.229 0.0000000000
50281  -46.572  -44.177  44.531 0.0000000000
49116  -46.392  -44.837  43.448 0.0000000000
50292  -45.891  -43.700  43.252 0.0000000000
51460  -45.349  -43.219  41.841 0.0000000000
51480  -44.893  -42.780  40.557 0.0000000000
51491  -44.482  -42.681  39.671 0.0000000000
52587  -44.422  -41.953  41.360 0.0000000000
52586  -43.940  -41.250  41.479 0.0000000000
69468  -51.044  -26.792  32.327 0.0000000000
34075  -35.345  -55.826  50.578 0.0000000000
32777  -33.516  -57.636  49.631 0.0000000000
34102  -34.315  -56.687  48.671 0.0000000000
34117  -34.418  -57.001  47.530 0.0000000000
31476  -35.444  -58.924  46.654 0.0000000000
57745  -46.709  -36.510  40.206 0.0000000000
57759  -46.264  -36.244  38.887 0.0000000000
58766  -47.345  -35.694  39.358 0.0000000000
59829  -47.806  -34.182  38.841 0.0000000000
60987  -47.906  -33.519  38.432 0.0000000000
62210  -48.920  -32.646  38.043 0.0000000000
60989  -49.871  -33.109  38.696 0.0000000000
60990  -50.886  -33.005  38.759 0.0000000000
60991  -51.940  -33.025  38.797 0.0000000000
36793  -43.108  -53.691  45.087 0.0000000000
36812  -41.364  -54.560  43.845 0.0000000000
38104  -42.625  -53.406  43.615 0.0000000000
38127  -42.029  -53.348  42.767 0.0000000000
39502  -41.188  -52.605  41.070 0.0000000000
45646  -40.351  -47.935  38.719 0.0000000000
44438  -40.251  -49.117  38.949 0.0000000000
44445  -39.110  -48.813  37.735 0.0000000000
43335  -38.171  -49.624  36.850 0.0000000000
42182  -36.912  -49.918  35.920 0.0000000000
42181  -36.212  -49.872  35.901 0.0000000000
43359  -36.290  -49.140  34.741 0.0000000000
52679  -40.132  -41.182  35.259 0.0000000000
52697  -40.031  -40.556  34.732 0.0000000000
59745  -56.340  -33.294  44.733 0.0000000000
59784  -56.057  -33.775  42.966 0.0000000000
60885  -57.255  -32.589  43.914 0.0000000000
63423  -58.107  -32.078  41.933 0.0000000000
65846  -57.852  -30.500  41.235 0.0000000000
72569  -59.126  -23.529  42.424 0.0000000000
70442  -59.242  -25.262  42.265 0.0000000000
71503  -58.817  -24.301  41.530 0.0000000000
71511  -57.280  -24.365  39.605 0.0000000000
71527  -56.547  -24.389  38.800 0.0000000000
71540  -55.300  -24.428  37.577 0.0000000000
72612  -56.126  -23.425  37.956 0.0000000000
73702  -55.872  -22.509  37.249 0.0000000000
74759  -55.782  -21.917  36.902 0.0000000000
79071  -58.895  -17.201  37.272 0.0000000000
78030  -58.199  -17.881  37.096 0.0000000000
79084  -58.728  -17.490  36.270 0.0000000000
31389  -27.339  -58.178  52.622 0.0000000000
31402  -26.999  -57.973  51.566 0.0000000000
31403  -28.167  -58.042  51.772 0.0000000000
31416  -28.930  -58.411  50.685 0.0000000000
30087  -29.832  -59.333  48.999 0.0000000000
24857  -32.132  -62.974  48.794 0.0000000000
26087  -30.836  -62.992  48.958 0.0000000000
24856  -31.509  -63.300  48.623 0.0000000000
24867  -31.381  -63.883  47.891 0.0000000000
23547  -31.165  -64.535  47.215 0.0000000000
24876  -30.470  -64.106  46.835 0.0000000000
23559  -32.016  -64.378  46.691 0.0000000000
34188  -37.871  -56.896  41.585 0.0000000000
32870  -37.379  -57.939  42.525 0.0000000000
32885  -36.569  -57.287  41.858 0.0000000000
34185  -34.591  -56.496  41.724 0.0000000000
34184  -33.653  -56.281  41.733 0.0000000000
54800  -42.511  -39.572  36.103 0.0000000000
56774  -43.026  -37.678  36.890 0.0000000000
55784  -43.227  -38.680  37.355 0.0000000000
56761  -44.216  -37.590  38.798 0.0000000000
56755  -45.277  -37.090  39.673 0.0000000000
56734  -44.642  -38.039  41.898 0.0000000000
56735  -45.251  -37.547  41.422 0.0000000000
56747  -45.986  -36.918  40.425 0.0000000000
57733  -47.478  -36.562  41.398 0.0000000000
57734  -48.454  -36.330  41.744 0.0000000000
57735  -49.249  -36.259  42.306 0.0000000000
43240  -45.913  -49.282  44.040 0.0000000000
42083  -44.495  -50.254  42.809 0.0000000000
44375  -45.186  -48.383  43.004 0.0000000000
44393  -43.971  -48.083  42.107 0.0000000000
45610  -43.411  -47.586  40.730 0.0000000000
47933  -45.665  -45.407  42.235 0.0000000000
46830  -43.655  -46.432  40.614 0.0000000000
45631  -41.904  -47.237  39.790 0.0000000000
46864  -41.279  -46.222  38.845 0.0000000000
46875  -40.131  -46.096  38.085 0.0000000000
48032  -38.691  -45.399  36.775 0.0000000000
49221  -37.882  -44.639  35.944 0.0000000000
49211  -39.051  -44.436  36.666 0.0000000000
50390  -39.660  -43.461  36.536 0.0000000000
51538  -40.531  -42.392  36.454 0.0000000000
51526  -43.474  -42.477  38.104 0.0000000000
51540  -42.390  -42.061  36.919 0.0000000000
52660  -41.388  -41.457  36.205 0.0000000000
52681  -41.943  -40.733  35.831 0.0000000000
53766  -42.488  -40.256  36.098 0.0000000000
76851  -58.428  -19.762  40.873 0.0000000000
76852  -58.736  -19.238  41.035 0.0000000000
78002  -59.000  -18.072  40.631 0.0000000000
79044  -59.279  -17.413  39.881 0.0000000000
79064  -59.613  -16.672  38.418 0.0000000000
80124  -60.332  -15.810  37.613 0.0000000000
30051  -31.398  -59.009  52.592 0.0000000000
30062  -30.652  -59.732  51.629 0.0000000000
28697  -31.748  -60.106  51.312 0.0000000000
28710  -31.581  -60.808  50.728 0.0000000000
26070  -32.341  -61.867  49.899 0.0000000000
31430  -33.453  -58.863  49.239 0.0000000000
28723  -33.624  -60.627  49.183 0.0000000000
26079  -32.644  -62.312  49.358 0.0000000000
26090  -33.218  -62.068  48.536 0.0000000000
27387  -33.290  -61.727  47.682 0.0000000000
28750  -32.876  -61.237  46.499 0.0000000000
57770  -42.602  -36.616  36.135 0.0000000000
58786  -43.125  -35.630  36.334 0.0000000000
58778  -45.692  -35.606  37.915 0.0000000000
62300  -53.208  -32.172  34.344 0.0000000000
63527  -53.452  -31.421  34.340 0.0000000000
35438  -38.934  -54.798  47.876 0.0000000000
35458  -37.332  -54.869  46.571 0.0000000000
36759  -38.484  -54.636  45.362 0.0000000000
35489  -39.068  -55.255  43.891 0.0000000000
32873  -39.236  -57.054  42.434 0.0000000000
35511  -40.572  -55.635  42.644 0.0000000000
34191  -39.756  -56.634  42.287 0.0000000000
34189  -38.754  -56.991  41.742 0.0000000000
35539  -38.373  -55.597  41.273 0.0000000000
36842  -37.070  -54.480  40.370 0.0000000000
36853  -36.256  -53.957  40.068 0.0000000000
42100  -43.321  -50.523  41.851 0.0000000000
40832  -42.081  -51.307  41.027 0.0000000000
40830  -40.834  -51.891  40.173 0.0000000000
42136  -40.675  -50.442  39.228 0.0000000000
40851  -40.030  -51.342  38.855 0.0000000000
39512  -40.030  -52.250  39.845 0.0000000000
39510  -38.117  -52.476  39.414 0.0000000000
39509  -37.166  -52.569  39.397 0.0000000000
50402  -36.882  -44.070  35.065 0.0000000000
53657  -45.477  -40.643  47.808 0.0000000000
54696  -45.366  -39.257  49.126 0.0000000000
31376  -27.485  -58.077  53.617 0.0000000000
31379  -30.492  -58.173  53.700 0.0000000000
32741  -31.768  -57.465  53.128 0.0000000000
32742  -32.256  -57.331  52.632 0.0000000000
34064  -35.985  -56.032  51.120 0.0000000000
35380  -37.262  -55.331  50.485 0.0000000000
35398  -37.515  -55.415  49.676 0.0000000000
35418  -38.604  -54.970  48.605 0.0000000000
35439  -39.636  -54.593  47.850 0.0000000000
36709  -40.875  -54.435  47.288 0.0000000000
36731  -42.330  -54.262  46.450 0.0000000000
36732  -43.286  -53.807  46.549 0.0000000000
36764  -42.797  -54.023  45.653 0.0000000000
36794  -43.735  -53.448  45.227 0.0000000000
39437  -45.100  -52.092  45.112 0.0000000000
40773  -45.398  -51.332  44.786 0.0000000000
42066  -46.128  -49.888  44.368 0.0000000000
44354  -46.356  -48.466  44.315 0.0000000000
46758  -47.224  -46.856  44.559 0.0000000000
51397  -45.941  -42.479  47.054 0.0000000000
55681  -45.308  -38.172  48.309 0.0000000000
56632  -45.710  -37.333  48.146 0.0000000000
56652  -46.738  -36.773  47.773 0.0000000000
56618  -47.866  -36.494  49.739 0.0000000000
57612  -48.101  -36.428  48.166 0.0000000000
57651  -48.441  -36.377  46.280 0.0000000000
57673  -49.199  -36.423  45.296 0.0000000000
57700  -49.600  -36.511  43.641 0.0000000000
58731  -50.450  -36.049  42.822 0.0000000000
57677  -51.974  -35.764  45.881 0.0000000000
58718  -51.294  -36.035  43.823 0.0000000000
58749  -51.650  -35.202  42.261 0.0000000000
59807  -52.168  -34.212  40.770 0.0000000000
60952  -52.413  -33.756  40.101 0.0000000000
60993  -53.919  -33.252  38.816 0.0000000000
60956  -55.733  -33.152  40.578 0.0000000000
60994  -54.726  -33.149  39.057 0.0000000000
62236  -54.682  -32.436  37.475 0.0000000000
62261  -54.631  -32.183  36.677 0.0000000000
64685  -54.530  -31.080  36.378 0.0000000000
64684  -53.980  -30.549  36.222 0.0000000000
67070  -58.970  -28.806  42.658 0.0000000000
67110  -57.917  -28.968  41.144 0.0000000000
69363  -58.287  -26.564  41.238 0.0000000000
68256  -57.275  -27.629  40.490 0.0000000000
67127  -56.261  -28.976  39.706 0.0000000000
67144  -54.813  -29.093  38.734 0.0000000000
67163  -53.889  -29.035  37.545 0.0000000000
67204  -52.696  -29.079  35.490 0.0000000000
67184  -52.631  -28.335  35.661 0.0000000000
69436  -51.851  -26.701  33.992 0.0000000000
70539  -52.224  -25.621  33.436 0.0000000000
71546  -53.996  -24.834  36.156 0.0000000000
71558  -52.852  -24.972  34.831 0.0000000000
71584  -52.688  -24.854  32.876 0.0000000000
75770  -57.245  -20.353  38.903 0.0000000000
76878  -56.751  -20.305  37.930 0.0000000000
75797  -56.013  -20.750  36.005 0.0000000000
76890  -57.228  -19.307  36.241 0.0000000000
75806  -56.488  -20.549  34.938 0.0000000000
74782  -56.073  -21.219  34.458 0.0000000000
31426  -27.016  -57.871  49.531 0.0000000000
30075  -30.331  -60.052  50.614 0.0000000000
30088  -30.212  -60.063  49.608 0.0000000000
30103  -30.123  -60.119  48.802 0.0000000000
27375  -30.455  -61.845  48.802 0.0000000000
28731  -29.950  -60.907  48.360 0.0000000000
30102  -29.836  -59.733  47.995 0.0000000000
30132  -29.347  -60.091  46.247 0.0000000000
35476  -35.894  -56.387  45.762 0.0000000000
34140  -35.837  -57.674  45.795 0.0000000000
31497  -35.911  -58.983  46.063 0.0000000000
31535  -36.618  -58.407  43.460 0.0000000000
30164  -35.819  -59.349  44.906 0.0000000000
30148  -35.308  -59.462  45.520 0.0000000000
30147  -34.420  -59.705  45.641 0.0000000000
30146  -33.303  -59.752  45.428 0.0000000000
28777  -32.326  -60.311  45.081 0.0000000000
35517  -32.553  -55.647  41.101 0.0000000000
34171  -32.050  -56.632  42.072 0.0000000000
32865  -31.815  -57.320  42.720 0.0000000000
31546  -31.621  -58.365  43.273 0.0000000000
28781  -31.444  -60.319  43.995 0.0000000000
27424  -31.779  -61.163  44.680 0.0000000000
53669  -44.743  -40.191  46.345 0.0000000000
54718  -44.974  -40.093  47.154 0.0000000000
52553  -45.343  -41.963  45.715 0.0000000000
53680  -45.068  -41.068  46.026 0.0000000000
64729  -52.857  -30.860  33.961 0.0000000000
64735  -52.279  -30.858  33.062 0.0000000000
64728  -52.403  -30.608  33.626 0.0000000000
65966  -51.916  -29.850  33.133 0.0000000000
65952  -52.538  -29.732  34.463 0.0000000000
58760  -50.436  -35.043  41.227 0.0000000000
40784  -44.940  -51.267  43.840 0.0000000000
40783  -44.089  -51.707  43.401 0.0000000000
40798  -44.450  -50.980  43.165 0.0000000000
45662  -37.704  -47.555  36.376 0.0000000000
54816  -41.513  -39.283  34.921 0.0000000000
55803  -41.503  -38.722  34.862 0.0000000000
55821  -41.183  -38.616  34.274 0.0000000000
73669  -57.897  -22.383  40.330 0.0000000000
74735  -57.587  -21.679  39.337 0.0000000000
27412  -32.059  -61.707  45.317 0.0000000000
55761  -44.024  -38.952  41.441 0.0000000000
57670  -46.044  -36.607  44.749 0.0000000000
57683  -46.988  -36.482  43.901 0.0000000000
47926  -47.101  -45.950  44.243 0.0000000000
46789  -46.323  -46.167  43.438 0.0000000000
47925  -46.686  -45.624  43.834 0.0000000000
49186  -44.205  -43.932  39.343 0.0000000000
49170  -43.976  -44.431  39.529 0.0000000000
48010  -43.439  -44.446  39.058 0.0000000000
49183  -42.583  -44.482  38.515 0.0000000000
50363  -43.438  -43.523  38.459 0.0000000000
53737  -43.915  -40.932  38.999 0.0000000000
54787  -43.918  -40.394  38.596 0.0000000000
32766  -32.699  -58.037  51.249 0.0000000000
32767  -33.093  -57.606  50.604 0.0000000000
30118  -35.246  -59.813  47.468 0.0000000000
28742  -35.442  -60.321  47.071 0.0000000000
28753  -35.506  -60.115  46.564 0.0000000000
56762  -45.186  -36.786  38.924 0.0000000000
57758  -45.754  -36.233  38.514 0.0000000000
61008  -47.558  -33.326  37.862 0.0000000000
62234  -52.877  -32.560  37.069 0.0000000000
36790  -40.715  -54.632  44.537 0.0000000000
36791  -41.388  -54.549  44.466 0.0000000000
38145  -40.802  -53.400  41.361 0.0000000000
38133  -40.464  -54.130  41.602 0.0000000000
38143  -39.627  -53.740  40.793 0.0000000000
38155  -40.020  -52.999  40.404 0.0000000000
44407  -42.727  -48.595  40.674 0.0000000000
43292  -42.288  -49.632  40.856 0.0000000000
44406  -42.037  -48.834  40.282 0.0000000000
40860  -37.813  -50.855  37.371 0.0000000000
40872  -37.319  -50.773  36.935 0.0000000000
40847  -37.333  -51.403  38.105 0.0000000000
40859  -36.977  -51.143  37.306 0.0000000000
51537  -39.651  -42.783  36.019 0.0000000000
52677  -38.450  -42.211  35.046 0.0000000000
57635  -50.662  -36.425  47.148 0.0000000000
59743  -55.000  -34.410  44.797 0.0000000000
58709  -54.074  -34.731  44.322 0.0000000000
59758  -54.989  -34.486  43.822 0.0000000000
58735  -54.350  -34.438  42.665 0.0000000000
59771  -54.985  -34.343  42.967 0.0000000000
64634  -56.976  -31.024  40.163 0.0000000000
63445  -56.443  -31.642  39.754 0.0000000000
64646  -56.432  -31.023  39.499 0.0000000000
64659  -55.985  -31.340  38.852 0.0000000000
64645  -56.013  -30.727  39.149 0.0000000000
71475  -59.389  -24.322  43.559 0.0000000000
70426  -59.466  -25.180  43.417 0.0000000000
69345  -59.672  -26.560  42.838 0.0000000000
70434  -59.786  -25.342  42.931 0.0000000000
70476  -55.680  -25.833  38.788 0.0000000000
70458  -55.838  -26.083  39.175 0.0000000000
69405  -54.838  -26.596  37.993 0.0000000000
74769  -55.351  -22.278  35.726 0.0000000000
73719  -55.025  -22.669  35.739 0.0000000000
73729  -54.781  -22.444  34.839 0.0000000000
73730  -55.224  -22.140  34.249 0.0000000000
31401  -25.976  -58.325  51.380 0.0000000000
31455  -28.664  -58.443  47.308 0.0000000000
27363  -31.390  -62.194  49.949 0.0000000000
27362  -30.840  -61.754  50.032 0.0000000000
32852  -37.947  -57.692  43.068 0.0000000000
31549  -37.544  -58.119  43.083 0.0000000000
32849  -34.391  -57.855  43.485 0.0000000000
32848  -33.285  -57.766  43.543 0.0000000000
54749  -43.653  -39.800  42.864 0.0000000000
55736  -43.887  -39.078  43.178 0.0000000000
54742  -43.729  -39.655  43.754 0.0000000000
55703  -44.523  -38.500  46.335 0.0000000000
55717  -44.203  -38.442  45.394 0.0000000000
56670  -44.739  -38.084  46.219 0.0000000000
56687  -45.160  -37.158  45.435 0.0000000000
56671  -45.054  -37.780  46.455 0.0000000000
50269  -46.419  -43.755  45.277 0.0000000000
50293  -46.409  -44.194  43.770 0.0000000000
50268  -45.888  -43.352  44.825 0.0000000000
51427  -44.887  -42.438  43.959 0.0000000000
51439  -45.358  -43.149  43.587 0.0000000000
51448  -45.058  -42.519  42.077 0.0000000000
51481  -45.240  -43.292  41.137 0.0000000000
51459  -45.113  -42.720  41.346 0.0000000000
52579  -44.524  -41.846  42.459 0.0000000000
52568  -44.002  -41.202  42.942 0.0000000000
53699  -43.739  -40.436  43.370 0.0000000000
53713  -43.819  -40.655  41.715 0.0000000000
64734  -51.941  -30.648  32.642 0.0000000000
67228  -51.624  -28.580  33.263 0.0000000000
68354  -51.225  -27.524  32.857 0.0000000000
34089  -34.243  -56.543  49.768 0.0000000000
34090  -35.023  -55.904  49.442 0.0000000000
34118  -34.928  -56.163  47.372 0.0000000000
34129  -34.631  -57.553  46.937 0.0000000000
57790  -41.831  -36.651  34.711 0.0000000000
57752  -47.447  -36.212  39.964 0.0000000000
59817  -48.055  -34.847  39.390 0.0000000000
59830  -48.544  -34.077  39.191 0.0000000000
60988  -48.761  -33.331  38.625 0.0000000000
60969  -49.214  -33.687  39.150 0.0000000000
60970  -49.966  -33.586  39.350 0.0000000000
60971  -50.943  -33.464  39.492 0.0000000000
60972  -51.992  -33.491  39.624 0.0000000000
38081  -43.511  -53.256  44.698 0.0000000000
38080  -42.775  -53.737  44.364 0.0000000000
38105  -43.084  -53.308  44.178 0.0000000000
39476  -43.429  -52.004  43.031 0.0000000000
39493  -41.887  -52.541  41.995 0.0000000000
45645  -39.519  -48.119  38.165 0.0000000000
44453  -37.574  -48.584  36.206 0.0000000000
44444  -38.525  -48.675  37.164 0.0000000000
44454  -38.055  -48.892  36.637 0.0000000000
43334  -37.733  -49.393  36.392 0.0000000000
43347  -37.263  -49.424  35.962 0.0000000000
43346  -36.648  -49.363  35.406 0.0000000000
52680  -41.081  -40.895  35.609 0.0000000000
60868  -56.588  -32.958  45.144 0.0000000000
60884  -56.733  -33.049  44.413 0.0000000000
64593  -58.636  -30.753  43.716 0.0000000000
63397  -58.199  -31.472  43.338 0.0000000000
64607  -58.548  -30.615  42.838 0.0000000000
64624  -58.185  -31.346  41.978 0.0000000000
73661  -58.555  -22.886  41.853 0.0000000000
73653  -58.167  -22.410  42.112 0.0000000000
73654  -58.678  -23.152  42.363 0.0000000000
72579  -58.639  -23.371  41.459 0.0000000000
72587  -57.318  -23.468  39.364 0.0000000000
71528  -56.963  -23.833  39.021 0.0000000000
72602  -55.982  -23.974  38.123 0.0000000000
72603  -56.595  -23.441  38.513 0.0000000000
74743  -57.107  -21.675  38.491 0.0000000000
73703  -56.258  -22.891  37.850 0.0000000000
74751  -55.963  -22.122  37.259 0.0000000000
74760  -56.022  -21.582  37.131 0.0000000000
79072  -59.669  -16.502  37.414 0.0000000000
30074  -29.746  -59.249  50.117 0.0000000000
26089  -32.523  -62.695  48.492 0.0000000000
23548  -31.786  -64.324  47.282 0.0000000000
34201  -37.363  -56.347  41.365 0.0000000000
34187  -36.918  -56.873  41.555 0.0000000000
35520  -35.040  -56.212  41.357 0.0000000000
54801  -42.815  -39.615  36.782 0.0000000000
55781  -43.823  -38.420  38.826 0.0000000000
56718  -44.587  -37.768  42.848 0.0000000000
57696  -45.945  -36.815  42.596 0.0000000000
56719  -45.337  -37.369  42.230 0.0000000000
56720  -45.782  -37.164  41.721 0.0000000000
56736  -45.952  -37.173  41.168 0.0000000000
57732  -46.692  -36.769  40.963 0.0000000000
57698  -47.837  -36.526  43.167 0.0000000000
57715  -48.574  -36.462  42.626 0.0000000000
44353  -45.794  -48.416  43.629 0.0000000000
43239  -45.398  -49.290  43.411 0.0000000000
45573  -44.933  -47.347  42.348 0.0000000000
45572  -44.360  -47.764  42.132 0.0000000000
45593  -43.630  -48.016  41.207 0.0000000000
45594  -44.163  -47.365  41.493 0.0000000000
49125  -46.056  -44.709  42.624 0.0000000000
47969  -43.219  -45.813  40.162 0.0000000000
47944  -44.469  -45.739  41.047 0.0000000000
46829  -43.013  -46.783  40.202 0.0000000000
47968  -42.745  -46.250  39.987 0.0000000000
46845  -41.700  -46.660  39.422 0.0000000000
47987  -41.779  -45.923  39.118 0.0000000000
48023  -40.817  -45.129  38.064 0.0000000000
48007  -40.906  -45.856  38.424 0.0000000000
48022  -39.852  -45.378  37.517 0.0000000000
46883  -39.095  -45.814  37.138 0.0000000000
48033  -39.254  -45.037  37.161 0.0000000000
49212  -39.930  -44.337  37.129 0.0000000000
50391  -40.512  -43.366  37.030 0.0000000000
51523  -41.136  -42.716  37.054 0.0000000000
51508  -44.147  -42.590  38.904 0.0000000000
51507  -43.780  -42.757  38.552 0.0000000000
51527  -43.827  -42.248  38.491 0.0000000000
52648  -43.404  -41.534  37.573 0.0000000000
51525  -42.765  -42.467  37.498 0.0000000000
51539  -41.675  -42.110  36.677 0.0000000000
52661  -42.424  -41.286  36.470 0.0000000000
53767  -42.856  -40.605  36.662 0.0000000000
78003  -59.167  -17.723  41.148 0.0000000000
79054  -59.711  -16.591  39.403 0.0000000000
79055  -59.941  -15.996  39.027 0.0000000000
79073  -59.886  -16.322  37.978 0.0000000000
80113  -60.305  -15.725  38.632 0.0000000000
30052  -31.748  -58.812  52.505 0.0000000000
30063  -31.292  -59.613  51.940 0.0000000000
30064  -31.942  -59.339  51.880 0.0000000000
28698  -32.080  -59.885  51.220 0.0000000000
28711  -32.268  -60.470  50.560 0.0000000000
27353  -32.035  -61.412  50.232 0.0000000000
27364  -32.555  -61.368  49.819 0.0000000000
32778  -33.873  -57.315  48.966 0.0000000000
28733  -34.206  -60.492  48.609 0.0000000000
27365  -33.198  -61.404  49.346 0.0000000000
26080  -33.321  -61.875  49.056 0.0000000000
27388  -33.779  -61.317  48.007 0.0000000000
27400  -33.756  -61.156  47.335 0.0000000000
57762  -43.774  -36.793  37.506 0.0000000000
57763  -44.638  -36.165  37.709 0.0000000000
58787  -44.232  -35.496  37.001 0.0000000000
58773  -46.547  -35.669  38.682 0.0000000000
58772  -46.015  -35.868  38.340 0.0000000000
61006  -45.942  -33.672  37.163 0.0000000000
62211  -49.735  -32.623  38.069 0.0000000000
62232  -50.586  -32.260  37.215 0.0000000000
62258  -51.413  -31.936  36.036 0.0000000000
63503  -53.641  -31.616  35.010 0.0000000000
36707  -39.351  -54.495  47.232 0.0000000000
36706  -38.564  -54.556  47.156 0.0000000000
36727  -38.962  -54.540  46.391 0.0000000000
35490  -40.173  -55.092  43.770 0.0000000000
36788  -39.108  -54.653  44.755 0.0000000000
35501  -39.782  -55.937  43.295 0.0000000000
35500  -39.034  -56.362  43.259 0.0000000000
34162  -39.448  -56.695  42.800 0.0000000000
36823  -41.117  -54.625  43.092 0.0000000000
36830  -39.967  -55.232  41.586 0.0000000000
35525  -40.392  -56.053  42.158 0.0000000000
35524  -40.084  -56.139  41.847 0.0000000000
34190  -39.407  -56.879  41.945 0.0000000000
35522  -38.583  -56.302  41.485 0.0000000000
35540  -38.916  -55.771  41.428 0.0000000000
36854  -36.869  -53.778  40.021 0.0000000000
43262  -44.175  -49.423  42.516 0.0000000000
42082  -43.874  -50.184  42.367 0.0000000000
42119  -41.801  -50.446  40.457 0.0000000000
42120  -42.221  -50.681  41.012 0.0000000000
40831  -41.633  -51.389  40.476 0.0000000000
40836  -41.183  -51.380  39.829 0.0000000000
43322  -39.764  -49.687  38.507 0.0000000000
43311  -40.594  -49.697  39.241 0.0000000000
43323  -40.147  -50.074  38.880 0.0000000000
40849  -38.858  -51.397  38.366 0.0000000000
40850  -39.487  -51.202  38.508 0.0000000000
40834  -39.766  -51.733  39.065 0.0000000000
39511  -39.108  -52.302  39.399 0.0000000000
39526  -38.580  -51.848  38.808 0.0000000000
39524  -36.727  -51.819  38.950 0.0000000000
39508  -36.215  -52.736  39.241 0.0000000000
49222  -38.539  -44.251  36.228 0.0000000000
49220  -37.091  -44.767  35.402 0.0000000000
50403  -37.538  -43.819  35.353 0.0000000000
32728  -31.367  -57.202  53.492 0.0000000000
34063  -35.283  -55.762  51.345 0.0000000000
35419  -39.543  -54.740  48.540 0.0000000000
36730  -41.503  -54.414  46.405 0.0000000000
36710  -41.657  -54.355  47.328 0.0000000000
38051  -43.931  -53.392  46.720 0.0000000000
36712  -43.080  -53.801  47.161 0.0000000000
36765  -43.719  -53.613  45.733 0.0000000000
39423  -45.164  -52.502  45.797 0.0000000000
39422  -44.616  -52.964  45.519 0.0000000000
42015  -46.064  -51.066  45.371 0.0000000000
42043  -46.457  -49.957  44.931 0.0000000000
43196  -46.932  -49.584  45.435 0.0000000000
43215  -46.462  -49.327  44.682 0.0000000000
44335  -46.954  -48.659  45.108 0.0000000000
45535  -47.360  -47.276  44.947 0.0000000000
46759  -47.454  -46.626  45.152 0.0000000000
46774  -47.245  -46.336  44.490 0.0000000000
52533  -45.822  -41.734  47.605 0.0000000000
54706  -45.165  -39.363  47.743 0.0000000000
55671  -45.343  -38.314  49.545 0.0000000000
56615  -45.562  -37.419  48.967 0.0000000000
56651  -46.126  -36.923  47.688 0.0000000000
57610  -46.653  -36.850  48.847 0.0000000000
57613  -49.128  -36.434  48.030 0.0000000000
57596  -48.494  -36.375  48.885 0.0000000000
57632  -47.499  -36.464  47.445 0.0000000000
57652  -49.462  -36.543  46.254 0.0000000000
57675  -50.764  -36.428  45.520 0.0000000000
57686  -49.815  -36.476  44.482 0.0000000000
57701  -50.323  -36.490  43.862 0.0000000000
57717  -50.165  -36.288  43.084 0.0000000000
57718  -50.611  -36.282  43.553 0.0000000000
58680  -53.871  -35.206  46.431 0.0000000000
57656  -52.504  -35.898  46.537 0.0000000000
58696  -52.645  -35.540  46.001 0.0000000000
58720  -53.197  -35.082  43.720 0.0000000000
58719  -51.926  -35.729  44.177 0.0000000000
58732  -51.002  -35.834  43.247 0.0000000000
59792  -51.301  -34.857  41.495 0.0000000000
59793  -52.384  -34.567  41.525 0.0000000000
59809  -53.966  -33.883  40.984 0.0000000000
59808  -53.167  -34.129  40.862 0.0000000000
60953  -53.121  -33.777  40.198 0.0000000000
60973  -53.066  -33.462  39.520 0.0000000000
60974  -53.922  -33.451  39.595 0.0000000000
60939  -56.711  -33.055  41.584 0.0000000000
60938  -55.743  -33.525  41.496 0.0000000000
60957  -56.260  -33.130  41.067 0.0000000000
62217  -55.542  -32.463  38.825 0.0000000000
60995  -55.191  -32.946  39.456 0.0000000000
62216  -54.739  -32.758  38.290 0.0000000000
62262  -55.146  -32.077  37.200 0.0000000000
64672  -55.165  -31.265  37.422 0.0000000000
64686  -54.880  -31.343  36.827 0.0000000000
64702  -54.193  -31.017  35.856 0.0000000000
64670  -54.196  -30.517  36.882 0.0000000000
68247  -59.192  -27.565  42.537 0.0000000000
67092  -59.003  -28.420  42.651 0.0000000000
67091  -58.573  -28.706  42.013 0.0000000000
65861  -58.055  -29.702  41.373 0.0000000000
70451  -58.545  -25.654  41.118 0.0000000000
68269  -56.272  -27.694  39.723 0.0000000000
69361  -56.910  -27.024  40.211 0.0000000000
68255  -56.788  -27.641  40.174 0.0000000000
67108  -56.769  -28.298  40.153 0.0000000000
65873  -55.749  -29.961  39.235 0.0000000000
67126  -55.466  -28.760  39.282 0.0000000000
68299  -54.056  -27.952  37.792 0.0000000000
67143  -54.403  -28.815  38.148 0.0000000000
65920  -53.430  -29.724  36.084 0.0000000000
67185  -52.864  -28.689  35.920 0.0000000000
67203  -52.446  -28.763  35.219 0.0000000000
69428  -52.977  -26.300  35.647 0.0000000000
69417  -52.812  -26.675  35.710 0.0000000000
69427  -52.503  -26.418  35.190 0.0000000000
70524  -52.389  -25.655  34.442 0.0000000000
71548  -55.216  -23.891  37.142 0.0000000000
71547  -54.719  -24.253  36.739 0.0000000000
72630  -53.688  -23.600  34.634 0.0000000000
71559  -53.557  -24.290  35.317 0.0000000000
71569  -53.136  -24.150  34.318 0.0000000000
71568  -52.650  -24.846  33.878 0.0000000000
75761  -57.578  -20.621  39.582 0.0000000000
76879  -57.152  -19.396  37.416 0.0000000000
75787  -56.176  -21.041  37.118 0.0000000000
78039  -58.303  -18.120  36.053 0.0000000000
78029  -57.726  -18.661  36.736 0.0000000000
76910  -57.056  -19.877  34.838 0.0000000000
31414  -26.520  -58.096  50.518 0.0000000000
31472  -26.949  -58.047  46.594 0.0000000000
31492  -27.957  -58.406  45.598 0.0000000000
31493  -28.482  -59.152  45.274 0.0000000000
28696  -31.222  -60.318  51.334 0.0000000000
27385  -29.878  -61.704  47.669 0.0000000000
27374  -30.031  -61.492  48.291 0.0000000000
30117  -29.435  -59.971  47.077 0.0000000000
28749  -29.625  -60.786  46.753 0.0000000000
23557  -30.977  -64.965  46.383 0.0000000000
36725  -37.134  -54.758  46.033 0.0000000000
35457  -36.580  -55.202  46.275 0.0000000000
32832  -36.658  -58.195  44.704 0.0000000000
34141  -36.351  -57.363  45.067 0.0000000000
31478  -35.919  -58.853  45.713 0.0000000000
30150  -36.477  -59.109  44.978 0.0000000000
32869  -36.307  -57.775  42.583 0.0000000000
31547  -37.016  -58.343  42.830 0.0000000000
32851  -36.030  -58.282  43.260 0.0000000000
31533  -34.812  -58.441  44.010 0.0000000000
31534  -35.767  -58.542  43.833 0.0000000000
31515  -35.328  -58.960  44.602 0.0000000000
30163  -35.267  -59.426  44.778 0.0000000000
31496  -34.801  -59.204  45.203 0.0000000000
31494  -33.402  -59.279  45.262 0.0000000000
30162  -32.581  -59.525  44.960 0.0000000000
34183  -32.708  -56.143  41.686 0.0000000000
34182  -31.667  -56.360  41.432 0.0000000000
32864  -31.053  -57.630  42.184 0.0000000000
32884  -31.449  -57.041  41.983 0.0000000000
28789  -30.949  -60.235  42.780 0.0000000000
30174  -31.425  -59.329  43.662 0.0000000000
28776  -31.798  -60.343  44.592 0.0000000000
54735  -43.943  -40.117  45.033 0.0000000000
54734  -43.821  -39.506  44.713 0.0000000000
55690  -44.899  -38.856  47.015 0.0000000000
51410  -45.895  -42.544  46.238 0.0000000000
52560  -45.162  -42.177  44.834 0.0000000000
52559  -44.576  -41.613  44.346 0.0000000000
52569  -44.476  -41.788  43.420 0.0000000000
53690  -44.184  -40.842  44.744 0.0000000000
63548  -52.310  -31.233  33.001 0.0000000000
67229  -51.939  -28.775  33.675 0.0000000000
35397  -36.696  -55.606  49.906 0.0000000000
35415  -35.848  -55.677  49.134 0.0000000000
35435  -35.700  -55.641  48.049 0.0000000000
35456  -35.473  -55.671  46.776 0.0000000000
57747  -48.111  -36.350  40.868 0.0000000000
39451  -43.457  -52.708  43.932 0.0000000000
46874  -39.220  -46.588  37.538 0.0000000000
45655  -38.971  -47.808  37.658 0.0000000000
46873  -38.608  -47.388  37.243 0.0000000000
45682  -36.095  -47.689  34.505 0.0000000000
53786  -41.612  -40.161  35.260 0.0000000000
53810  -41.096  -39.791  34.601 0.0000000000
73670  -58.327  -22.838  41.058 0.0000000000
72586  -56.989  -23.008  38.995 0.0000000000
73695  -57.305  -22.435  38.868 0.0000000000
74744  -57.415  -22.196  38.818 0.0000000000
31391  -29.286  -58.476  53.115 0.0000000000
24877  -32.312  -63.634  47.160 0.0000000000
35537  -36.405  -55.521  40.725 0.0000000000
34199  -36.035  -56.105  41.001 0.0000000000
35535  -34.219  -55.345  40.720 0.0000000000
54786  -43.817  -39.651  38.477 0.0000000000
55776  -43.789  -39.078  38.848 0.0000000000
56745  -44.532  -38.042  40.929 0.0000000000
57697  -46.833  -36.550  42.864 0.0000000000
46772  -46.183  -46.827  43.450 0.0000000000
49157  -44.751  -44.268  40.980 0.0000000000
47971  -44.599  -44.704  40.755 0.0000000000
48024  -41.506  -44.707  38.145 0.0000000000
49201  -41.307  -44.256  37.710 0.0000000000
50380  -42.085  -43.429  37.642 0.0000000000
52633  -43.898  -41.694  38.638 0.0000000000
52632  -43.697  -41.354  38.164 0.0000000000
52662  -43.118  -41.179  36.853 0.0000000000
53746  -43.668  -40.611  37.987 0.0000000000
32754  -32.576  -57.845  51.926 0.0000000000
31405  -32.425  -58.720  51.559 0.0000000000
31441  -34.104  -58.945  48.503 0.0000000000
28734  -34.638  -60.361  47.999 0.0000000000
27389  -34.358  -60.728  47.828 0.0000000000
28764  -33.981  -60.262  46.197 0.0000000000
56766  -44.155  -36.911  38.101 0.0000000000
59828  -47.062  -34.694  38.449 0.0000000000
59835  -46.785  -34.108  38.029 0.0000000000
36729  -40.712  -54.466  46.411 0.0000000000
36760  -39.480  -54.553  45.537 0.0000000000
36761  -40.372  -54.505  45.505 0.0000000000
35502  -40.368  -55.554  43.250 0.0000000000
36844  -39.192  -54.975  41.273 0.0000000000
38142  -38.823  -53.920  40.542 0.0000000000
38153  -38.470  -53.089  40.033 0.0000000000
43277  -43.033  -49.577  41.405 0.0000000000
42154  -38.449  -50.259  37.382 0.0000000000
42147  -39.638  -50.417  38.417 0.0000000000
42155  -39.066  -50.660  38.017 0.0000000000
40861  -38.577  -50.986  37.875 0.0000000000
35420  -40.196  -54.536  48.657 0.0000000000
36686  -40.483  -54.161  49.107 0.0000000000
36734  -44.653  -53.107  46.450 0.0000000000
36766  -44.449  -53.308  45.857 0.0000000000
38053  -44.983  -52.881  46.263 0.0000000000
44322  -47.579  -48.579  45.921 0.0000000000
55661  -45.300  -38.342  50.631 0.0000000000
56582  -45.475  -37.562  51.043 0.0000000000
56599  -46.297  -37.139  50.329 0.0000000000
57614  -50.076  -36.449  47.995 0.0000000000
57634  -49.774  -36.448  47.151 0.0000000000
57653  -50.331  -36.549  46.282 0.0000000000
57676  -51.395  -36.204  45.694 0.0000000000
59723  -55.100  -34.266  45.908 0.0000000000
58734  -53.495  -34.684  42.703 0.0000000000
58750  -52.773  -34.751  42.149 0.0000000000
58751  -53.564  -34.456  41.969 0.0000000000
59795  -54.060  -34.094  41.532 0.0000000000
59810  -54.567  -33.832  41.099 0.0000000000
62184  -57.285  -32.423  41.170 0.0000000000
62183  -56.705  -32.584  40.796 0.0000000000
62200  -56.298  -32.196  40.082 0.0000000000
62218  -56.110  -32.167  39.410 0.0000000000
63454  -55.779  -31.805  38.316 0.0000000000
64657  -54.953  -30.743  38.034 0.0000000000
69338  -59.502  -26.304  43.322 0.0000000000
69353  -59.424  -26.690  42.442 0.0000000000
70460  -57.189  -25.599  39.994 0.0000000000
69373  -57.090  -26.376  40.159 0.0000000000
68283  -55.032  -27.848  38.694 0.0000000000
69386  -54.734  -27.280  38.069 0.0000000000
68298  -53.711  -27.450  37.214 0.0000000000
68318  -53.221  -27.548  36.524 0.0000000000
69403  -53.730  -26.517  36.936 0.0000000000
70493  -53.851  -25.979  36.970 0.0000000000
70505  -53.744  -25.731  36.587 0.0000000000
72618  -54.861  -23.342  36.139 0.0000000000
71560  -54.316  -24.016  35.914 0.0000000000
72641  -53.633  -23.542  33.784 0.0000000000
78049  -58.242  -19.047  34.802 0.0000000000
76902  -57.442  -19.342  35.203 0.0000000000
31413  -25.536  -58.421  50.457 0.0000000000
31427  -28.210  -57.957  49.498 0.0000000000
31454  -27.684  -58.142  47.452 0.0000000000
27351  -30.983  -61.468  50.356 0.0000000000
26098  -30.102  -62.809  47.676 0.0000000000
26120  -29.497  -62.568  45.865 0.0000000000
24886  -29.633  -63.451  45.447 0.0000000000
35487  -37.358  -56.713  44.023 0.0000000000
34151  -37.639  -57.261  43.596 0.0000000000
32833  -37.156  -58.013  43.806 0.0000000000
31518  -37.008  -58.288  43.654 0.0000000000
32868  -35.082  -57.542  42.788 0.0000000000
31531  -32.413  -58.592  44.052 0.0000000000
31556  -30.649  -58.410  41.816 0.0000000000
54757  -43.892  -39.958  41.386 0.0000000000
55748  -43.833  -39.278  42.316 0.0000000000
55737  -44.102  -38.315  43.490 0.0000000000
55716  -43.850  -38.948  44.946 0.0000000000
55726  -44.137  -38.298  44.455 0.0000000000
50304  -46.120  -44.248  43.079 0.0000000000
50303  -45.753  -43.891  42.383 0.0000000000
50315  -45.374  -43.825  41.614 0.0000000000
50335  -45.033  -43.821  41.163 0.0000000000
50348  -44.627  -43.499  39.990 0.0000000000
50365  -44.291  -43.508  39.298 0.0000000000
50364  -43.854  -43.411  38.712 0.0000000000
52606  -44.313  -41.886  40.220 0.0000000000
52578  -43.978  -41.288  42.065 0.0000000000
53714  -43.909  -40.958  40.872 0.0000000000
34074  -34.422  -56.216  50.790 0.0000000000
34088  -33.690  -56.829  50.347 0.0000000000
32785  -34.272  -57.897  48.248 0.0000000000
32793  -34.585  -58.121  47.352 0.0000000000
31457  -35.108  -59.013  47.085 0.0000000000
31458  -35.613  -59.370  46.986 0.0000000000
56756  -46.104  -36.638  39.774 0.0000000000
57751  -46.688  -36.238  39.354 0.0000000000
58765  -46.870  -35.890  39.117 0.0000000000
58774  -47.328  -35.024  38.966 0.0000000000
61009  -48.285  -33.019  38.143 0.0000000000
62230  -48.443  -32.481  37.503 0.0000000000
36792  -42.266  -54.275  44.671 0.0000000000
36813  -42.036  -54.191  43.805 0.0000000000
36824  -41.831  -53.881  43.180 0.0000000000
39450  -42.893  -52.919  43.587 0.0000000000
38135  -41.637  -53.387  42.258 0.0000000000
39492  -41.407  -52.882  41.598 0.0000000000
45630  -41.265  -47.896  39.611 0.0000000000
44426  -40.897  -48.989  39.403 0.0000000000
45629  -40.668  -48.477  39.196 0.0000000000
44437  -39.627  -48.915  38.394 0.0000000000
43326  -38.699  -49.454  37.375 0.0000000000
42167  -37.526  -50.231  36.538 0.0000000000
42166  -36.622  -50.341  36.346 0.0000000000
43345  -35.922  -49.575  35.155 0.0000000000
43358  -35.625  -49.126  34.429 0.0000000000
44473  -36.082  -48.589  34.470 0.0000000000
52659  -40.590  -41.566  35.894 0.0000000000
52678  -39.167  -41.741  35.167 0.0000000000
52696  -39.317  -40.951  34.727 0.0000000000
53807  -38.759  -40.634  34.288 0.0000000000
53808  -39.475  -40.165  34.283 0.0000000000
59744  -55.801  -33.649  45.038 0.0000000000
59772  -55.661  -34.142  43.309 0.0000000000
59773  -56.196  -33.721  43.493 0.0000000000
60902  -56.709  -33.118  43.627 0.0000000000
60924  -57.256  -32.741  42.292 0.0000000000
62103  -57.712  -32.019  43.730 0.0000000000
62118  -57.704  -32.111  42.937 0.0000000000
62163  -57.542  -32.474  41.686 0.0000000000
63422  -57.980  -31.905  41.541 0.0000000000
64635  -57.490  -31.143  40.797 0.0000000000
71493  -59.599  -24.287  42.635 0.0000000000
70433  -59.732  -24.815  42.743 0.0000000000
71502  -58.052  -24.822  40.468 0.0000000000
71510  -56.693  -25.043  39.330 0.0000000000
70477  -56.227  -25.183  38.892 0.0000000000
71526  -55.804  -24.903  38.349 0.0000000000
71539  -54.668  -25.027  37.302 0.0000000000
72611  -55.699  -23.431  37.359 0.0000000000
73711  -55.340  -22.697  36.478 0.0000000000
73720  -55.390  -22.392  35.951 0.0000000000
74770  -55.650  -21.864  35.874 0.0000000000
79063  -59.103  -16.959  38.140 0.0000000000
24848  -32.147  -62.801  49.217 0.0000000000
26088  -31.392  -62.938  49.166 0.0000000000
24847  -31.823  -62.997  49.085 0.0000000000
24855  -30.915  -63.438  48.376 0.0000000000
24866  -30.636  -63.642  47.684 0.0000000000
32887  -38.027  -57.565  41.999 0.0000000000
32886  -37.223  -57.478  41.969 0.0000000000
34186  -35.766  -56.774  41.560 0.0000000000
34174  -34.814  -56.988  42.263 0.0000000000
34173  -33.834  -56.720  42.358 0.0000000000
55792  -42.450  -38.678  36.146 0.0000000000
55793  -42.855  -38.685  36.797 0.0000000000
55780  -43.586  -38.588  38.299 0.0000000000
56760  -43.752  -37.939  38.356 0.0000000000
56746  -45.256  -37.462  40.593 0.0000000000
57746  -47.391  -36.458  40.633 0.0000000000
58747  -49.098  -35.956  41.712 0.0000000000
42064  -44.920  -50.551  43.324 0.0000000000
42084  -45.108  -49.971  43.169 0.0000000000
43263  -44.814  -49.314  42.918 0.0000000000
44374  -44.455  -48.419  42.497 0.0000000000
44373  -43.904  -48.771  42.224 0.0000000000
44392  -43.620  -48.539  41.654 0.0000000000
44408  -43.289  -48.602  41.044 0.0000000000
45609  -42.285  -47.725  40.216 0.0000000000
47934  -46.153  -45.492  43.072 0.0000000000
46810  -45.116  -46.234  41.962 0.0000000000
47945  -44.959  -45.189  41.295 0.0000000000
46809  -44.624  -46.283  41.407 0.0000000000
45611  -43.881  -46.935  40.941 0.0000000000
45647  -40.993  -47.055  39.057 0.0000000000
46863  -40.532  -46.693  38.574 0.0000000000
48031  -38.031  -45.646  36.323 0.0000000000
49210  -38.403  -44.851  36.443 0.0000000000
50389  -38.951  -43.784  36.261 0.0000000000
50382  -43.530  -43.125  38.398 0.0000000000
51524  -41.889  -42.669  37.225 0.0000000000
53787  -42.166  -40.216  35.621 0.0000000000
75751  -58.187  -20.341  40.985 0.0000000000
76861  -58.501  -18.688  40.185 0.0000000000
78012  -58.709  -17.941  39.589 0.0000000000
79053  -59.230  -17.295  38.983 0.0000000000
80123  -60.122  -16.119  37.006 0.0000000000
80142  -60.280  -15.781  36.553 0.0000000000
30050  -30.716  -58.997  52.706 0.0000000000
26069  -32.005  -62.136  50.045 0.0000000000
31418  -33.143  -58.416  49.994 0.0000000000
30090  -33.285  -59.844  49.516 0.0000000000
30104  -33.924  -59.813  48.884 0.0000000000
28722  -32.925  -60.604  49.734 0.0000000000
36851  -34.321  -54.221  39.797 0.0000000000
56773  -42.469  -37.667  36.174 0.0000000000
57771  -43.485  -36.413  36.886 0.0000000000
58785  -42.599  -35.878  36.120 0.0000000000
59833  -45.159  -34.933  37.294 0.0000000000
62311  -52.431  -32.085  33.510 0.0000000000
62312  -53.119  -31.776  33.811 0.0000000000
35437  -37.744  -54.855  47.489 0.0000000000
36726  -37.922  -54.633  46.374 0.0000000000
36758  -37.432  -54.865  45.338 0.0000000000
35479  -38.636  -54.857  44.585 0.0000000000
35478  -37.988  -55.188  44.479 0.0000000000
35488  -38.004  -56.252  43.593 0.0000000000
32853  -38.778  -57.234  42.786 0.0000000000
32872  -38.695  -57.384  42.501 0.0000000000
35492  -41.045  -54.730  43.763 0.0000000000
35503  -40.664  -55.184  43.210 0.0000000000
34164  -40.394  -55.828  43.050 0.0000000000
34192  -40.152  -56.272  42.530 0.0000000000
34177  -39.712  -56.590  42.562 0.0000000000
32890  -39.583  -56.989  42.332 0.0000000000
32889  -39.257  -57.141  42.199 0.0000000000
32888  -38.764  -57.423  42.125 0.0000000000
35521  -37.936  -56.160  41.373 0.0000000000
35538  -37.427  -55.596  40.993 0.0000000000
40817  -43.190  -51.185  42.043 0.0000000000
42099  -42.735  -50.463  41.424 0.0000000000
40816  -42.570  -51.306  41.561 0.0000000000
39503  -41.867  -51.811  41.194 0.0000000000
39501  -40.503  -52.607  40.468 0.0000000000
43312  -41.127  -49.774  39.572 0.0000000000
42148  -40.162  -50.868  38.761 0.0000000000
40835  -40.562  -51.370  39.355 0.0000000000
38152  -37.478  -53.374  39.900 0.0000000000
38151  -36.642  -53.358  39.642 0.0000000000
38150  -35.752  -53.451  39.591 0.0000000000
53647  -45.904  -40.496  48.924 0.0000000000
31375  -26.529  -58.321  53.365 0.0000000000
31377  -28.493  -58.041  53.787 0.0000000000
31393  -31.484  -58.185  53.063 0.0000000000
32743  -32.893  -57.037  52.108 0.0000000000
34061  -33.611  -56.575  51.939 0.0000000000
34062  -34.330  -56.030  51.573 0.0000000000
35378  -35.985  -55.883  50.700 0.0000000000
35399  -38.335  -55.041  49.449 0.0000000000
36694  -40.212  -54.507  48.015 0.0000000000
36708  -40.132  -54.465  47.251 0.0000000000
38082  -43.971  -53.251  45.085 0.0000000000
38065  -44.256  -53.284  45.458 0.0000000000
39436  -44.267  -52.714  44.918 0.0000000000
40772  -44.799  -51.916  44.542 0.0000000000
40785  -45.453  -50.842  44.254 0.0000000000
42042  -45.918  -50.500  44.743 0.0000000000
44336  -47.321  -47.922  45.186 0.0000000000
45534  -46.908  -47.596  44.548 0.0000000000
49107  -47.077  -45.364  44.665 0.0000000000
49080  -47.480  -44.821  46.168 0.0000000000
49093  -47.251  -45.206  45.135 0.0000000000
49092  -46.921  -44.528  45.187 0.0000000000
49079  -46.938  -44.262  45.754 0.0000000000
54705  -44.927  -39.184  47.182 0.0000000000
55691  -45.161  -38.336  47.272 0.0000000000
56650  -45.544  -37.379  47.341 0.0000000000
57630  -45.989  -36.790  47.132 0.0000000000
57631  -46.598  -36.594  47.131 0.0000000000
56600  -47.127  -36.701  50.546 0.0000000000
56617  -47.009  -36.780  49.687 0.0000000000
56619  -48.833  -36.347  49.574 0.0000000000
57595  -47.572  -36.545  49.001 0.0000000000
57611  -47.144  -36.709  48.409 0.0000000000
57650  -47.297  -36.359  46.243 0.0000000000
57672  -48.204  -36.426  45.207 0.0000000000
57685  -48.977  -36.498  44.322 0.0000000000
57716  -49.367  -36.446  42.929 0.0000000000
57736  -49.753  -36.265  42.620 0.0000000000
58748  -50.257  -35.811  42.164 0.0000000000
57637  -51.907  -36.335  46.841 0.0000000000
57655  -51.720  -36.178  46.410 0.0000000000
57689  -51.700  -35.958  45.095 0.0000000000
58707  -52.442  -35.609  45.341 0.0000000000
57702  -51.077  -36.345  44.030 0.0000000000
59806  -51.095  -34.414  40.797 0.0000000000
59821  -51.706  -33.922  40.332 0.0000000000
60992  -52.965  -33.136  38.788 0.0000000000
59783  -55.671  -33.796  42.445 0.0000000000
60937  -55.163  -33.694  40.995 0.0000000000
60955  -54.773  -33.568  40.508 0.0000000000
60976  -55.185  -33.063  40.029 0.0000000000
60975  -54.641  -33.307  39.804 0.0000000000
62215  -53.873  -32.841  38.053 0.0000000000
62235  -53.855  -32.553  37.205 0.0000000000
62284  -54.425  -32.154  35.911 0.0000000000
63480  -55.025  -31.709  36.966 0.0000000000
63479  -54.695  -31.687  36.362 0.0000000000
63504  -54.214  -31.531  35.695 0.0000000000
64701  -53.698  -30.783  35.290 0.0000000000
65847  -58.345  -30.247  41.889 0.0000000000
65860  -57.382  -30.029  40.739 0.0000000000
69352  -58.949  -26.622  41.875 0.0000000000
68257  -58.108  -27.654  41.215 0.0000000000
69362  -57.682  -26.490  40.607 0.0000000000
67109  -57.350  -28.762  40.537 0.0000000000
65875  -56.930  -29.660  40.250 0.0000000000
65874  -56.398  -30.005  39.754 0.0000000000
65889  -55.202  -29.958  38.650 0.0000000000
65888  -54.586  -29.967  38.177 0.0000000000
65904  -54.164  -29.892  37.559 0.0000000000
65903  -53.689  -29.824  36.955 0.0000000000
65938  -52.912  -29.683  35.177 0.0000000000
65937  -52.620  -29.422  34.979 0.0000000000
68342  -51.776  -27.583  34.195 0.0000000000
68317  -52.642  -27.557  35.723 0.0000000000
68333  -52.065  -27.572  34.821 0.0000000000
69449  -51.788  -26.285  32.930 0.0000000000
70506  -54.253  -25.106  36.820 0.0000000000
75760  -57.321  -21.125  39.152 0.0000000000
75769  -57.051  -20.849  38.713 0.0000000000
76869  -57.084  -20.290  38.569 0.0000000000
75777  -56.601  -21.154  38.000 0.0000000000
75796  -55.921  -21.411  36.535 0.0000000000
76901  -56.652  -19.850  35.640 0.0000000000
74771  -55.910  -21.204  35.229 0.0000000000
74781  -55.394  -21.718  34.886 0.0000000000
32802  -26.870  -57.807  45.930 0.0000000000
31491  -27.430  -57.993  46.018 0.0000000000
31475  -29.159  -59.515  46.527 0.0000000000
30131  -28.991  -59.604  45.817 0.0000000000
32804  -35.562  -58.329  46.212 0.0000000000
31477  -35.614  -59.092  46.318 0.0000000000
30133  -35.561  -59.441  46.238 0.0000000000
31548  -37.353  -58.297  42.980 0.0000000000
31516  -36.122  -58.828  44.369 0.0000000000
30165  -36.295  -59.135  44.805 0.0000000000
30149  -35.916  -59.229  45.431 0.0000000000
28766  -35.430  -59.618  45.979 0.0000000000
28765  -35.028  -60.121  46.094 0.0000000000
31495  -33.862  -59.194  45.321 0.0000000000
28763  -32.844  -60.685  46.003 0.0000000000
27425  -32.246  -61.100  45.434 0.0000000000
36839  -33.853  -54.735  40.181 0.0000000000
35534  -33.253  -55.187  40.542 0.0000000000
35518  -33.491  -55.698  41.218 0.0000000000
34172  -32.820  -56.619  42.307 0.0000000000
30161  -31.911  -59.601  44.512 0.0000000000
26121  -31.897  -61.952  44.929 0.0000000000
26101  -33.277  -61.942  48.035 0.0000000000
27377  -34.155  -60.824  48.250 0.0000000000
31429  -32.969  -59.142  49.863 0.0000000000
31498  -36.449  -58.923  45.280 0.0000000000
31536  -37.083  -58.293  43.407 0.0000000000
32803  -34.967  -58.207  46.664 0.0000000000
32805  -35.798  -58.654  45.866 0.0000000000
32817  -35.911  -58.306  45.834 0.0000000000
32818  -36.228  -58.384  45.485 0.0000000000
32854  -39.124  -57.028  42.696 0.0000000000
32874  -39.450  -57.183  42.382 0.0000000000
34076  -36.038  -56.016  50.876 0.0000000000
34161  -38.932  -56.971  43.016 0.0000000000
34176  -39.507  -56.844  42.382 0.0000000000
34178  -40.299  -56.049  42.856 0.0000000000
35401  -39.905  -54.677  49.076 0.0000000000
35499  -38.646  -56.760  43.238 0.0000000000
36757  -36.858  -55.077  45.520 0.0000000000
36829  -39.556  -55.472  41.499 0.0000000000
38052  -44.240  -53.270  46.649 0.0000000000
42168  -38.023  -50.139  36.921 0.0000000000
44427  -41.493  -48.941  39.789 0.0000000000
45663  -38.196  -47.982  36.793 0.0000000000
45669  -36.560  -47.504  35.156 0.0000000000
46831  -44.190  -46.332  40.975 0.0000000000
46846  -42.399  -46.749  39.800 0.0000000000
47917  -46.982  -45.535  44.385 0.0000000000
47918  -47.332  -45.815  44.787 0.0000000000
47990  -44.032  -44.648  39.780 0.0000000000
48009  -42.874  -44.798  38.954 0.0000000000
49134  -45.166  -44.313  41.358 0.0000000000
49171  -44.240  -44.172  39.707 0.0000000000
49185  -43.935  -44.123  39.166 0.0000000000
49203  -42.754  -44.061  38.346 0.0000000000
50280  -46.065  -43.602  44.206 0.0000000000
50334  -44.888  -43.621  40.663 0.0000000000
51449  -45.385  -43.176  42.665 0.0000000000
53707  -43.748  -40.557  42.498 0.0000000000
54726  -43.857  -39.282  45.128 0.0000000000
54777  -43.971  -39.470  38.827 0.0000000000
55760  -43.844  -39.508  41.800 0.0000000000
56633  -46.372  -36.947  48.387 0.0000000000
56634  -46.971  -36.837  48.009 0.0000000000
56686  -44.682  -37.944  45.816 0.0000000000
57593  -46.607  -36.888  49.095 0.0000000000
57594  -46.877  -36.783  49.069 0.0000000000
57687  -50.531  -36.397  44.656 0.0000000000
57703  -51.421  -36.105  44.518 0.0000000000
57712  -45.874  -36.992  42.052 0.0000000000
58678  -52.780  -35.609  46.262 0.0000000000
58746  -48.739  -36.119  41.559 0.0000000000
59760  -56.288  -33.552  44.264 0.0000000000
59781  -54.179  -34.263  42.113 0.0000000000
59782  -54.868  -34.082  42.282 0.0000000000
59797  -55.251  -33.777  41.954 0.0000000000
60886  -57.479  -32.318  43.360 0.0000000000
60903  -57.255  -32.540  42.989 0.0000000000
60904  -57.466  -32.315  43.107 0.0000000000
60922  -56.214  -33.463  42.005 0.0000000000
60923  -56.592  -33.262  42.591 0.0000000000
60940  -57.092  -32.983  41.984 0.0000000000
62102  -57.418  -32.079  44.373 0.0000000000
62117  -57.541  -32.324  42.765 0.0000000000
62141  -57.632  -32.390  42.367 0.0000000000
62142  -57.986  -32.138  42.282 0.0000000000
62164  -57.930  -32.349  42.015 0.0000000000
62182  -56.099  -32.623  40.303 0.0000000000
63409  -58.118  -31.656  42.493 0.0000000000
63436  -57.595  -32.034  40.986 0.0000000000
63538  -53.020  -31.187  33.886 0.0000000000
64623  -57.901  -31.242  41.413 0.0000000000
64718  -52.650  -30.367  34.177 0.0000000000
65953  -52.849  -30.042  34.660 0.0000000000
67128  -56.775  -29.136  40.057 0.0000000000
67215  -51.947  -28.475  34.102 0.0000000000
68341  -51.587  -27.631  33.659 0.0000000000
69387  -55.180  -26.659  38.428 0.0000000000
69435  -51.659  -27.075  33.624 0.0000000000
69448  -51.601  -26.981  33.199 0.0000000000
70515  -52.670  -25.616  35.076 0.0000000000
71484  -59.860  -24.630  42.908 0.0000000000
73680  -57.194  -22.659  38.908 0.0000000000
75752  -58.469  -19.795  41.159 0.0000000000
75786  -55.976  -21.476  36.883 0.0000000000
79065  -59.899  -16.181  38.490 0.0000000000
