#!ascii label  , from subject  vox2ras=TkReg coords=orig
405
87235  -25.102  -9.840  -16.667 0.5555555820
87256  -25.036  -9.922  -17.114 0.6666666865
89489  -24.972  -8.357  -18.252 0.7777777910
90639  -24.601  -7.362  -18.096 0.8888888955
91738  -27.184  -6.414  -19.359 0.8888888955
87215  -25.502  -9.584  -16.223 0.5555555820
89446  -24.537  -8.468  -16.572 0.6666666865
89462  -24.620  -8.509  -17.139 0.8888888955
90656  -26.109  -7.846  -18.792 0.8888888955
91725  -25.006  -6.484  -18.288 0.8888888955
92840  -25.547  -5.512  -18.456 1.0000000000
93966  -26.689  -4.611  -19.160 1.0000000000
90605  -23.578  -7.000  -16.814 1.0000000000
91687  -22.198  -5.961  -16.218 1.0000000000
91708  -23.455  -6.453  -17.174 1.0000000000
93950  -23.760  -4.654  -17.471 1.0000000000
92826  -23.104  -5.839  -16.710 1.0000000000
93951  -24.549  -4.583  -17.856 1.0000000000
93940  -23.178  -4.811  -16.683 1.0000000000
95021  -26.436  -3.714  -19.003 1.0000000000
95018  -24.246  -3.599  -17.776 1.0000000000
95019  -25.063  -3.587  -18.300 1.0000000000
95036  -27.074  -3.726  -19.434 1.0000000000
96082  -25.699  -2.549  -18.814 1.0000000000
96097  -26.063  -2.032  -19.373 0.7777777910
92763  -22.611  -5.103  -15.242 0.8888888955
92804  -22.292  -5.592  -16.103 1.0000000000
95007  -23.325  -3.748  -17.504 1.0000000000
93915  -22.685  -4.658  -16.210 1.0000000000
95006  -22.601  -3.917  -16.997 1.0000000000
96080  -23.745  -2.675  -18.002 1.0000000000
96081  -24.669  -2.591  -18.385 1.0000000000
97144  -25.098  -1.528  -18.719 1.0000000000
97160  -27.213  -1.611  -19.810 0.8888888955
97159  -26.445  -1.457  -19.531 1.0000000000
97171  -28.076  -1.627  -20.243 0.7777777910
97172  -29.022  -1.614  -20.390 0.7777777910
97102  -21.397  -1.004  -15.770 0.7777777910
96037  -21.642  -2.766  -15.335 0.8888888955
96069  -22.243  -2.846  -17.012 1.0000000000
96070  -22.833  -2.825  -17.698 1.0000000000
97131  -22.126  -1.736  -16.735 0.8888888955
97132  -22.650  -1.792  -17.464 1.0000000000
97142  -23.315  -1.731  -18.101 1.0000000000
98161  -24.667  -0.567  -18.576 1.0000000000
98175  -25.490  -0.460  -18.866 0.8888888955
98176  -26.178  -0.375  -19.540 0.8888888955
99211  -28.144  0.475  -20.555 0.7777777910
99214  -30.766  -0.129  -20.164 0.6666666865
99212  -29.119  0.417  -20.566 0.6666666865
98114  -21.348  -0.472  -15.673 0.7777777910
99130  -20.030  0.714  -15.247 0.6666666865
99148  -21.066  0.380  -16.204 0.7777777910
98144  -21.313  -0.265  -16.282 0.8888888955
98146  -22.515  -0.761  -17.095 0.8888888955
98159  -23.167  -0.757  -17.725 1.0000000000
99162  -22.252  0.246  -16.855 1.0000000000
99163  -22.948  0.204  -17.427 1.0000000000
99180  -24.277  0.356  -18.344 1.0000000000
99181  -25.039  0.467  -18.689 0.8888888955
99195  -26.321  0.728  -19.748 0.7777777910
99209  -26.837  0.877  -20.080 0.7777777910
99213  -30.198  0.421  -20.357 0.5555555820
100298  -28.692  1.351  -20.554 0.7777777910
100300  -30.234  1.484  -20.289 0.6666666865
102251  -19.448  3.221  -14.676 0.6666666865
100190  -18.584  1.224  -14.756 0.6666666865
101260  -19.696  1.976  -15.566 0.7777777910
101244  -20.019  2.941  -15.295 0.7777777910
100237  -20.939  1.331  -16.220 0.8888888955
100251  -21.822  1.282  -16.571 0.8888888955
101281  -21.531  2.399  -16.459 1.0000000000
101282  -22.442  2.283  -17.002 1.0000000000
100269  -23.945  1.225  -17.960 1.0000000000
100253  -23.302  1.006  -17.669 0.8888888955
100271  -25.260  1.469  -18.975 0.8888888955
100284  -26.683  1.608  -19.805 0.8888888955
100296  -27.155  1.292  -20.184 0.7777777910
101301  -24.911  2.359  -18.600 0.8888888955
101315  -26.251  2.471  -19.524 0.7777777910
101317  -27.663  2.394  -20.115 0.7777777910
101329  -29.175  2.137  -20.525 0.7777777910
101331  -30.348  2.241  -20.158 0.6666666865
103196  -19.674  3.842  -14.097 0.6666666865
102228  -19.293  2.970  -13.725 0.5555555820
102252  -19.844  3.648  -15.054 0.7777777910
102267  -20.450  3.318  -15.450 0.8888888955
101262  -21.204  2.930  -16.184 0.8888888955
102269  -21.923  3.874  -16.248 1.0000000000
102292  -21.587  3.227  -16.365 1.0000000000
101300  -24.198  2.268  -18.141 1.0000000000
101283  -23.345  2.108  -17.624 0.8888888955
102329  -27.488  3.356  -19.805 0.7777777910
102330  -28.395  3.566  -19.927 0.7777777910
102332  -30.085  3.107  -19.744 0.6666666865
101319  -31.150  2.348  -18.988 0.5555555820
103216  -20.442  4.257  -15.022 0.7777777910
103198  -21.081  5.002  -14.464 0.6666666865
102253  -20.623  3.957  -15.322 0.8888888955
102270  -22.594  3.972  -16.497 1.0000000000
103265  -24.324  3.828  -17.846 0.8888888955
102315  -24.580  3.236  -18.177 0.8888888955
103266  -24.868  4.343  -18.015 0.8888888955
102327  -25.961  3.307  -19.177 0.8888888955
103283  -27.864  4.336  -19.615 0.7777777910
103284  -28.764  4.344  -19.681 0.7777777910
103285  -29.595  4.231  -19.510 0.7777777910
102333  -30.690  3.129  -19.012 0.5555555820
104246  -27.453  5.131  -19.313 0.7777777910
103286  -30.352  4.145  -19.011 0.5555555820
103287  -30.877  3.792  -18.516 0.5555555820
104249  -29.878  5.064  -19.114 0.6666666865
104166  -21.606  5.312  -14.509 0.5555555820
104194  -22.647  5.358  -15.631 0.7777777910
103234  -22.245  4.828  -16.130 1.0000000000
103218  -22.106  5.164  -15.520 0.8888888955
103235  -23.160  4.612  -16.727 1.0000000000
103251  -23.900  4.473  -17.516 0.8888888955
103252  -24.478  4.945  -17.607 0.8888888955
103267  -25.963  4.323  -18.699 0.8888888955
104248  -29.106  5.107  -19.352 0.6666666865
103269  -30.929  4.514  -18.539 0.5555555820
104168  -23.327  5.604  -15.234 0.6666666865
104196  -24.021  6.036  -16.740 0.7777777910
104219  -23.655  5.343  -16.977 0.8888888955
104220  -24.286  5.587  -17.320 0.7777777910
105233  -25.270  5.754  -17.750 0.7777777910
104234  -25.533  5.235  -18.018 0.8888888955
104235  -26.248  5.404  -18.518 0.7777777910
104245  -26.857  5.302  -18.987 0.6666666865
105235  -26.921  6.335  -18.619 0.6666666865
105236  -28.060  6.611  -18.767 0.6666666865
105257  -28.585  5.813  -18.962 0.6666666865
106290  -28.609  7.432  -18.469 0.6666666865
106291  -29.525  7.116  -18.572 0.5555555820
105239  -30.454  6.187  -18.265 0.5555555820
104236  -30.532  5.168  -18.705 0.4444444478
106292  -30.003  6.829  -18.490 0.5555555820
105183  -24.542  6.408  -17.104 0.7777777910
106287  -25.462  7.368  -17.541 0.6666666865
105234  -25.643  6.383  -17.994 0.6666666865
105212  -25.118  6.770  -17.343 0.6666666865
106289  -27.469  7.538  -18.410 0.6666666865
106266  -28.724  7.933  -18.097 0.6666666865
106268  -30.219  7.394  -18.085 0.5555555820
106269  -31.314  7.604  -17.677 0.5555555820
106267  -29.290  7.767  -18.165 0.6666666865
106264  -25.128  7.516  -17.019 0.5555555820
106288  -26.182  7.834  -18.064 0.6666666865
107343  -28.119  8.320  -18.132 0.6666666865
108308  -29.203  8.842  -17.718 0.6666666865
107326  -30.611  8.515  -17.707 0.5555555820
106265  -25.515  8.192  -17.239 0.6666666865
107323  -26.166  8.800  -17.414 0.6666666865
107341  -26.586  8.701  -17.849 0.6666666865
90625  -24.240  -7.134  -17.605 0.8888888955
89461  -24.453  -7.556  -17.031 1.0000000000
91723  -23.683  -6.091  -17.311 1.0000000000
92854  -26.351  -5.479  -18.742 1.0000000000
141205  -19.739  0.595  -14.944 0.5555555820
100270  -24.599  1.370  -18.478 0.8888888955
103197  -20.312  4.353  -14.269 0.5555555820
104145  -23.103  5.619  -14.349 0.5555555820
103217  -21.296  4.741  -15.240 0.7777777910
103281  -26.336  3.829  -19.197 0.8888888955
105259  -29.979  5.701  -18.648 0.6666666865
105211  -24.954  6.062  -17.492 0.7777777910
107309  -26.186  8.764  -16.603 0.6666666865
141207  -19.130  1.402  -14.423 0.4444444478
103164  -19.588  3.547  -13.007 0.4444444478
87257  -25.504  -10.679  -17.266 0.5555555820
88381  -25.447  -9.359  -18.107 0.5555555820
90658  -27.344  -7.337  -19.683 0.8888888955
89491  -26.530  -9.042  -18.969 0.6666666865
89490  -25.945  -8.539  -18.744 0.6666666865
91756  -27.847  -6.415  -19.852 0.7777777910
91757  -28.507  -6.418  -20.238 0.7777777910
93984  -27.931  -4.679  -20.009 0.8888888955
93967  -27.291  -4.667  -19.615 1.0000000000
95057  -28.320  -3.736  -20.052 0.8888888955
96117  -28.582  -2.680  -20.352 0.6666666865
97173  -29.934  -1.621  -20.487 0.6666666865
98194  -30.435  -0.691  -20.355 0.5555555820
99198  -31.598  0.033  -19.533 0.5555555820
99197  -31.155  0.395  -19.786 0.5555555820
100272  -31.641  1.536  -18.993 0.5555555820
108317  -27.557  9.238  -17.808 0.6666666865
109304  -28.326  9.737  -17.544 0.6666666865
109298  -30.216  10.243  -17.390 0.6666666865
108309  -29.719  9.320  -17.630 0.6666666865
108310  -30.843  9.506  -17.463 0.6666666865
88358  -24.538  -9.297  -16.885 0.6666666865
87216  -25.553  -10.487  -16.488 0.5555555820
87236  -25.336  -10.696  -16.913 0.6666666865
87281  -25.322  -9.894  -17.517 0.6666666865
88369  -24.770  -9.105  -17.564 0.7777777910
89476  -24.572  -7.910  -17.629 0.8888888955
91724  -24.178  -6.504  -17.544 1.0000000000
91709  -23.833  -6.767  -17.425 1.0000000000
90624  -23.976  -6.942  -17.399 1.0000000000
91737  -26.583  -6.331  -18.844 1.0000000000
90641  -26.164  -6.869  -18.728 0.8888888955
90657  -26.528  -7.336  -19.021 0.8888888955
88335  -25.197  -9.408  -15.793 0.5555555820
88348  -24.774  -9.252  -16.259 0.6666666865
89475  -24.339  -7.337  -17.499 0.8888888955
90640  -25.608  -7.418  -18.568 0.8888888955
92855  -26.984  -5.502  -19.215 1.0000000000
92839  -24.733  -5.554  -18.032 1.0000000000
92872  -27.572  -5.534  -19.740 1.0000000000
89429  -23.954  -8.028  -16.058 0.6666666865
89445  -24.104  -7.664  -16.330 0.8888888955
90587  -23.397  -6.989  -16.276 0.8888888955
91665  -22.965  -6.569  -15.980 0.8888888955
91688  -22.826  -6.333  -16.383 1.0000000000
91664  -22.226  -6.052  -15.916 0.8888888955
92777  -22.521  -5.289  -15.835 1.0000000000
92837  -23.476  -5.618  -17.202 1.0000000000
92838  -24.049  -5.529  -17.507 1.0000000000
93952  -25.308  -4.581  -18.324 1.0000000000
95020  -25.835  -3.673  -18.620 1.0000000000
95037  -27.722  -3.935  -19.673 0.8888888955
96083  -26.217  -3.109  -18.843 1.0000000000
96098  -26.595  -2.625  -19.355 1.0000000000
96099  -27.685  -2.836  -19.797 0.8888888955
93885  -22.365  -4.513  -15.675 1.0000000000
92778  -22.851  -5.750  -15.703 0.6666666865
94986  -22.152  -3.782  -16.328 1.0000000000
94957  -22.081  -3.682  -15.563 0.8888888955
97143  -24.177  -1.629  -18.471 1.0000000000
98177  -26.855  -0.745  -19.815 0.8888888955
98192  -28.561  -0.563  -20.436 0.7777777910
98193  -29.551  -0.596  -20.435 0.6666666865
93871  -22.393  -4.438  -15.109 0.7777777910
98130  -20.887  0.361  -15.809 0.6666666865
98131  -21.078  -0.279  -16.019 0.8888888955
97121  -21.758  -1.547  -16.017 0.8888888955
98132  -21.365  -0.743  -16.184 0.8888888955
96057  -22.062  -2.725  -16.112 1.0000000000
98145  -21.714  -0.681  -16.598 0.8888888955
98160  -23.795  -0.670  -18.355 1.0000000000
99194  -25.653  0.571  -19.291 0.8888888955
98190  -26.834  0.113  -20.002 0.8888888955
98191  -27.549  -0.471  -20.255 0.7777777910
98178  -31.424  -0.257  -19.918 0.5555555820
99196  -30.552  0.982  -20.066 0.6666666865
98113  -20.877  0.476  -15.499 0.5555555820
100216  -19.251  1.509  -15.386 0.6666666865
99146  -19.720  1.037  -15.437 0.7777777910
100238  -21.341  0.799  -16.370 0.8888888955
100252  -22.690  1.200  -17.229 1.0000000000
100283  -25.891  1.560  -19.507 0.7777777910
101328  -28.373  2.201  -20.376 0.7777777910
100286  -30.695  1.540  -19.927 0.5555555820
101261  -20.527  2.439  -15.843 0.8888888955
102342  -28.133  2.906  -20.167 0.7777777910
102344  -29.571  2.711  -20.193 0.7777777910
102345  -30.013  2.542  -20.170 0.6666666865
102268  -21.177  3.609  -15.826 0.8888888955
102293  -22.199  3.203  -16.654 1.0000000000
102314  -23.912  3.231  -17.743 0.8888888955
102328  -26.615  3.322  -19.516 0.7777777910
102331  -29.243  3.499  -19.940 0.6666666865
102317  -31.356  3.212  -18.598 0.5555555820
104167  -22.308  5.472  -14.929 0.6666666865
103233  -21.669  4.305  -15.880 0.8888888955
102316  -25.324  3.328  -18.604 0.8888888955
103268  -26.482  4.847  -18.894 0.8888888955
103270  -31.562  4.178  -18.315 0.5555555820
104144  -22.201  5.586  -14.095 0.5555555820
104195  -23.295  5.524  -16.222 0.7777777910
104238  -31.941  4.781  -18.151 0.5555555820
104233  -24.905  5.322  -17.651 0.7777777910
105255  -27.250  5.642  -18.991 0.6666666865
105238  -29.723  6.388  -18.592 0.5555555820
105258  -29.361  5.749  -18.803 0.5555555820
105213  -30.967  6.750  -17.885 0.4444444478
104221  -31.600  5.741  -17.750 0.4444444478
107324  -28.921  8.343  -17.866 0.6666666865
107325  -29.669  8.360  -17.850 0.6666666865
107342  -27.077  8.495  -18.126 0.6666666865
109305  -28.958  9.514  -17.559 0.6666666865
93985  -28.656  -4.639  -20.349 0.7777777910
96118  -29.451  -2.629  -20.584 0.6666666865
109299  -31.176  10.417  -17.237 0.6666666865
86159  -28.853  -11.461  -19.856 0.4444444478
86144  -26.003  -11.539  -17.480 0.4444444478
86145  -26.556  -11.552  -18.211 0.4444444478
87282  -26.028  -10.426  -17.848 0.4444444478
87283  -26.865  -10.521  -18.527 0.4444444478
87284  -27.733  -10.549  -18.959 0.4444444478
88382  -26.309  -9.578  -18.521 0.4444444478
88384  -27.942  -9.933  -19.188 0.4444444478
88401  -28.082  -9.326  -19.545 0.4444444478
88383  -27.277  -9.505  -18.970 0.4444444478
88400  -27.506  -8.866  -19.471 0.4444444478
92875  -29.931  -5.712  -20.672 0.6666666865
93986  -29.484  -4.627  -20.533 0.6666666865
93988  -30.945  -4.392  -20.324 0.5555555820
95059  -29.868  -3.601  -20.591 0.5555555820
95058  -29.070  -3.651  -20.441 0.5555555820
98196  -31.765  -0.973  -20.208 0.4444444478
108306  -26.772  9.246  -17.588 0.5555555820
109303  -27.719  9.905  -17.443 0.5555555820
109296  -28.197  10.309  -17.314 0.5555555820
109297  -29.088  10.272  -17.393 0.5555555820
110262  -30.619  10.955  -17.283 0.5555555820
85076  -27.753  -12.164  -18.976 0.4444444478
92876  -30.817  -5.351  -20.571 0.4444444478
97161  -32.038  -1.582  -20.034 0.4444444478
109295  -27.532  10.287  -17.112 0.5555555820
109285  -27.426  10.243  -16.189 0.5555555820
110263  -31.038  10.963  -17.268 0.5555555820
85064  -27.834  -12.820  -18.816 0.4444444478
85061  -25.797  -12.319  -17.253 0.4444444478
99182  -31.469  0.975  -19.353 0.4444444478
108297  -26.664  9.559  -16.770 0.5555555820
108298  -27.105  10.062  -16.921 0.5555555820
109287  -28.597  10.628  -17.129 0.5555555820
110251  -29.025  11.169  -16.821 0.5555555820
110252  -30.115  11.576  -16.959 0.5555555820
109284  -26.791  9.736  -16.025 0.5555555820
86130  -25.635  -11.588  -17.074 0.4444444478
89509  -26.866  -8.382  -19.299 0.5555555820
90677  -28.067  -7.218  -20.088 0.6666666865
92873  -28.234  -5.544  -20.167 0.6666666865
96119  -30.289  -2.602  -20.568 0.5555555820
97174  -30.794  -1.627  -20.463 0.4444444478
86158  -28.048  -11.455  -19.347 0.4444444478
86176  -29.453  -11.074  -20.233 0.4444444478
86146  -27.335  -11.489  -18.788 0.4444444478
87306  -28.356  -10.422  -19.683 0.4444444478
93987  -30.290  -4.546  -20.566 0.5555555820
108307  -27.146  9.798  -17.353 0.5555555820
110261  -29.809  10.891  -17.266 0.5555555820
85077  -28.397  -12.462  -19.279 0.4444444478
108288  -26.504  9.394  -15.849 0.4444444478
109286  -28.160  10.663  -16.838 0.4444444478
111276  -30.672  12.504  -16.685 0.4444444478
111274  -28.704  11.776  -16.532 0.4444444478
109272  -26.399  10.100  -15.525 0.4444444478
87192  -25.696  -9.422  -16.025 0.5555555820
89508  -26.366  -8.036  -18.935 0.8888888955
91726  -25.881  -6.357  -18.593 1.0000000000
93953  -26.067  -4.587  -18.676 1.0000000000
92805  -22.552  -5.715  -16.316 1.0000000000
93916  -22.792  -5.215  -16.200 1.0000000000
93939  -22.826  -4.475  -16.635 1.0000000000
97158  -25.791  -1.404  -19.215 1.0000000000
97120  -21.358  -0.915  -16.014 0.8888888955
99210  -27.350  0.629  -20.329 0.7777777910
100297  -27.777  1.468  -20.392 0.7777777910
98195  -31.279  -0.656  -20.194 0.4444444478
100299  -29.566  1.347  -20.485 0.6666666865
99147  -20.561  0.697  -15.722 0.7777777910
99102  -18.935  0.603  -14.921 0.6666666865
99129  -18.863  0.920  -15.230 0.6666666865
99161  -21.576  0.266  -16.456 0.8888888955
99179  -23.539  0.243  -18.006 1.0000000000
101330  -29.880  2.122  -20.439 0.7777777910
101243  -19.238  2.455  -15.140 0.6666666865
101219  -19.352  2.824  -14.557 0.6666666865
102229  -19.442  3.269  -14.074 0.6666666865
102230  -19.595  3.756  -14.473 0.6666666865
100215  -18.537  1.351  -15.115 0.6666666865
99101  -18.459  0.840  -15.008 0.6666666865
101242  -18.553  1.848  -14.843 0.6666666865
101218  -19.316  2.271  -14.270 0.5555555820
141202  -19.043  0.925  -14.570 0.4444444478
100236  -20.085  1.476  -15.720 0.7777777910
100250  -21.356  1.750  -16.396 0.8888888955
101280  -21.076  1.981  -16.297 0.8888888955
102294  -23.115  3.409  -17.083 0.8888888955
101302  -25.549  2.434  -19.132 0.7777777910
101316  -26.989  2.508  -19.794 0.7777777910
100285  -27.265  1.850  -20.025 0.7777777910
102343  -28.829  2.855  -20.226 0.7777777910
101318  -30.718  2.350  -19.647 0.5555555820
103180  -19.708  3.774  -13.633 0.4444444478
102213  -19.187  2.875  -13.396 0.5555555820
102214  -19.348  3.314  -13.398 0.4444444478
103282  -26.851  4.335  -19.323 0.8888888955
100287  -31.142  1.553  -19.495 0.5555555820
104247  -28.256  5.140  -19.432 0.6666666865
105256  -27.753  5.789  -19.029 0.6666666865
104237  -31.357  5.260  -18.246 0.4444444478
105237  -28.999  6.557  -18.742 0.5555555820
105240  -31.152  6.044  -17.809 0.4444444478
108318  -28.592  9.045  -17.779 0.6666666865
108319  -29.114  9.177  -17.631 0.6666666865
108316  -26.949  8.975  -17.922 0.6666666865
141201  -19.533  0.644  -14.771 0.5555555820
103181  -20.205  4.046  -13.262 0.4444444478
102201  -19.203  3.166  -12.981 0.4444444478
103153  -19.523  3.255  -12.786 0.4444444478
108311  -31.431  9.618  -17.198 0.4444444478
92874  -29.000  -5.579  -20.480 0.6666666865
98179  -31.818  -0.488  -19.841 0.4444444478
141209  -19.018  2.423  -13.095 0.5555555820
141208  -19.339  3.001  -12.769 0.4444444478
103154  -19.610  3.109  -12.602 0.4444444478
87331  -29.634  -10.738  -20.383 0.4444444478
95060  -30.587  -3.535  -20.411 0.5555555820
97176  -32.013  -1.203  -20.124 0.4444444478
99128  -18.524  1.040  -15.130 0.6666666865
