#!ascii label  , from subject S5_07 vox2ras=TkReg
614
16486  -43.208  -70.460  -22.646 0.0000000000
28387  -41.753  -61.995  -26.669 0.0000000000
24429  -43.248  -64.090  -17.474 0.0000000000
20501  -45.203  -67.201  -22.648 0.0000000000
26966  -40.317  -62.290  -21.370 0.0000000000
16407  -42.319  -69.961  -17.713 0.0000000000
24382  -37.937  -64.356  -14.888 0.0000000000
21694  -37.458  -65.918  -9.085 0.0000000000
29560  -41.598  -60.890  -16.173 0.0000000000
26925  -43.290  -62.730  -18.640 0.0000000000
30980  -39.830  -59.692  -19.558 0.0000000000
20424  -40.076  -67.278  -16.651 0.0000000000
20393  -39.182  -67.213  -13.042 0.0000000000
26724  -38.127  -62.357  -7.637 0.0000000000
26771  -36.178  -62.484  -10.300 0.0000000000
16524  -45.174  -69.857  -24.394 0.0000000000
21888  -42.102  -66.161  -25.276 0.0000000000
20537  -45.324  -67.728  -26.832 0.0000000000
23251  -42.762  -65.178  -28.320 0.0000000000
20476  -43.187  -67.624  -20.459 0.0000000000
19149  -46.758  -68.248  -20.526 0.0000000000
24496  -42.199  -65.097  -21.754 0.0000000000
25767  -40.569  -63.241  -23.819 0.0000000000
20473  -40.372  -67.834  -19.976 0.0000000000
24417  -40.193  -64.411  -17.098 0.0000000000
28143  -40.078  -61.165  -14.961 0.0000000000
20366  -39.512  -67.849  -10.444 0.0000000000
23044  -37.014  -65.691  -12.319 0.0000000000
28121  -37.643  -61.663  -13.447 0.0000000000
34918  -39.423  -56.523  -15.099 0.0000000000
20523  -48.053  -68.899  -24.054 0.0000000000
28325  -49.954  -61.674  -24.082 0.0000000000
31096  -46.534  -60.080  -25.771 0.0000000000
31161  -47.365  -60.136  -28.350 0.0000000000
30958  -40.572  -59.851  -16.454 0.0000000000
29597  -41.238  -60.513  -17.114 0.0000000000
16505  -44.089  -70.057  -23.091 0.0000000000
24527  -41.139  -64.419  -26.311 0.0000000000
23219  -42.279  -66.051  -26.465 0.0000000000
25815  -41.793  -63.480  -27.744 0.0000000000
25828  -42.218  -63.400  -29.095 0.0000000000
29778  -42.624  -60.738  -27.570 0.0000000000
23143  -43.103  -66.043  -18.800 0.0000000000
24444  -44.558  -64.374  -18.105 0.0000000000
25715  -41.172  -62.826  -19.898 0.0000000000
25731  -42.747  -63.830  -20.104 0.0000000000
25748  -41.224  -63.944  -21.398 0.0000000000
24494  -40.724  -64.156  -22.647 0.0000000000
26981  -40.458  -62.425  -22.374 0.0000000000
16455  -40.798  -70.297  -20.114 0.0000000000
16425  -40.978  -69.881  -18.916 0.0000000000
23095  -39.034  -66.100  -15.645 0.0000000000
23122  -39.635  -65.649  -17.140 0.0000000000
24400  -38.947  -64.283  -16.085 0.0000000000
25651  -40.032  -62.851  -15.900 0.0000000000
25624  -38.867  -62.771  -14.875 0.0000000000
21714  -38.076  -66.823  -9.987 0.0000000000
21734  -38.221  -66.785  -10.957 0.0000000000
23021  -37.081  -65.815  -10.353 0.0000000000
30886  -37.640  -59.726  -11.554 0.0000000000
26803  -36.600  -62.436  -12.403 0.0000000000
29495  -38.042  -59.885  -12.670 0.0000000000
30905  -38.886  -59.420  -13.532 0.0000000000
21866  -47.105  -66.929  -21.645 0.0000000000
19183  -47.519  -68.920  -22.659 0.0000000000
20515  -46.771  -67.973  -23.436 0.0000000000
20539  -47.110  -68.293  -26.941 0.0000000000
29702  -52.702  -61.191  -23.523 0.0000000000
29742  -48.655  -61.040  -25.245 0.0000000000
29765  -49.636  -61.205  -27.109 0.0000000000
25673  -42.733  -62.782  -16.783 0.0000000000
26909  -43.985  -62.720  -17.530 0.0000000000
29581  -42.530  -61.226  -17.056 0.0000000000
28227  -40.841  -61.438  -18.458 0.0000000000
28253  -40.078  -61.284  -20.236 0.0000000000
19104  -40.915  -68.581  -17.428 0.0000000000
21753  -39.358  -66.895  -14.522 0.0000000000
21752  -38.574  -66.282  -14.448 0.0000000000
24276  -37.436  -64.543  -7.776 0.0000000000
23005  -36.698  -64.884  -9.411 0.0000000000
26744  -36.726  -62.958  -8.783 0.0000000000
29452  -37.233  -60.249  -10.146 0.0000000000
32235  -39.021  -57.951  -10.752 0.0000000000
20512  -43.595  -66.969  -23.522 0.0000000000
20520  -44.699  -67.571  -24.498 0.0000000000
20527  -43.200  -67.179  -25.685 0.0000000000
21900  -43.711  -66.738  -27.460 0.0000000000
21931  -44.955  -66.135  -29.139 0.0000000000
24571  -43.033  -64.836  -29.769 0.0000000000
27108  -42.361  -62.549  -30.759 0.0000000000
28450  -42.840  -61.554  -30.579 0.0000000000
17831  -42.972  -69.375  -22.058 0.0000000000
17833  -45.159  -69.195  -21.903 0.0000000000
21820  -46.609  -66.208  -19.845 0.0000000000
21834  -46.134  -65.774  -20.568 0.0000000000
25719  -44.767  -63.606  -18.864 0.0000000000
24465  -44.717  -64.850  -20.373 0.0000000000
21847  -43.723  -66.090  -21.846 0.0000000000
23190  -42.074  -65.969  -23.391 0.0000000000
24511  -40.791  -64.199  -24.723 0.0000000000
27020  -41.274  -62.554  -25.266 0.0000000000
17830  -41.861  -69.374  -21.536 0.0000000000
20487  -41.506  -67.984  -20.791 0.0000000000
23142  -42.029  -66.073  -18.937 0.0000000000
20449  -40.070  -67.701  -18.237 0.0000000000
21796  -40.312  -65.935  -18.128 0.0000000000
24427  -41.362  -64.463  -17.633 0.0000000000
26890  -41.235  -62.649  -16.356 0.0000000000
28171  -40.716  -61.183  -15.442 0.0000000000
30945  -40.446  -59.655  -15.726 0.0000000000
20389  -39.050  -67.205  -12.224 0.0000000000
21743  -38.308  -66.599  -13.255 0.0000000000
23053  -37.363  -65.361  -13.628 0.0000000000
24346  -36.330  -64.113  -11.273 0.0000000000
24360  -36.715  -64.154  -13.184 0.0000000000
25622  -37.404  -63.465  -14.029 0.0000000000
28141  -38.672  -61.402  -14.057 0.0000000000
30924  -40.023  -59.488  -15.084 0.0000000000
17851  -46.476  -69.516  -22.339 0.0000000000
17888  -47.695  -70.236  -24.172 0.0000000000
20522  -47.172  -68.450  -24.672 0.0000000000
19216  -48.146  -69.133  -26.323 0.0000000000
29692  -41.752  -61.038  -23.341 0.0000000000
28306  -41.946  -61.210  -24.469 0.0000000000
29714  -43.367  -60.676  -24.805 0.0000000000
29740  -46.298  -60.447  -25.231 0.0000000000
29738  -44.206  -60.097  -25.855 0.0000000000
31112  -44.207  -59.755  -27.235 0.0000000000
31158  -44.416  -60.103  -28.573 0.0000000000
32320  -40.174  -59.175  -16.392 0.0000000000
30957  -39.979  -59.267  -16.943 0.0000000000
16504  -43.302  -70.690  -23.505 0.0000000000
16487  -43.824  -69.928  -22.728 0.0000000000
27042  -41.490  -62.652  -26.383 0.0000000000
25800  -41.451  -63.485  -26.944 0.0000000000
27059  -41.850  -62.572  -27.408 0.0000000000
27079  -42.075  -62.995  -27.953 0.0000000000
28388  -42.135  -61.561  -27.218 0.0000000000
23134  -43.572  -65.327  -18.279 0.0000000000
23135  -44.452  -65.150  -18.341 0.0000000000
24443  -43.882  -64.671  -17.809 0.0000000000
25729  -40.691  -62.793  -20.733 0.0000000000
25747  -40.613  -63.408  -21.737 0.0000000000
28272  -40.506  -61.551  -21.883 0.0000000000
16427  -42.295  -70.783  -18.012 0.0000000000
15026  -41.910  -71.274  -18.490 0.0000000000
16439  -41.132  -70.732  -19.124 0.0000000000
16426  -41.411  -70.395  -18.545 0.0000000000
23094  -38.643  -65.585  -15.502 0.0000000000
24415  -38.629  -65.044  -16.154 0.0000000000
24399  -38.412  -64.520  -15.527 0.0000000000
25650  -39.171  -63.338  -15.615 0.0000000000
25649  -38.361  -63.862  -15.245 0.0000000000
21684  -37.625  -65.999  -8.342 0.0000000000
21685  -38.156  -66.536  -8.016 0.0000000000
21695  -38.031  -66.548  -8.979 0.0000000000
20348  -38.695  -67.205  -9.265 0.0000000000
21713  -37.532  -66.192  -9.789 0.0000000000
30887  -38.026  -59.336  -12.146 0.0000000000
29494  -37.405  -60.519  -12.288 0.0000000000
32280  -38.768  -58.903  -13.174 0.0000000000
32259  -38.917  -58.074  -12.841 0.0000000000
21865  -45.949  -66.773  -21.794 0.0000000000
20502  -46.398  -67.454  -22.458 0.0000000000
28347  -51.214  -61.864  -25.594 0.0000000000
28370  -50.462  -61.589  -26.480 0.0000000000
28371  -51.351  -61.638  -26.806 0.0000000000
28193  -41.891  -61.435  -16.304 0.0000000000
26892  -43.004  -62.283  -16.697 0.0000000000
29580  -41.978  -61.003  -16.690 0.0000000000
29609  -40.545  -60.451  -18.043 0.0000000000
28211  -41.479  -61.097  -17.720 0.0000000000
28226  -40.086  -61.048  -18.699 0.0000000000
28239  -40.038  -61.336  -19.509 0.0000000000
29632  -39.926  -60.571  -19.892 0.0000000000
21744  -39.057  -66.895  -13.751 0.0000000000
24277  -37.919  -64.053  -7.068 0.0000000000
25520  -37.458  -63.310  -7.818 0.0000000000
25540  -36.908  -63.257  -8.458 0.0000000000
26745  -37.215  -62.415  -8.490 0.0000000000
30848  -38.123  -59.088  -10.652 0.0000000000
16537  -45.316  -70.140  -25.176 0.0000000000
21884  -43.011  -66.857  -24.305 0.0000000000
21890  -43.273  -67.106  -24.898 0.0000000000
21889  -42.746  -66.778  -25.521 0.0000000000
23233  -42.645  -65.520  -27.713 0.0000000000
21899  -43.048  -66.678  -26.889 0.0000000000
23234  -43.360  -65.879  -28.094 0.0000000000
23252  -43.368  -65.407  -28.602 0.0000000000
23268  -43.670  -65.212  -29.315 0.0000000000
28429  -42.442  -61.381  -29.261 0.0000000000
27095  -42.240  -62.403  -29.739 0.0000000000
29831  -42.993  -60.953  -29.870 0.0000000000
19146  -43.480  -68.132  -20.802 0.0000000000
19147  -44.519  -68.206  -20.736 0.0000000000
21835  -46.707  -65.982  -20.317 0.0000000000
24453  -46.132  -64.802  -19.981 0.0000000000
28231  -44.149  -62.354  -17.869 0.0000000000
25692  -44.816  -63.152  -17.970 0.0000000000
26927  -44.726  -63.123  -18.494 0.0000000000
24464  -43.492  -64.289  -20.242 0.0000000000
24487  -43.984  -64.920  -20.982 0.0000000000
23174  -44.614  -65.397  -20.972 0.0000000000
23173  -43.388  -65.696  -21.650 0.0000000000
23183  -42.920  -66.065  -22.484 0.0000000000
24503  -40.497  -64.078  -23.748 0.0000000000
25771  -40.644  -63.535  -24.491 0.0000000000
25776  -40.884  -63.673  -25.118 0.0000000000
27019  -40.914  -63.169  -24.956 0.0000000000
17814  -40.548  -69.231  -20.310 0.0000000000
17829  -41.038  -69.364  -21.037 0.0000000000
19144  -41.042  -68.207  -20.671 0.0000000000
21832  -41.875  -67.070  -20.004 0.0000000000
20460  -40.848  -67.200  -19.534 0.0000000000
20441  -40.317  -67.835  -17.525 0.0000000000
24425  -39.986  -65.051  -17.237 0.0000000000
21795  -39.898  -66.403  -17.976 0.0000000000
23123  -40.192  -65.601  -17.672 0.0000000000
23131  -40.696  -65.528  -18.125 0.0000000000
25687  -40.767  -64.140  -17.274 0.0000000000
25688  -41.494  -63.725  -17.228 0.0000000000
25671  -40.382  -63.426  -16.555 0.0000000000
26867  -39.888  -62.592  -15.590 0.0000000000
26868  -40.759  -62.179  -15.770 0.0000000000
26841  -40.319  -61.686  -15.282 0.0000000000
29532  -40.360  -60.359  -15.326 0.0000000000
20382  -38.968  -67.244  -11.212 0.0000000000
21738  -37.572  -66.318  -11.644 0.0000000000
21739  -38.333  -66.682  -11.983 0.0000000000
21742  -37.589  -66.288  -12.618 0.0000000000
25556  -36.267  -63.377  -9.914 0.0000000000
23020  -36.506  -65.000  -10.458 0.0000000000
25569  -36.190  -63.293  -10.837 0.0000000000
26804  -36.902  -61.978  -12.869 0.0000000000
25595  -36.555  -63.219  -12.492 0.0000000000
25602  -36.704  -63.400  -13.016 0.0000000000
25603  -36.983  -63.562  -13.516 0.0000000000
26838  -37.759  -62.860  -14.162 0.0000000000
26839  -38.399  -62.161  -14.263 0.0000000000
26819  -37.859  -61.912  -13.753 0.0000000000
30923  -39.448  -59.364  -14.289 0.0000000000
32297  -39.618  -58.454  -14.852 0.0000000000
19168  -46.075  -68.846  -21.257 0.0000000000
17850  -45.427  -69.529  -22.424 0.0000000000
19181  -46.644  -69.138  -21.696 0.0000000000
19195  -48.081  -69.284  -23.492 0.0000000000
17853  -47.845  -69.593  -23.152 0.0000000000
17872  -48.250  -69.944  -23.672 0.0000000000
16525  -47.940  -70.305  -24.892 0.0000000000
16526  -48.164  -70.147  -24.966 0.0000000000
20529  -44.944  -67.662  -25.647 0.0000000000
20521  -45.893  -67.883  -24.583 0.0000000000
20530  -46.124  -68.005  -25.782 0.0000000000
19223  -47.981  -68.557  -27.523 0.0000000000
19215  -47.568  -68.567  -26.607 0.0000000000
29673  -41.610  -60.514  -22.547 0.0000000000
29674  -43.030  -60.352  -22.911 0.0000000000
29695  -44.837  -60.602  -23.763 0.0000000000
29715  -44.474  -60.530  -24.618 0.0000000000
29741  -47.330  -60.697  -25.118 0.0000000000
29739  -45.275  -60.269  -25.326 0.0000000000
31094  -45.224  -59.705  -26.061 0.0000000000
29761  -44.156  -59.821  -26.696 0.0000000000
31114  -45.881  -59.499  -26.746 0.0000000000
29800  -48.135  -60.354  -27.931 0.0000000000
31137  -46.626  -59.718  -27.590 0.0000000000
29579  -41.300  -60.559  -16.441 0.0000000000
30961  -40.423  -59.863  -17.374 0.0000000000
30960  -39.932  -59.319  -17.775 0.0000000000
32360  -39.751  -58.943  -19.097 0.0000000000
26746  -37.794  -61.891  -8.273 0.0000000000
29413  -38.878  -60.524  -8.600 0.0000000000
16523  -44.218  -69.964  -24.179 0.0000000000
23207  -41.662  -65.589  -25.723 0.0000000000
23208  -42.232  -66.108  -25.742 0.0000000000
23218  -41.794  -65.235  -26.957 0.0000000000
23232  -42.111  -64.992  -27.514 0.0000000000
24551  -42.404  -64.519  -28.432 0.0000000000
25816  -42.042  -63.463  -28.327 0.0000000000
27080  -42.124  -62.445  -28.472 0.0000000000
29796  -42.727  -60.789  -28.515 0.0000000000
21817  -43.705  -66.595  -19.459 0.0000000000
23144  -44.192  -65.853  -18.797 0.0000000000
23145  -45.042  -65.627  -18.951 0.0000000000
23136  -44.965  -64.967  -18.651 0.0000000000
25703  -42.474  -62.862  -19.009 0.0000000000
25704  -42.892  -63.185  -19.182 0.0000000000
25716  -42.341  -63.180  -19.737 0.0000000000
25730  -41.598  -63.672  -20.697 0.0000000000
24485  -41.752  -64.484  -21.280 0.0000000000
24495  -41.476  -64.871  -22.305 0.0000000000
24484  -41.028  -64.271  -21.821 0.0000000000
25760  -40.439  -63.303  -22.975 0.0000000000
26992  -40.758  -62.394  -23.474 0.0000000000
16438  -40.984  -70.347  -19.331 0.0000000000
17801  -40.626  -69.418  -19.330 0.0000000000
21768  -39.562  -66.753  -15.664 0.0000000000
21785  -39.644  -66.479  -16.888 0.0000000000
23112  -39.063  -65.724  -16.251 0.0000000000
24416  -39.447  -64.666  -16.657 0.0000000000
25670  -39.432  -63.899  -16.269 0.0000000000
26840  -39.674  -62.191  -14.984 0.0000000000
20365  -38.792  -67.313  -10.232 0.0000000000
21733  -37.531  -66.351  -10.665 0.0000000000
23038  -36.957  -65.772  -11.213 0.0000000000
28062  -36.270  -61.589  -10.815 0.0000000000
26790  -36.176  -62.445  -11.345 0.0000000000
29493  -36.795  -61.112  -11.979 0.0000000000
28106  -36.880  -61.525  -12.399 0.0000000000
29511  -37.715  -61.045  -13.204 0.0000000000
28122  -38.220  -61.355  -13.689 0.0000000000
29512  -38.305  -60.328  -13.304 0.0000000000
32281  -39.036  -58.286  -13.562 0.0000000000
33597  -39.259  -57.262  -14.364 0.0000000000
20489  -47.559  -67.488  -21.176 0.0000000000
19170  -47.303  -68.315  -21.635 0.0000000000
21867  -47.549  -67.167  -21.450 0.0000000000
20503  -47.325  -67.825  -22.158 0.0000000000
20516  -47.642  -68.544  -23.371 0.0000000000
20538  -46.409  -68.083  -26.934 0.0000000000
28327  -51.888  -61.661  -24.547 0.0000000000
28326  -51.047  -61.931  -24.391 0.0000000000
28345  -49.214  -61.454  -24.542 0.0000000000
28346  -50.045  -61.649  -25.214 0.0000000000
29763  -47.739  -60.413  -26.098 0.0000000000
31115  -46.874  -59.839  -26.443 0.0000000000
29781  -48.871  -60.705  -27.507 0.0000000000
29782  -49.490  -61.190  -27.984 0.0000000000
25689  -42.525  -63.478  -17.188 0.0000000000
25690  -43.509  -63.198  -17.254 0.0000000000
25674  -43.212  -62.668  -16.897 0.0000000000
26893  -43.449  -62.486  -17.063 0.0000000000
28230  -43.675  -62.057  -17.981 0.0000000000
29598  -42.076  -61.016  -17.244 0.0000000000
28212  -42.351  -61.321  -17.668 0.0000000000
26924  -42.292  -62.211  -18.698 0.0000000000
26937  -41.139  -62.434  -19.348 0.0000000000
26947  -40.085  -61.734  -19.876 0.0000000000
28254  -40.317  -61.387  -21.017 0.0000000000
17771  -41.405  -69.135  -17.596 0.0000000000
20425  -40.661  -68.004  -16.559 0.0000000000
20408  -40.464  -67.618  -15.638 0.0000000000
21767  -39.034  -66.312  -15.145 0.0000000000
23074  -38.028  -65.309  -14.680 0.0000000000
22977  -37.551  -65.432  -7.864 0.0000000000
22988  -37.051  -65.140  -8.687 0.0000000000
23006  -36.992  -65.560  -9.618 0.0000000000
22987  -36.812  -64.820  -9.044 0.0000000000
25539  -36.598  -63.568  -9.068 0.0000000000
26759  -36.541  -62.633  -9.313 0.0000000000
28031  -37.559  -61.398  -8.728 0.0000000000
28047  -37.003  -61.637  -9.045 0.0000000000
28046  -36.574  -61.614  -9.725 0.0000000000
29471  -37.137  -60.094  -11.015 0.0000000000
30866  -38.010  -59.231  -11.345 0.0000000000
32234  -38.551  -58.499  -11.428 0.0000000000
20500  -44.156  -66.951  -22.789 0.0000000000
20514  -45.569  -67.640  -23.503 0.0000000000
20513  -44.464  -67.355  -23.527 0.0000000000
20536  -44.032  -67.344  -26.755 0.0000000000
21913  -45.346  -66.766  -28.444 0.0000000000
24570  -42.535  -64.208  -29.473 0.0000000000
24591  -42.610  -64.226  -30.353 0.0000000000
25853  -42.487  -63.511  -31.186 0.0000000000
27117  -42.555  -62.658  -31.398 0.0000000000
28464  -42.741  -62.062  -31.308 0.0000000000
17848  -43.690  -69.699  -22.433 0.0000000000
17832  -44.136  -69.234  -21.923 0.0000000000
19167  -44.889  -68.748  -21.289 0.0000000000
19148  -45.657  -68.286  -20.575 0.0000000000
20463  -45.627  -66.995  -19.659 0.0000000000
20465  -46.936  -66.767  -19.870 0.0000000000
21836  -47.071  -66.561  -20.212 0.0000000000
21850  -46.561  -66.354  -21.011 0.0000000000
21849  -45.322  -66.071  -21.100 0.0000000000
24430  -44.041  -63.987  -17.565 0.0000000000
25705  -44.701  -64.000  -18.247 0.0000000000
25718  -44.447  -63.670  -19.121 0.0000000000
24451  -44.228  -64.146  -19.713 0.0000000000
23155  -44.928  -65.182  -20.656 0.0000000000
21864  -44.751  -66.592  -22.038 0.0000000000
20499  -43.547  -66.665  -22.980 0.0000000000
21876  -42.874  -66.373  -23.327 0.0000000000
23200  -41.761  -65.831  -24.031 0.0000000000
23181  -41.613  -65.384  -22.998 0.0000000000
23189  -41.406  -65.455  -23.752 0.0000000000
23199  -41.492  -65.567  -24.619 0.0000000000
24519  -41.116  -64.805  -25.202 0.0000000000
25789  -41.055  -63.422  -26.031 0.0000000000
28368  -41.591  -61.904  -25.933 0.0000000000
16473  -42.139  -70.362  -22.004 0.0000000000
19165  -42.533  -68.487  -21.207 0.0000000000
16472  -41.364  -70.179  -21.312 0.0000000000
19164  -41.490  -68.602  -21.065 0.0000000000
20475  -42.193  -67.668  -20.666 0.0000000000
21816  -42.478  -66.563  -19.491 0.0000000000
23133  -42.517  -65.409  -18.427 0.0000000000
17786  -40.998  -69.358  -18.342 0.0000000000
19116  -40.420  -68.425  -18.482 0.0000000000
19130  -40.234  -68.297  -19.508 0.0000000000
20440  -39.843  -67.177  -17.663 0.0000000000
20448  -39.879  -67.280  -18.556 0.0000000000
20459  -40.386  -67.481  -19.469 0.0000000000
21805  -41.340  -66.143  -18.911 0.0000000000
23132  -41.444  -65.562  -18.512 0.0000000000
24428  -42.276  -64.242  -17.550 0.0000000000
25672  -41.753  -62.990  -16.750 0.0000000000
26869  -41.556  -61.756  -16.003 0.0000000000
28172  -41.366  -61.282  -15.816 0.0000000000
29559  -40.996  -60.488  -15.879 0.0000000000
32310  -40.261  -59.036  -16.029 0.0000000000
23054  -37.957  -65.989  -14.072 0.0000000000
23073  -37.666  -64.848  -14.416 0.0000000000
23037  -36.560  -64.969  -11.759 0.0000000000
25587  -36.353  -63.268  -11.796 0.0000000000
24353  -36.491  -64.020  -12.354 0.0000000000
23043  -36.761  -64.857  -12.803 0.0000000000
23052  -36.932  -64.687  -13.367 0.0000000000
24381  -37.493  -64.278  -14.322 0.0000000000
25623  -38.152  -63.371  -14.706 0.0000000000
28142  -39.273  -61.217  -14.350 0.0000000000
28123  -38.772  -60.919  -13.850 0.0000000000
29531  -39.788  -60.304  -14.641 0.0000000000
32309  -39.669  -58.375  -15.736 0.0000000000
17885  -44.823  -69.830  -23.335 0.0000000000
17886  -45.537  -69.752  -23.735 0.0000000000
19182  -47.226  -69.140  -21.932 0.0000000000
17870  -46.603  -69.753  -23.089 0.0000000000
17897  -45.848  -69.876  -24.396 0.0000000000
16538  -46.653  -70.429  -25.448 0.0000000000
20531  -47.018  -68.318  -26.070 0.0000000000
19209  -47.642  -68.814  -25.592 0.0000000000
19210  -48.046  -69.398  -25.271 0.0000000000
33688  -39.744  -57.910  -19.169 0.0000000000
31000  -40.049  -59.969  -20.253 0.0000000000
29633  -40.243  -60.575  -20.646 0.0000000000
29654  -40.682  -60.531  -21.614 0.0000000000
29672  -40.845  -61.015  -22.228 0.0000000000
28288  -40.921  -61.556  -22.731 0.0000000000
28289  -41.425  -61.284  -23.161 0.0000000000
26993  -41.127  -61.919  -23.769 0.0000000000
29675  -44.218  -60.354  -23.021 0.0000000000
29693  -42.437  -60.943  -23.784 0.0000000000
27006  -41.169  -62.147  -24.259 0.0000000000
28322  -41.868  -61.319  -25.014 0.0000000000
28344  -41.969  -61.350  -25.569 0.0000000000
29736  -42.408  -61.008  -25.846 0.0000000000
29719  -48.611  -61.323  -24.426 0.0000000000
29717  -46.639  -60.638  -24.394 0.0000000000
29716  -45.549  -60.573  -24.481 0.0000000000
29737  -43.036  -60.551  -25.818 0.0000000000
29759  -42.524  -60.802  -26.594 0.0000000000
29760  -43.436  -60.133  -26.928 0.0000000000
31134  -43.932  -59.896  -27.863 0.0000000000
31135  -44.733  -59.738  -27.891 0.0000000000
31157  -43.785  -60.192  -28.466 0.0000000000
29798  -43.995  -60.347  -29.074 0.0000000000
15035  -41.081  -70.815  -19.365 0.0000000000
16456  -41.132  -70.641  -20.793 0.0000000000
16471  -40.891  -69.960  -20.751 0.0000000000
17787  -41.604  -69.618  -17.919 0.0000000000
17834  -45.984  -69.231  -21.942 0.0000000000
17849  -44.443  -69.628  -22.498 0.0000000000
17852  -47.338  -69.574  -22.669 0.0000000000
17868  -44.860  -69.763  -22.857 0.0000000000
17869  -45.619  -69.748  -22.930 0.0000000000
17871  -47.574  -69.978  -23.320 0.0000000000
17887  -46.709  -69.840  -23.897 0.0000000000
17889  -48.275  -70.115  -24.457 0.0000000000
17898  -46.622  -70.126  -24.675 0.0000000000
17899  -47.343  -70.326  -24.934 0.0000000000
17900  -48.297  -69.920  -25.197 0.0000000000
19115  -40.029  -67.872  -18.805 0.0000000000
19129  -40.029  -67.645  -19.094 0.0000000000
19143  -40.533  -68.305  -20.313 0.0000000000
19145  -42.834  -68.001  -20.776 0.0000000000
19150  -47.362  -68.037  -20.873 0.0000000000
19163  -40.830  -68.751  -20.746 0.0000000000
19166  -43.745  -68.692  -21.352 0.0000000000
19169  -47.046  -68.713  -21.221 0.0000000000
19203  -47.897  -69.020  -24.735 0.0000000000
19204  -48.316  -69.560  -24.317 0.0000000000
19222  -47.460  -68.371  -27.237 0.0000000000
19235  -48.166  -68.374  -28.271 0.0000000000
20458  -40.024  -67.266  -19.054 0.0000000000
20461  -43.688  -67.222  -20.009 0.0000000000
20464  -46.532  -66.855  -19.752 0.0000000000
20474  -41.106  -67.513  -20.142 0.0000000000
20479  -46.275  -67.644  -19.963 0.0000000000
20480  -47.189  -67.222  -20.247 0.0000000000
20488  -41.896  -68.129  -21.049 0.0000000000
20519  -43.754  -67.283  -24.350 0.0000000000
20528  -43.701  -67.343  -25.436 0.0000000000
20535  -43.262  -67.210  -26.090 0.0000000000
20547  -44.125  -66.942  -27.571 0.0000000000
20551  -47.920  -68.241  -28.144 0.0000000000
21803  -40.085  -66.844  -18.823 0.0000000000
21804  -40.638  -66.229  -18.687 0.0000000000
21813  -40.220  -67.120  -19.159 0.0000000000
21814  -40.549  -66.932  -19.200 0.0000000000
21815  -41.344  -66.749  -19.437 0.0000000000
21821  -47.083  -66.679  -20.023 0.0000000000
21831  -41.442  -67.157  -19.824 0.0000000000
21833  -42.844  -67.130  -20.019 0.0000000000
21848  -44.236  -66.054  -21.639 0.0000000000
21851  -47.312  -66.754  -20.852 0.0000000000
21863  -43.672  -66.349  -22.330 0.0000000000
21875  -42.364  -66.238  -23.687 0.0000000000
21882  -41.777  -65.973  -24.997 0.0000000000
21883  -42.199  -66.241  -24.348 0.0000000000
21911  -43.357  -66.248  -27.710 0.0000000000
21930  -44.145  -65.837  -28.797 0.0000000000
23111  -38.721  -65.438  -15.995 0.0000000000
23147  -46.420  -65.106  -19.796 0.0000000000
23156  -45.400  -65.351  -20.571 0.0000000000
23157  -46.298  -65.112  -20.224 0.0000000000
23172  -42.688  -65.315  -21.756 0.0000000000
23175  -45.095  -65.628  -20.858 0.0000000000
23191  -42.529  -66.032  -22.880 0.0000000000
23253  -44.168  -65.559  -29.058 0.0000000000
24294  -36.718  -64.452  -9.036 0.0000000000
24295  -36.950  -64.055  -8.421 0.0000000000
24314  -36.459  -64.225  -9.704 0.0000000000
24328  -36.317  -64.010  -10.429 0.0000000000
24361  -37.098  -64.264  -13.720 0.0000000000
24426  -40.604  -64.890  -17.589 0.0000000000
24440  -41.176  -65.036  -18.018 0.0000000000
24441  -41.952  -64.896  -18.004 0.0000000000
24442  -42.948  -64.821  -17.819 0.0000000000
24445  -44.968  -64.420  -18.712 0.0000000000
24450  -43.764  -63.984  -19.835 0.0000000000
24462  -41.903  -64.110  -20.913 0.0000000000
24466  -45.849  -64.832  -20.107 0.0000000000
24467  -46.141  -64.917  -20.145 0.0000000000
24486  -42.812  -64.939  -21.145 0.0000000000
24488  -44.453  -65.011  -20.818 0.0000000000
24504  -41.037  -64.814  -23.289 0.0000000000
24512  -40.958  -64.852  -24.234 0.0000000000
24518  -40.852  -64.141  -25.508 0.0000000000
24526  -40.782  -63.919  -25.942 0.0000000000
24535  -41.767  -64.388  -27.525 0.0000000000
24536  -42.255  -64.834  -27.786 0.0000000000
24550  -41.823  -63.986  -28.119 0.0000000000
24610  -42.730  -64.396  -31.044 0.0000000000
25691  -44.497  -63.441  -17.810 0.0000000000
25702  -41.761  -62.636  -19.222 0.0000000000
25706  -44.958  -63.763  -18.349 0.0000000000
25714  -40.551  -62.494  -20.130 0.0000000000
25717  -43.484  -63.609  -19.533 0.0000000000
25732  -43.264  -63.881  -19.979 0.0000000000
25777  -40.991  -63.288  -25.408 0.0000000000
25788  -40.875  -63.676  -25.615 0.0000000000
25839  -42.346  -63.378  -30.101 0.0000000000
26723  -37.575  -62.689  -7.956 0.0000000000
26760  -36.760  -62.060  -9.102 0.0000000000
26817  -36.730  -62.898  -12.862 0.0000000000
26818  -37.242  -62.520  -13.446 0.0000000000
26891  -42.028  -62.186  -16.347 0.0000000000
26910  -44.539  -62.767  -17.886 0.0000000000
26911  -44.809  -63.005  -18.220 0.0000000000
26922  -40.756  -61.780  -19.014 0.0000000000
26923  -41.328  -61.995  -18.963 0.0000000000
26926  -44.329  -62.772  -18.332 0.0000000000
26935  -40.172  -61.739  -19.616 0.0000000000
26936  -40.509  -62.052  -19.555 0.0000000000
26938  -43.898  -62.919  -19.114 0.0000000000
26939  -44.590  -63.181  -18.842 0.0000000000
26940  -44.695  -63.332  -18.642 0.0000000000
26948  -40.154  -62.074  -20.415 0.0000000000
27005  -40.822  -62.826  -24.397 0.0000000000
27060  -42.069  -62.002  -27.818 0.0000000000
28032  -38.323  -61.377  -8.263 0.0000000000
28084  -36.473  -61.641  -11.754 0.0000000000
28107  -37.228  -61.508  -13.005 0.0000000000
28194  -42.784  -61.657  -16.728 0.0000000000
28195  -43.306  -62.087  -16.853 0.0000000000
28213  -42.956  -61.561  -17.446 0.0000000000
28214  -43.573  -62.153  -17.395 0.0000000000
28215  -44.092  -62.483  -17.682 0.0000000000
28228  -41.880  -61.643  -18.247 0.0000000000
28229  -42.806  -61.848  -18.096 0.0000000000
28240  -40.405  -61.552  -19.045 0.0000000000
28304  -41.141  -61.716  -23.408 0.0000000000
28305  -41.557  -61.463  -23.874 0.0000000000
28321  -41.593  -61.742  -24.697 0.0000000000
28328  -52.387  -61.329  -24.143 0.0000000000
28343  -41.680  -61.782  -25.292 0.0000000000
28369  -42.048  -61.430  -26.303 0.0000000000
28409  -42.324  -61.471  -28.146 0.0000000000
29432  -36.765  -61.062  -9.786 0.0000000000
29451  -36.709  -60.838  -10.310 0.0000000000
29470  -36.680  -60.901  -11.382 0.0000000000
29513  -39.196  -60.281  -13.906 0.0000000000
29599  -42.516  -61.245  -17.333 0.0000000000
29608  -40.026  -60.428  -18.599 0.0000000000
29618  -39.771  -60.502  -19.116 0.0000000000
29713  -42.381  -60.886  -25.029 0.0000000000
29762  -46.955  -60.268  -25.696 0.0000000000
29779  -43.255  -60.298  -28.021 0.0000000000
29797  -43.346  -60.482  -28.806 0.0000000000
29799  -44.627  -60.301  -29.247 0.0000000000
29815  -43.530  -60.664  -29.545 0.0000000000
30830  -37.717  -60.075  -9.795 0.0000000000
30847  -37.663  -59.678  -10.338 0.0000000000
30865  -37.693  -59.535  -10.973 0.0000000000
30904  -38.432  -59.386  -12.928 0.0000000000
30968  -39.885  -59.716  -18.561 0.0000000000
30969  -40.292  -59.765  -17.978 0.0000000000
31001  -40.453  -59.678  -20.883 0.0000000000
31095  -46.015  -59.835  -25.849 0.0000000000
31113  -44.850  -59.591  -26.876 0.0000000000
31116  -47.533  -60.114  -26.731 0.0000000000
31136  -45.654  -59.621  -27.816 0.0000000000
32298  -40.072  -58.991  -15.505 0.0000000000
