#!ascii label  , from subject S5_07 vox2ras=TkReg
2130
20640  -46.743  -67.920  -31.478 0.1000000015
20662  -45.691  -67.611  -32.456 0.1000000015
22003  -43.899  -66.975  -32.752 0.1000000015
20683  -46.064  -68.138  -33.715 0.1000000015
20682  -44.545  -67.336  -33.456 0.1000000015
19334  -46.942  -68.313  -34.304 0.1000000015
20700  -45.327  -68.058  -34.679 0.1000000015
19368  -46.842  -68.114  -35.481 0.1000000015
20740  -46.912  -67.641  -36.237 0.1000000015
19387  -45.426  -68.129  -36.258 0.1000000015
19404  -45.799  -68.107  -36.831 0.1000000015
20764  -46.466  -67.328  -36.785 0.1000000015
20763  -45.759  -67.631  -37.304 0.1000000015
19403  -45.059  -68.177  -37.211 0.1000000015
23410  -46.077  -65.843  -37.491 0.1000000015
25939  -46.230  -62.858  -37.165 0.1000000015
20762  -44.755  -67.618  -37.790 0.1000000015
23409  -45.172  -65.760  -37.656 0.1000000015
22078  -45.431  -66.754  -37.687 0.1000000015
21985  -47.098  -66.536  -31.653 0.1000000015
20663  -46.914  -67.915  -32.707 0.1000000015
22006  -47.630  -66.859  -32.527 0.1000000015
22023  -47.336  -66.403  -33.416 0.1000000015
22024  -47.659  -67.015  -33.708 0.1000000015
20684  -46.942  -68.028  -33.702 0.1000000015
19335  -47.227  -68.109  -34.667 0.1000000015
23348  -46.829  -66.262  -34.960 0.1000000015
22060  -47.095  -66.727  -36.381 0.1000000015
23411  -46.629  -66.014  -37.076 0.1000000015
35209  -46.927  -56.544  -31.722 0.1000000015
33903  -46.261  -57.589  -32.501 0.1000000015
32603  -46.024  -58.374  -33.669 0.1000000015
31263  -45.929  -59.502  -34.400 0.1000000015
28543  -45.567  -61.058  -35.948 0.1000000015
27204  -45.833  -62.000  -36.749 0.1000000015
27205  -46.236  -62.550  -36.824 0.1000000015
25938  -46.227  -63.513  -37.123 0.1000000015
24722  -45.967  -64.646  -37.493 0.1000000015
21965  -47.322  -66.552  -30.843 0.1000000015
23311  -43.833  -65.238  -31.700 0.2000000030
23286  -45.532  -65.768  -30.900 0.2000000030
21964  -46.463  -66.199  -31.003 0.1000000015
24629  -43.408  -64.599  -32.389 0.1000000015
23312  -44.494  -65.350  -32.388 0.1000000015
21984  -46.205  -66.065  -31.662 0.1000000015
24630  -44.069  -64.849  -33.105 0.1000000015
23313  -45.694  -65.719  -32.789 0.1000000015
36472  -48.304  -55.285  -27.450 0.1000000015
36494  -48.772  -55.023  -28.124 0.1000000015
24648  -44.307  -64.458  -33.869 0.1000000015
23329  -45.801  -65.596  -33.895 0.1000000015
23330  -46.729  -66.058  -34.149 0.1000000015
37801  -49.196  -53.963  -28.223 0.1000000015
37821  -49.638  -54.153  -28.767 0.1000000015
36509  -50.185  -55.107  -29.039 0.1000000015
36520  -50.764  -55.531  -30.503 0.1000000015
35213  -50.625  -56.297  -31.796 0.1000000015
23346  -45.027  -65.003  -34.429 0.1000000015
24662  -45.328  -64.297  -35.200 0.1000000015
23365  -46.332  -65.211  -36.350 0.1000000015
37838  -50.516  -54.940  -30.258 0.1000000015
37868  -50.473  -54.488  -31.043 0.1000000015
36535  -50.613  -55.284  -31.171 0.1000000015
35230  -48.468  -56.893  -32.586 0.1000000015
33905  -48.845  -57.183  -32.640 0.1000000015
32570  -46.975  -58.193  -31.874 0.1000000015
32588  -46.938  -58.206  -32.875 0.1000000015
24679  -45.920  -64.338  -36.120 0.1000000015
23386  -46.536  -65.097  -36.831 0.1000000015
36533  -48.976  -55.310  -31.618 0.1000000015
35210  -47.896  -56.450  -31.892 0.1000000015
33882  -46.808  -57.400  -32.084 0.1000000015
28517  -45.923  -61.087  -34.866 0.1000000015
27185  -46.137  -62.203  -36.086 0.1000000015
33904  -46.604  -57.602  -32.528 0.1000000015
32604  -46.695  -58.407  -33.452 0.1000000015
29913  -45.955  -60.269  -34.825 0.1000000015
24723  -46.476  -65.260  -37.192 0.1000000015
24611  -43.175  -64.886  -31.402 0.1000000015
23298  -43.822  -65.256  -30.915 0.2000000030
21948  -46.064  -66.179  -30.084 0.1000000015
21931  -44.955  -66.135  -29.139 0.2000000030
21932  -46.273  -66.738  -29.137 0.2000000030
25868  -42.880  -63.590  -32.137 0.1000000015
25869  -43.345  -63.542  -32.995 0.1000000015
36441  -47.330  -55.092  -26.075 0.1000000015
37799  -48.227  -54.609  -27.132 0.1000000015
24647  -43.708  -64.248  -33.282 0.1000000015
25889  -43.927  -63.530  -33.800 0.1000000015
27161  -44.230  -62.823  -33.986 0.1000000015
36495  -49.351  -55.135  -28.574 0.1000000015
36510  -50.507  -55.356  -29.828 0.1000000015
35190  -50.992  -56.419  -29.866 0.1000000015
24661  -44.750  -64.201  -34.539 0.1000000015
35197  -51.278  -56.582  -30.918 0.1000000015
33884  -49.193  -57.362  -32.315 0.1000000015
29872  -46.774  -59.838  -32.985 0.1000000015
27163  -45.568  -62.170  -34.858 0.1000000015
25923  -46.263  -63.279  -36.604 0.1000000015
27095  -42.240  -62.403  -29.739 0.1000000015
28450  -42.840  -61.554  -30.579 0.1000000015
27108  -42.361  -62.549  -30.759 0.1000000015
24591  -42.610  -64.226  -30.353 0.1000000015
24571  -43.033  -64.836  -29.769 0.2000000030
23268  -43.670  -65.212  -29.315 0.2000000030
24592  -43.089  -64.912  -30.579 0.2000000030
21913  -45.346  -66.766  -28.444 0.2000000030
27127  -42.748  -62.930  -31.816 0.1000000015
28464  -42.741  -62.062  -31.308 0.1000000015
28465  -43.678  -61.551  -31.788 0.1000000015
28478  -44.003  -61.805  -33.015 0.1000000015
36454  -47.780  -55.243  -26.874 0.1000000015
35154  -48.263  -56.243  -27.241 0.1000000015
33827  -48.631  -57.115  -27.493 0.1000000015
33828  -49.286  -57.579  -27.912 0.1000000015
27128  -43.230  -62.573  -32.481 0.1000000015
28494  -44.281  -62.086  -33.448 0.1000000015
37774  -47.415  -54.176  -25.694 0.1000000015
36440  -46.929  -55.075  -25.388 0.1000000015
35176  -48.705  -56.011  -28.149 0.1000000015
33856  -51.338  -57.238  -29.728 0.1000000015
33857  -51.585  -57.725  -30.063 0.1000000015
32551  -50.779  -58.708  -31.091 0.1000000015
32549  -48.648  -58.351  -30.365 0.1000000015
31201  -46.237  -59.073  -30.969 0.1000000015
31219  -45.957  -59.513  -31.776 0.1000000015
28495  -44.844  -61.742  -33.487 0.1000000015
39112  -47.362  -53.618  -25.383 0.1000000015
33867  -50.858  -57.449  -31.578 0.1000000015
31220  -46.782  -58.901  -32.282 0.1000000015
31235  -46.562  -59.497  -32.621 0.1000000015
27144  -45.300  -62.079  -33.995 0.1000000015
39090  -47.146  -53.138  -24.907 0.1000000015
40446  -46.978  -52.440  -24.355 0.1000000015
40447  -47.378  -52.184  -24.782 0.1000000015
40423  -46.585  -52.192  -23.750 0.1000000015
31158  -44.416  -60.103  -28.573 0.1000000015
29831  -42.993  -60.953  -29.870 0.1000000015
31161  -47.365  -60.136  -28.350 0.1000000015
31159  -45.386  -60.145  -28.981 0.1000000015
28429  -42.442  -61.381  -29.261 0.1000000015
24570  -42.535  -64.208  -29.473 0.1000000015
24552  -43.012  -64.807  -29.100 0.2000000030
31160  -46.477  -59.995  -28.717 0.1000000015
29816  -44.279  -60.535  -29.790 0.1000000015
23252  -43.368  -65.407  -28.602 0.2000000030
29818  -48.123  -60.446  -28.735 0.1000000015
29817  -44.994  -60.324  -29.857 0.1000000015
36404  -45.994  -54.564  -23.336 0.1000000015
36420  -46.537  -55.095  -24.735 0.1000000015
35110  -46.607  -55.656  -25.088 0.1000000015
35111  -46.892  -56.086  -25.561 0.1000000015
35128  -47.359  -55.913  -26.324 0.1000000015
33811  -47.998  -56.981  -26.769 0.1000000015
28410  -50.434  -61.561  -29.255 0.1000000015
29819  -48.848  -60.555  -29.095 0.1000000015
29833  -44.694  -60.522  -30.574 0.1000000015
32513  -50.561  -58.056  -28.545 0.1000000015
32514  -51.295  -58.163  -28.829 0.1000000015
32515  -51.719  -58.421  -29.372 0.1000000015
31202  -46.863  -59.192  -30.405 0.1000000015
31200  -45.676  -59.813  -30.918 0.1000000015
28466  -44.527  -61.083  -32.070 0.1000000015
37739  -45.847  -54.114  -23.062 0.1000000015
33842  -49.921  -57.341  -28.574 0.1000000015
33843  -50.859  -57.383  -29.166 0.1000000015
31185  -51.872  -59.644  -30.201 0.1000000015
31204  -50.512  -59.760  -30.494 0.1000000015
32532  -48.242  -59.092  -29.820 0.1000000015
29851  -45.264  -60.161  -31.315 0.1000000015
37740  -46.061  -54.088  -23.704 0.1000000015
39075  -46.422  -53.169  -24.162 0.1000000015
39074  -45.946  -53.235  -23.436 0.1000000015
41758  -45.918  -51.462  -23.432 0.1000000015
41759  -46.699  -51.636  -24.249 0.1000000015
29800  -48.135  -60.354  -27.931 0.1000000015
31135  -44.733  -59.738  -27.891 0.1000000015
25828  -42.218  -63.400  -29.095 0.1000000015
29801  -48.893  -60.705  -28.374 0.1000000015
28389  -50.529  -61.560  -27.957 0.1000000015
29796  -42.727  -60.789  -28.515 0.1000000015
24551  -42.404  -64.519  -28.432 0.1000000015
28412  -51.990  -61.099  -28.647 0.1000000015
28411  -51.292  -61.639  -28.944 0.1000000015
23251  -42.762  -65.178  -28.320 0.2000000030
36405  -46.223  -55.122  -23.718 0.1000000015
33810  -47.424  -56.812  -26.150 0.1000000015
32476  -47.760  -57.419  -26.328 0.1000000015
29803  -52.210  -60.318  -28.646 0.1000000015
29820  -49.756  -61.007  -29.627 0.1000000015
23233  -42.645  -65.520  -27.713 0.2000000030
35092  -46.569  -56.184  -24.558 0.1000000015
32495  -48.996  -57.989  -27.362 0.1000000015
32497  -51.020  -58.691  -28.113 0.1000000015
32498  -51.659  -58.880  -28.657 0.1000000015
29822  -52.097  -60.449  -29.490 0.1000000015
29821  -50.384  -61.005  -30.195 0.1000000015
39065  -45.758  -53.422  -22.626 0.1000000015
40422  -45.796  -52.473  -23.013 0.1000000015
41747  -45.549  -51.842  -22.521 0.1000000015
42937  -45.241  -50.804  -22.442 0.1000000015
28372  -51.946  -61.312  -26.941 0.1000000015
29765  -49.636  -61.205  -27.109 0.1000000015
29781  -48.871  -60.705  -27.507 0.1000000015
29782  -49.490  -61.190  -27.984 0.1000000015
29780  -48.103  -60.317  -27.025 0.1000000015
31134  -43.932  -59.896  -27.863 0.1000000015
28390  -51.576  -61.437  -27.858 0.1000000015
31114  -45.881  -59.499  -26.746 0.1000000015
27080  -42.124  -62.445  -28.472 0.1000000015
31141  -51.736  -59.743  -27.775 0.1000000015
29766  -52.062  -60.749  -27.175 0.1000000015
29778  -42.624  -60.738  -27.570 0.1000000015
36382  -45.963  -54.778  -22.984 0.1000000015
35078  -46.647  -56.240  -23.506 0.1000000015
35093  -46.871  -56.650  -25.068 0.1000000015
32467  -47.589  -57.736  -25.693 0.1000000015
32478  -49.252  -58.608  -26.758 0.1000000015
31139  -49.856  -58.861  -27.134 0.1000000015
31140  -50.579  -59.047  -27.296 0.1000000015
29783  -52.088  -60.662  -27.999 0.1000000015
25816  -42.042  -63.463  -28.327 0.1000000015
32477  -48.340  -57.871  -26.606 0.1000000015
32496  -49.865  -58.369  -27.775 0.1000000015
23232  -42.111  -64.992  -27.514 0.1000000015
39047  -45.860  -53.537  -21.752 0.1000000015
40399  -45.595  -52.813  -21.501 0.1000000015
40410  -45.577  -52.682  -22.164 0.1000000015
41736  -45.301  -51.878  -21.582 0.1000000015
42925  -44.837  -50.361  -21.357 0.1000000015
42926  -45.127  -51.039  -21.618 0.1000000015
44037  -44.415  -49.401  -21.734 0.1000000015
29745  -52.024  -60.927  -26.122 0.1000000015
28371  -51.351  -61.638  -26.806 0.1000000015
28370  -50.462  -61.589  -26.480 0.1000000015
31100  -51.786  -60.509  -25.908 0.1000000015
29764  -48.800  -60.734  -26.502 0.1000000015
31119  -51.710  -60.314  -26.500 0.1000000015
31099  -51.180  -60.063  -25.490 0.1000000015
31115  -46.874  -59.839  -26.443 0.1000000015
31112  -44.207  -59.755  -27.235 0.1000000015
31118  -50.898  -59.584  -26.518 0.1000000015
37723  -46.075  -54.341  -22.315 0.1000000015
33783  -47.143  -57.190  -24.706 0.1000000015
32469  -49.396  -58.973  -26.128 0.1000000015
31117  -49.917  -59.153  -26.595 0.1000000015
31098  -49.779  -59.403  -25.589 0.1000000015
29761  -44.156  -59.821  -26.696 0.1000000015
27079  -42.075  -62.995  -27.953 0.1000000015
37696  -46.111  -54.098  -21.775 0.1000000015
36383  -46.442  -55.354  -22.625 0.1000000015
32468  -48.664  -58.743  -25.644 0.1000000015
28388  -42.135  -61.561  -27.218 0.1000000015
39024  -45.812  -53.172  -21.256 0.1000000015
41720  -45.195  -51.745  -20.571 0.1000000015
41719  -44.742  -51.028  -20.476 0.1000000015
41735  -45.038  -51.218  -21.101 0.1000000015
44022  -44.362  -49.571  -20.900 0.1000000015
42913  -44.478  -50.292  -20.336 0.1000000015
31082  -49.987  -59.535  -24.334 0.1000000015
29744  -51.854  -60.630  -25.501 0.1000000015
31081  -49.319  -59.425  -24.894 0.1000000015
29743  -49.542  -61.276  -26.112 0.1000000015
32456  -47.788  -58.230  -24.668 0.1000000015
32443  -47.993  -58.418  -23.853 0.1000000015
31097  -49.023  -59.343  -25.158 0.1000000015
29763  -47.739  -60.413  -26.098 0.1000000015
39048  -46.163  -53.939  -21.521 0.1000000015
36354  -46.620  -54.915  -22.117 0.1000000015
33765  -46.983  -56.836  -23.603 0.1000000015
31094  -45.224  -59.705  -26.061 0.1000000015
39025  -46.281  -53.577  -21.049 0.1000000015
29760  -43.436  -60.133  -26.928 0.1000000015
27059  -41.850  -62.572  -27.408 0.1000000015
40380  -45.663  -52.664  -20.836 0.1000000015
41696  -45.069  -51.246  -19.758 0.1000000015
42891  -44.656  -50.310  -19.546 0.1000000015
43975  -44.472  -49.464  -19.019 0.1000000015
45179  -44.004  -48.689  -19.202 0.1000000015
44021  -43.811  -49.039  -20.722 0.1000000015
28348  -51.784  -61.435  -25.846 0.1000000015
28347  -51.214  -61.864  -25.594 0.1000000015
36355  -47.018  -55.162  -21.962 0.1000000015
35052  -47.443  -56.779  -22.798 0.1000000015
33766  -47.355  -57.481  -23.634 0.1000000015
32457  -48.732  -59.078  -24.479 0.1000000015
40381  -46.511  -52.756  -20.424 0.1000000015
37676  -46.942  -54.197  -20.899 0.1000000015
35051  -46.890  -56.264  -22.876 0.1000000015
31096  -46.534  -60.080  -25.771 0.1000000015
40357  -45.788  -52.092  -19.962 0.1000000015
42892  -45.410  -50.615  -19.126 0.1000000015
42866  -45.008  -50.033  -18.873 0.1000000015
43976  -45.150  -49.398  -18.489 0.1000000015
45153  -44.619  -48.610  -18.599 0.1000000015
46371  -44.104  -47.716  -18.948 0.1000000015
31083  -51.143  -60.173  -24.559 0.1000000015
29720  -51.669  -60.523  -24.986 0.1000000015
29721  -52.045  -61.056  -24.876 0.1000000015
32458  -49.218  -59.045  -23.908 0.1000000015
41697  -46.191  -51.201  -19.284 0.1000000015
43977  -45.983  -49.404  -18.324 0.1000000015
46372  -44.914  -47.714  -18.355 0.1000000015
47562  -44.485  -46.808  -18.455 0.1000000015
29700  -51.809  -60.503  -24.320 0.1000000015
32444  -48.724  -58.557  -23.471 0.1000000015
39026  -47.146  -53.481  -20.605 0.1000000015
36384  -47.237  -55.928  -22.366 0.1000000015
33741  -47.861  -57.458  -22.922 0.1000000015
41677  -46.788  -50.787  -18.867 0.1000000015
41676  -46.369  -50.732  -18.876 0.1000000015
45154  -45.507  -48.516  -18.235 0.1000000015
47563  -45.094  -47.022  -18.026 0.1000000015
47534  -44.909  -46.382  -17.970 0.1000000015
32445  -49.482  -59.004  -23.350 0.1000000015
35053  -48.206  -56.943  -22.502 0.1000000015
33742  -48.592  -57.784  -22.734 0.1000000015
32427  -49.187  -58.424  -22.829 0.1000000015
40382  -47.481  -52.677  -20.211 0.1000000015
37698  -47.394  -54.732  -21.328 0.1000000015
36356  -47.888  -55.575  -21.721 0.1000000015
36385  -47.855  -56.318  -22.268 0.1000000015
40358  -46.833  -52.051  -19.745 0.1000000015
45126  -45.955  -48.201  -17.964 0.1000000015
46345  -45.665  -47.602  -17.901 0.1000000015
47536  -46.441  -46.246  -17.589 0.1000000015
47535  -45.603  -46.547  -17.725 0.1000000015
35026  -48.572  -56.255  -22.051 0.1000000015
37677  -47.756  -54.090  -20.853 0.1000000015
37699  -48.368  -54.698  -21.224 0.1000000015
41698  -47.350  -51.235  -19.203 0.1000000015
42868  -46.458  -50.229  -18.575 0.1000000015
45155  -46.330  -48.622  -18.166 0.1000000015
45128  -46.901  -47.567  -17.729 0.1000000015
46347  -47.030  -46.895  -17.630 0.1000000015
40359  -47.860  -51.941  -19.728 0.1000000015
42869  -47.498  -50.256  -18.753 0.1000000015
43978  -46.864  -49.334  -18.496 0.1000000015
45156  -47.269  -48.262  -18.177 0.1000000015
46373  -47.430  -47.412  -17.830 0.1000000015
47538  -48.124  -46.326  -17.999 0.1000000015
46374  -48.159  -47.350  -18.240 0.1000000015
43979  -47.696  -49.205  -18.769 0.1000000015
45157  -48.206  -48.401  -18.693 0.1000000015
20661  -44.286  -67.262  -32.120 0.1000000015
20701  -45.866  -68.344  -34.291 0.1000000015
20685  -47.369  -67.706  -34.191 0.1000000015
19349  -45.731  -68.294  -34.830 0.1000000015
20738  -45.115  -68.055  -35.818 0.1000000015
22046  -47.574  -67.248  -35.505 0.1000000015
22005  -46.687  -66.246  -32.507 0.1000000015
20664  -47.444  -67.454  -33.104 0.1000000015
23314  -46.553  -65.966  -33.334 0.1000000015
22037  -47.609  -67.184  -34.666 0.1000000015
23347  -45.994  -65.456  -35.182 0.1000000015
23366  -46.788  -65.996  -35.855 0.1000000015
31262  -45.399  -59.329  -34.247 0.1000000015
29930  -45.443  -60.353  -35.345 0.1000000015
23300  -45.426  -65.705  -31.854 0.1000000015
23270  -45.123  -65.901  -30.163 0.2000000030
23328  -44.815  -65.245  -33.445 0.1000000015
35129  -47.791  -56.193  -26.746 0.1000000015
35177  -49.694  -56.157  -28.785 0.1000000015
33885  -49.937  -57.129  -32.460 0.1000000015
35211  -48.737  -56.312  -32.049 0.1000000015
32571  -47.335  -57.917  -31.868 0.1000000015
33864  -48.188  -57.763  -30.967 0.1000000015
31236  -47.003  -59.149  -33.177 0.1000000015
31264  -46.322  -59.852  -34.226 0.1000000015
25909  -45.704  -63.225  -35.712 0.1000000015
29893  -46.547  -60.140  -33.621 0.1000000015
25853  -42.487  -63.511  -31.186 0.1000000015
23284  -43.706  -65.362  -30.083 0.2000000030
23269  -44.434  -65.734  -29.672 0.2000000030
27117  -42.555  -62.658  -31.398 0.1000000015
27142  -43.845  -62.624  -33.418 0.1000000015
27162  -44.822  -62.637  -34.321 0.1000000015
35178  -50.347  -56.657  -29.181 0.1000000015
33868  -51.668  -57.721  -30.841 0.1000000015
33865  -48.974  -57.599  -31.154 0.1000000015
32548  -47.544  -58.420  -30.671 0.1000000015
29892  -46.145  -60.671  -33.267 0.1000000015
28451  -43.524  -61.288  -31.019 0.1000000015
33841  -49.181  -56.876  -28.245 0.1000000015
28479  -44.979  -61.175  -32.754 0.1000000015
37773  -46.849  -54.185  -25.184 0.1000000015
32552  -51.526  -58.706  -30.922 0.1000000015
31205  -51.288  -59.737  -30.617 0.1000000015
32550  -49.822  -58.594  -30.557 0.1000000015
32531  -47.711  -59.112  -29.960 0.1000000015
28480  -45.835  -60.881  -33.081 0.1000000015
39091  -47.566  -52.583  -25.215 0.1000000015
31137  -46.626  -59.718  -27.590 0.1000000015
31157  -43.785  -60.192  -28.466 0.1000000015
29798  -43.995  -60.347  -29.074 0.1000000015
23234  -43.360  -65.879  -28.094 0.2000000030
31179  -45.620  -59.907  -30.146 0.1000000015
31182  -48.954  -60.029  -29.563 0.1000000015
31181  -47.607  -59.797  -29.558 0.1000000015
29834  -45.254  -60.184  -30.537 0.1000000015
29835  -50.985  -60.675  -30.418 0.1000000015
28453  -51.459  -61.122  -30.043 0.1000000015
25815  -41.793  -63.480  -27.744 0.1000000015
44001  -43.959  -49.443  -19.926 0.1000000015
46398  -43.826  -48.136  -19.408 0.1000000015
21768  -39.562  -66.753  -15.664 0.5000000000
13684  -42.108  -72.974  -20.135 0.5000000000
13673  -42.360  -72.884  -19.230 0.5000000000
21767  -39.034  -66.312  -15.145 0.5000000000
20424  -40.076  -67.278  -16.651 0.5000000000
13672  -41.632  -72.248  -19.697 0.5000000000
23073  -37.666  -64.848  -14.416 0.5000000000
23074  -38.028  -65.309  -14.680 0.5000000000
23095  -39.034  -66.100  -15.645 0.5000000000
23094  -38.643  -65.585  -15.502 0.5000000000
24382  -37.937  -64.356  -14.888 0.5000000000
24415  -38.629  -65.044  -16.154 0.5000000000
24399  -38.412  -64.520  -15.527 0.4000000060
23122  -39.635  -65.649  -17.140 0.4000000060
16473  -42.139  -70.362  -22.004 0.5000000000
17831  -42.972  -69.375  -22.058 0.5000000000
19147  -44.519  -68.206  -20.736 0.5000000000
21819  -45.826  -66.234  -19.390 0.5000000000
20462  -44.572  -67.084  -19.800 0.5000000000
23146  -45.578  -65.295  -19.342 0.4000000060
24451  -44.228  -64.146  -19.713 0.4000000060
14986  -44.781  -71.131  -15.674 0.1000000015
13663  -42.981  -72.751  -18.435 0.5000000000
21752  -38.574  -66.282  -14.448 0.5000000000
21753  -39.358  -66.895  -14.522 0.5000000000
20441  -40.317  -67.835  -17.525 0.4000000060
15037  -42.153  -72.030  -18.859 0.5000000000
23053  -37.363  -65.361  -13.628 0.5000000000
23054  -37.957  -65.989  -14.072 0.5000000000
23052  -36.932  -64.687  -13.367 0.5000000000
24353  -36.491  -64.020  -12.354 0.5000000000
24360  -36.715  -64.154  -13.184 0.5000000000
24381  -37.493  -64.278  -14.322 0.5000000000
25595  -36.555  -63.219  -12.492 0.4000000060
25603  -36.983  -63.562  -13.516 0.3000000119
25649  -38.361  -63.862  -15.245 0.4000000060
24400  -38.947  -64.283  -16.085 0.4000000060
25622  -37.404  -63.465  -14.029 0.3000000119
21795  -39.898  -66.403  -17.976 0.6999999881
20448  -39.879  -67.280  -18.556 0.5000000000
25602  -36.704  -63.400  -13.016 0.3000000119
26838  -37.759  -62.860  -14.162 0.3000000119
25623  -38.152  -63.371  -14.706 0.3000000119
25650  -39.171  -63.338  -15.615 0.4000000060
24425  -39.986  -65.051  -17.237 0.5000000000
21796  -40.312  -65.935  -18.128 0.6000000238
20473  -40.372  -67.834  -19.976 0.6000000238
16438  -40.984  -70.347  -19.331 0.6000000238
13683  -41.643  -72.298  -20.480 0.5000000000
15076  -42.467  -71.596  -22.182 0.3000000119
26839  -38.399  -62.161  -14.263 0.3000000119
25624  -38.867  -62.771  -14.875 0.3000000119
25671  -40.382  -63.426  -16.555 0.4000000060
23131  -40.696  -65.528  -18.125 0.5000000000
20460  -40.848  -67.200  -19.534 0.6000000238
20487  -41.506  -67.984  -20.791 0.6000000238
17830  -41.861  -69.374  -21.536 0.5000000000
26840  -39.674  -62.191  -14.984 0.4000000060
25651  -40.032  -62.851  -15.900 0.4000000060
25687  -40.767  -64.140  -17.274 0.5000000000
23132  -41.444  -65.562  -18.512 0.5000000000
21816  -42.478  -66.563  -19.491 0.5000000000
20475  -42.193  -67.668  -20.666 0.5000000000
19146  -43.480  -68.132  -20.802 0.5000000000
28143  -40.078  -61.165  -14.961 0.4000000060
26868  -40.759  -62.179  -15.770 0.4000000060
26890  -41.235  -62.649  -16.356 0.5000000000
24428  -42.276  -64.242  -17.550 0.5000000000
23134  -43.572  -65.327  -18.279 0.4000000060
21817  -43.705  -66.595  -19.459 0.5000000000
25672  -41.753  -62.990  -16.750 0.5000000000
24429  -43.248  -64.090  -17.474 0.5000000000
24443  -43.882  -64.671  -17.809 0.4000000060
23145  -45.042  -65.627  -18.951 0.4000000060
21818  -44.902  -66.400  -19.280 0.5000000000
26892  -43.004  -62.283  -16.697 0.5000000000
26909  -43.985  -62.720  -17.530 0.4000000060
25705  -44.701  -64.000  -18.247 0.4000000060
24445  -44.968  -64.420  -18.712 0.4000000060
26893  -43.449  -62.486  -17.063 0.3000000119
28231  -44.149  -62.354  -17.869 0.4000000060
26927  -44.726  -63.123  -18.494 0.3000000119
25704  -42.892  -63.185  -19.182 0.3000000119
25731  -42.747  -63.830  -20.104 0.3000000119
16384  -43.598  -70.267  -15.164 0.1000000015
14985  -43.841  -71.128  -15.542 0.1000000015
17739  -43.519  -69.622  -14.662 0.1000000015
16385  -44.543  -70.363  -15.280 0.1000000015
17754  -45.207  -69.960  -15.911 0.4000000060
16410  -45.323  -70.880  -17.016 0.4000000060
15013  -44.749  -71.369  -17.171 0.4000000060
13650  -43.627  -72.271  -17.809 0.5000000000
15012  -43.948  -71.503  -17.466 0.4000000060
15027  -42.803  -71.673  -17.959 0.5000000000
21744  -39.057  -66.895  -13.751 0.5000000000
20425  -40.661  -68.004  -16.559 0.4000000060
16427  -42.295  -70.783  -18.012 0.5000000000
15026  -41.910  -71.274  -18.490 0.5000000000
23044  -37.014  -65.691  -12.319 0.5000000000
21742  -37.589  -66.288  -12.618 0.5000000000
21743  -38.308  -66.599  -13.255 0.5000000000
23037  -36.560  -64.969  -11.759 0.5000000000
23043  -36.761  -64.857  -12.803 0.5000000000
16426  -41.411  -70.395  -18.545 0.6000000238
25587  -36.353  -63.268  -11.796 0.4000000060
26803  -36.600  -62.436  -12.403 0.2000000030
29493  -36.795  -61.112  -11.979 0.2000000030
26804  -36.902  -61.978  -12.869 0.3000000119
26819  -37.859  -61.912  -13.753 0.3000000119
28141  -38.672  -61.402  -14.057 0.4000000060
28106  -36.880  -61.525  -12.399 0.3000000119
28122  -38.220  -61.355  -13.689 0.3000000119
29495  -38.042  -59.885  -12.670 0.3000000119
30905  -38.886  -59.420  -13.532 0.4000000060
28142  -39.273  -61.217  -14.350 0.4000000060
30923  -39.448  -59.364  -14.289 0.3000000119
29531  -39.788  -60.304  -14.641 0.4000000060
28171  -40.716  -61.183  -15.442 0.4000000060
28172  -41.366  -61.282  -15.816 0.4000000060
30924  -40.023  -59.488  -15.084 0.3000000119
30945  -40.446  -59.655  -15.726 0.3000000119
29579  -41.300  -60.559  -16.441 0.3000000119
28193  -41.891  -61.435  -16.304 0.4000000060
30961  -40.423  -59.863  -17.374 0.3000000119
29598  -42.076  -61.016  -17.244 0.3000000119
28230  -43.675  -62.057  -17.981 0.4000000060
26925  -43.290  -62.730  -18.640 0.3000000119
30960  -39.932  -59.319  -17.775 0.2000000030
29609  -40.545  -60.451  -18.043 0.2000000030
28227  -40.841  -61.438  -18.458 0.3000000119
25703  -42.474  -62.862  -19.009 0.3000000119
32360  -39.751  -58.943  -19.097 0.1000000015
29632  -39.926  -60.571  -19.892 0.2000000030
26937  -41.139  -62.434  -19.348 0.4000000060
34987  -45.863  -56.496  -19.539 0.1000000015
17740  -44.150  -69.552  -15.284 0.1000000015
19082  -43.990  -69.104  -15.509 0.2000000030
17753  -44.315  -69.228  -15.983 0.5000000000
17774  -44.104  -69.960  -16.760 0.4000000060
16408  -43.305  -70.569  -17.403 0.4000000060
20393  -39.182  -67.213  -13.042 0.5000000000
20399  -40.259  -67.458  -14.618 0.4000000060
20409  -41.299  -68.069  -15.722 0.4000000060
17772  -42.102  -69.279  -17.297 0.5000000000
17773  -43.211  -69.414  -16.758 0.5000000000
16407  -42.319  -69.961  -17.713 0.4000000060
23020  -36.506  -65.000  -10.458 0.4000000060
25556  -36.267  -63.377  -9.914 0.4000000060
24346  -36.330  -64.113  -11.273 0.5000000000
25569  -36.190  -63.293  -10.837 0.4000000060
26759  -36.541  -62.633  -9.313 0.3000000119
26771  -36.178  -62.484  -10.300 0.3000000119
28062  -36.270  -61.589  -10.815 0.3000000119
29471  -37.137  -60.094  -11.015 0.2000000030
29494  -37.405  -60.519  -12.288 0.2000000030
30848  -38.123  -59.088  -10.652 0.1000000015
30887  -38.026  -59.336  -12.146 0.3000000119
32234  -38.551  -58.499  -11.428 0.1000000015
32258  -38.672  -58.544  -12.608 0.3000000119
32281  -39.036  -58.286  -13.562 0.3000000119
33545  -38.822  -57.976  -12.129 0.2000000030
32259  -38.917  -58.074  -12.841 0.2000000030
33597  -39.259  -57.262  -14.364 0.2000000030
32297  -39.618  -58.454  -14.852 0.2000000030
32310  -40.261  -59.036  -16.029 0.2000000030
34918  -39.423  -56.523  -15.099 0.2000000030
33629  -39.379  -57.506  -16.260 0.2000000030
32320  -40.174  -59.175  -16.392 0.2000000030
34942  -39.482  -56.484  -15.977 0.2000000030
34963  -39.812  -55.955  -17.685 0.1000000015
32340  -39.697  -58.679  -18.374 0.2000000030
36295  -41.133  -55.239  -18.374 0.1000000015
34976  -41.003  -55.882  -19.092 0.1000000015
33689  -40.583  -57.895  -19.930 0.1000000015
36314  -42.495  -55.565  -19.302 0.1000000015
36315  -43.528  -55.696  -19.333 0.1000000015
35004  -41.252  -57.178  -20.319 0.1000000015
36316  -44.528  -55.787  -19.324 0.1000000015
34985  -43.940  -56.509  -19.668 0.1000000015
36320  -48.213  -55.791  -19.518 0.1000000015
19081  -43.476  -69.055  -15.149 0.3000000119
19062  -42.636  -68.837  -12.758 0.3000000119
19069  -42.944  -68.774  -13.591 0.3000000119
19073  -42.564  -68.524  -14.619 0.3000000119
19092  -43.249  -68.857  -16.018 0.3000000119
19061  -41.672  -68.529  -12.679 0.3000000119
19072  -42.019  -68.375  -14.007 0.3000000119
19080  -42.445  -68.461  -15.523 0.5000000000
19106  -42.470  -68.956  -16.663 0.5000000000
20390  -39.818  -67.620  -12.445 0.4000000060
20391  -40.653  -68.084  -12.647 0.5000000000
20400  -41.432  -67.844  -14.766 0.4000000060
19091  -42.156  -68.581  -16.268 0.5000000000
21713  -37.532  -66.192  -9.789 0.4000000060
21733  -37.531  -66.351  -10.665 0.4000000060
21739  -38.333  -66.682  -11.983 0.5000000000
20389  -39.050  -67.205  -12.224 0.5000000000
24276  -37.436  -64.543  -7.776 0.4000000060
22987  -36.812  -64.820  -9.044 0.4000000060
23006  -36.992  -65.560  -9.618 0.4000000060
23021  -37.081  -65.815  -10.353 0.5000000000
25540  -36.908  -63.257  -8.458 0.4000000060
25539  -36.598  -63.568  -9.068 0.4000000060
25520  -37.458  -63.310  -7.818 0.4000000060
26724  -38.127  -62.357  -7.637 0.3000000119
26744  -36.726  -62.958  -8.783 0.3000000119
28031  -37.559  -61.398  -8.728 0.3000000119
28047  -37.003  -61.637  -9.045 0.3000000119
29412  -37.990  -60.745  -8.886 0.3000000119
29434  -38.011  -60.246  -9.411 0.2000000030
32203  -38.982  -58.576  -9.654 0.1000000015
32217  -38.658  -58.513  -10.326 0.1000000015
34858  -39.581  -56.562  -11.806 0.1000000015
34888  -39.302  -56.467  -13.668 0.2000000030
36170  -39.743  -55.881  -12.319 0.1000000015
36191  -39.516  -55.708  -13.097 0.1000000015
34897  -39.356  -56.348  -14.416 0.2000000030
36205  -39.947  -55.082  -13.511 0.2000000030
36251  -39.924  -55.056  -15.092 0.2000000030
36268  -39.738  -55.714  -16.179 0.1000000015
37609  -40.587  -54.534  -16.663 0.1000000015
36283  -40.616  -55.019  -17.662 0.1000000015
37643  -42.539  -54.201  -18.218 0.1000000015
36296  -42.092  -54.940  -18.788 0.1000000015
37645  -44.781  -54.502  -18.507 0.1000000015
36299  -45.110  -55.142  -18.989 0.1000000015
36301  -46.803  -55.147  -19.142 0.1000000015
37648  -47.723  -54.666  -18.958 0.1000000015
37662  -47.936  -55.263  -19.389 0.1000000015
37665  -50.466  -54.521  -19.243 0.1000000015
36323  -51.097  -55.163  -19.658 0.1000000015
36324  -52.038  -55.006  -19.773 0.1000000015
37668  -53.363  -54.229  -19.950 0.1000000015
19053  -43.026  -69.123  -11.911 0.3000000119
19063  -43.238  -69.318  -12.895 0.2000000030
19052  -42.301  -68.973  -11.980 0.3000000119
20384  -40.355  -68.159  -11.906 0.4000000060
19050  -40.577  -68.364  -11.252 0.3000000119
21695  -38.031  -66.548  -8.979 0.3000000119
21734  -38.221  -66.785  -10.957 0.4000000060
20382  -38.968  -67.244  -11.212 0.4000000060
22977  -37.551  -65.432  -7.864 0.3000000119
21694  -37.458  -65.918  -9.085 0.3000000119
20366  -39.512  -67.849  -10.444 0.4000000060
19031  -40.305  -68.380  -10.555 0.3000000119
26702  -38.404  -62.842  -6.964 0.3000000119
24277  -37.919  -64.053  -7.068 0.3000000119
25521  -38.034  -63.193  -7.168 0.3000000119
28022  -39.521  -61.578  -7.414 0.3000000119
26725  -38.856  -61.959  -7.300 0.3000000119
28021  -38.767  -61.626  -7.692 0.3000000119
26746  -37.794  -61.891  -8.273 0.3000000119
29413  -38.878  -60.524  -8.600 0.3000000119
30813  -39.338  -59.474  -8.873 0.2000000030
32204  -39.761  -58.444  -9.347 0.1000000015
33515  -40.573  -57.624  -9.637 0.1000000015
33528  -41.921  -56.870  -10.052 0.1000000015
33526  -39.602  -57.367  -10.532 0.1000000015
36158  -41.717  -55.660  -10.689 0.1000000015
36156  -40.220  -55.938  -10.868 0.1000000015
37509  -41.336  -54.806  -11.825 0.1000000015
37543  -40.619  -54.669  -13.071 0.1000000015
37567  -40.414  -54.489  -14.203 0.2000000030
37568  -41.149  -53.830  -14.635 0.2000000030
37591  -41.365  -53.800  -15.436 0.2000000030
37610  -41.576  -53.904  -16.374 0.1000000015
38952  -42.445  -53.148  -16.102 0.1000000015
38975  -43.445  -53.546  -17.055 0.1000000015
38976  -44.368  -53.500  -17.130 0.1000000015
38991  -44.509  -53.849  -17.996 0.1000000015
37646  -45.717  -54.544  -18.563 0.1000000015
38992  -45.414  -53.937  -18.070 0.1000000015
37647  -46.659  -54.551  -18.641 0.1000000015
37664  -49.487  -54.852  -19.238 0.1000000015
37666  -51.474  -54.312  -19.437 0.1000000015
39008  -50.920  -53.698  -19.143 0.1000000015
37667  -52.447  -54.172  -19.619 0.1000000015
39009  -51.921  -53.199  -19.321 0.1000000015
39010  -53.007  -53.317  -19.583 0.1000000015
39011  -53.903  -53.391  -20.067 0.1000000015
39012  -54.390  -53.154  -20.554 0.1000000015
17657  -43.518  -69.864  -11.737 0.2000000030
17675  -43.794  -69.951  -12.272 0.2000000030
17656  -42.634  -69.808  -10.865 0.2000000030
19033  -42.157  -69.127  -11.153 0.3000000119
17646  -42.229  -70.098  -10.454 0.2000000030
17655  -42.003  -69.357  -10.663 0.3000000119
21714  -38.076  -66.823  -9.987 0.3000000119
20365  -38.792  -67.313  -10.232 0.3000000119
21680  -37.912  -65.972  -7.646 0.3000000119
21684  -37.625  -65.999  -8.342 0.3000000119
20348  -38.695  -67.205  -9.265 0.3000000119
20349  -39.397  -67.771  -9.485 0.3000000119
25502  -38.538  -63.489  -6.592 0.3000000119
24263  -38.550  -64.547  -6.414 0.3000000119
19016  -40.049  -68.364  -9.695 0.2000000030
26704  -40.209  -62.280  -6.383 0.2000000030
26703  -39.118  -62.435  -6.700 0.2000000030
28007  -40.031  -61.781  -6.862 0.3000000119
28034  -40.175  -61.116  -8.100 0.3000000119
29415  -40.772  -60.513  -8.574 0.3000000119
29414  -39.805  -60.413  -8.491 0.3000000119
30814  -40.374  -59.671  -8.722 0.2000000030
32191  -40.186  -58.998  -8.837 0.1000000015
30833  -40.893  -59.354  -8.878 0.2000000030
32206  -41.978  -58.666  -9.464 0.1000000015
33529  -42.541  -57.140  -10.142 0.1000000015
34860  -43.961  -55.952  -11.283 0.1000000015
36176  -44.942  -56.089  -11.875 0.1000000015
36207  -46.247  -55.550  -13.259 0.1000000015
36174  -43.383  -55.227  -11.507 0.1000000015
36195  -44.225  -55.058  -12.192 0.1000000015
37548  -45.126  -54.383  -13.098 0.1000000015
38894  -47.472  -53.591  -13.507 0.1000000015
37551  -47.904  -54.640  -13.628 0.1000000015
38897  -50.302  -53.507  -13.915 0.1000000015
37511  -42.483  -54.641  -11.778 0.1000000015
37531  -43.061  -54.388  -12.288 0.1000000015
38892  -45.589  -53.471  -13.408 0.1000000015
38893  -46.518  -53.538  -13.456 0.1000000015
40237  -48.938  -52.628  -13.509 0.1000000015
40238  -49.844  -52.623  -13.666 0.1000000015
37545  -42.488  -53.792  -12.975 0.1000000015
37544  -41.397  -53.947  -13.389 0.1000000015
38933  -42.233  -53.053  -15.060 0.2000000030
40301  -43.212  -52.643  -15.949 0.1000000015
38954  -43.955  -53.158  -16.599 0.1000000015
40328  -45.596  -52.923  -17.051 0.1000000015
38977  -45.167  -53.515  -17.449 0.1000000015
38979  -46.797  -53.222  -17.790 0.1000000015
38995  -48.328  -53.764  -18.421 0.1000000015
38996  -49.281  -53.483  -18.532 0.1000000015
38997  -50.285  -53.273  -18.752 0.1000000015
37650  -49.799  -54.100  -18.860 0.1000000015
40362  -52.093  -52.584  -19.243 0.1000000015
40363  -52.612  -52.341  -19.327 0.1000000015
40364  -53.582  -52.516  -19.729 0.1000000015
16277  -40.440  -70.647  -8.823 0.2000000030
17645  -41.588  -69.689  -10.216 0.2000000030
19032  -41.299  -68.860  -10.699 0.3000000119
16272  -40.211  -70.463  -7.803 0.2000000030
17640  -40.614  -69.568  -9.100 0.2000000030
21681  -38.572  -66.305  -7.206 0.3000000119
20337  -38.567  -66.853  -7.750 0.3000000119
20340  -38.593  -67.068  -8.334 0.3000000119
20341  -39.248  -67.649  -8.520 0.3000000119
24257  -38.824  -65.082  -5.995 0.3000000119
22973  -38.751  -65.526  -6.388 0.3000000119
20338  -39.071  -67.279  -7.480 0.3000000119
26688  -41.334  -62.806  -5.806 0.2000000030
25484  -39.834  -63.568  -5.423 0.3000000119
19008  -39.950  -68.394  -8.736 0.2000000030
19009  -40.472  -68.764  -9.143 0.2000000030
26705  -41.145  -62.328  -6.436 0.2000000030
28008  -40.821  -61.851  -6.884 0.2000000030
28009  -41.322  -61.996  -6.940 0.2000000030
28035  -41.097  -61.262  -8.199 0.3000000119
28036  -41.999  -61.604  -8.612 0.3000000119
29416  -41.470  -60.863  -8.738 0.3000000119
29435  -41.349  -60.307  -8.976 0.2000000030
29436  -42.032  -60.566  -9.284 0.2000000030
30835  -42.391  -59.566  -9.581 0.2000000030
32207  -42.754  -58.776  -9.754 0.2000000030
33530  -43.450  -57.752  -10.320 0.1000000015
40233  -45.119  -52.518  -13.735 0.1000000015
40234  -46.102  -52.586  -13.557 0.1000000015
41572  -47.466  -51.644  -13.611 0.1000000015
41573  -48.414  -51.671  -13.581 0.1000000015
40231  -43.753  -52.729  -13.871 0.1000000015
40254  -45.183  -51.871  -14.210 0.1000000015
41592  -46.452  -51.320  -14.268 0.1000000015
42789  -49.284  -50.161  -14.361 0.1000000015
40252  -43.506  -52.532  -14.387 0.1000000015
40253  -44.483  -52.134  -14.301 0.1000000015
42816  -46.599  -50.816  -15.311 0.1000000015
42817  -47.682  -50.273  -15.308 0.1000000015
42818  -48.142  -50.082  -15.149 0.1000000015
41589  -44.188  -51.879  -14.914 0.1000000015
41616  -44.681  -51.808  -15.414 0.1000000015
43945  -47.839  -50.087  -16.265 0.1000000015
42841  -48.084  -50.388  -16.668 0.1000000015
41641  -44.890  -52.094  -15.915 0.1000000015
40303  -44.846  -52.625  -16.475 0.1000000015
40305  -46.482  -52.050  -16.840 0.1000000015
41663  -48.279  -51.398  -17.230 0.1000000015
40329  -46.560  -52.503  -17.243 0.1000000015
40330  -47.732  -52.628  -17.708 0.1000000015
40343  -48.645  -52.905  -18.218 0.1000000015
38998  -51.133  -52.941  -18.973 0.1000000015
16259  -41.215  -70.938  -6.170 0.3000000119
17632  -40.157  -69.626  -6.293 0.3000000119
16271  -40.102  -69.888  -7.655 0.3000000119
17635  -40.020  -69.373  -8.025 0.2000000030
17639  -40.360  -68.970  -8.689 0.2000000030
17631  -39.745  -68.875  -6.907 0.3000000119
19017  -40.785  -68.898  -9.837 0.2000000030
22971  -39.176  -65.485  -5.711 0.3000000119
21677  -39.180  -66.446  -6.038 0.3000000119
19002  -39.636  -67.898  -6.976 0.3000000119
19005  -39.657  -68.225  -7.780 0.3000000119
25485  -40.761  -63.320  -5.301 0.2000000030
22955  -39.727  -65.659  -4.982 0.3000000119
26706  -42.058  -62.627  -6.463 0.2000000030
26707  -42.718  -62.715  -7.014 0.2000000030
26727  -42.247  -62.348  -7.448 0.2000000030
28025  -42.033  -62.114  -8.030 0.2000000030
26761  -42.757  -62.064  -8.947 0.3000000119
28048  -42.745  -61.386  -9.416 0.2000000030
29437  -43.026  -60.340  -9.802 0.2000000030
42852  -48.915  -50.444  -17.072 0.1000000015
41664  -49.364  -51.319  -17.587 0.1000000015
40331  -48.900  -52.131  -17.729 0.1000000015
16246  -42.770  -70.549  -5.648 0.1000000015
17619  -42.183  -69.833  -4.950 0.2000000030
16245  -41.654  -70.421  -5.552 0.3000000119
16244  -40.718  -70.188  -5.762 0.3000000119
17618  -41.209  -69.718  -5.091 0.3000000119
17617  -40.484  -69.214  -5.341 0.3000000119
20332  -39.654  -67.211  -5.392 0.3000000119
18998  -40.015  -68.290  -5.285 0.3000000119
24232  -40.679  -64.498  -4.496 0.3000000119
22956  -40.451  -65.522  -4.366 0.3000000119
21666  -39.962  -66.372  -4.800 0.3000000119
20318  -40.166  -67.038  -4.664 0.3000000119
25460  -41.986  -63.650  -4.872 0.2000000030
25504  -42.699  -62.886  -6.538 0.2000000030
25522  -43.645  -63.085  -7.809 0.1000000015
26747  -42.540  -62.307  -8.281 0.2000000030
25542  -43.975  -63.110  -8.489 0.1000000015
26748  -43.298  -62.582  -8.633 0.2000000030
26762  -43.388  -62.154  -9.501 0.2000000030
26763  -44.106  -62.578  -9.766 0.2000000030
26772  -43.873  -62.017  -10.129 0.3000000119
17601  -41.589  -69.146  -4.531 0.3000000119
17600  -40.950  -69.198  -4.751 0.3000000119
18980  -40.809  -68.416  -4.458 0.3000000119
20333  -40.165  -67.699  -4.725 0.3000000119
24208  -41.773  -64.687  -3.938 0.3000000119
22931  -41.038  -65.477  -3.941 0.3000000119
21667  -40.539  -66.512  -4.277 0.3000000119
25461  -42.947  -63.637  -4.927 0.2000000030
25488  -43.691  -63.403  -5.810 0.2000000030
25506  -44.487  -63.560  -6.732 0.1000000015
25523  -44.245  -63.474  -7.692 0.1000000015
25543  -44.891  -63.721  -8.640 0.1000000015
25557  -44.375  -63.147  -9.282 0.1000000015
25570  -44.588  -63.042  -9.951 0.1000000015
20321  -42.391  -67.653  -3.814 0.3000000119
20303  -42.924  -67.134  -3.553 0.2000000030
20320  -41.525  -67.452  -3.905 0.3000000119
20319  -40.686  -67.333  -4.289 0.3000000119
21646  -41.791  -66.410  -3.651 0.3000000119
24235  -43.224  -64.197  -4.188 0.2000000030
24209  -42.469  -64.815  -3.775 0.3000000119
21645  -41.006  -66.015  -3.803 0.3000000119
25489  -44.746  -63.624  -5.742 0.2000000030
25462  -43.981  -63.648  -4.849 0.2000000030
24266  -46.118  -64.382  -7.054 0.1000000015
25507  -45.567  -63.961  -6.715 0.1000000015
24267  -46.930  -64.452  -7.133 0.1000000015
24265  -45.837  -64.268  -7.035 0.1000000015
24278  -45.832  -64.316  -7.358 0.1000000015
25524  -45.132  -63.966  -7.555 0.1000000015
24279  -46.513  -64.596  -7.758 0.1000000015
24296  -45.835  -64.378  -8.262 0.1000000015
24315  -45.819  -64.201  -9.591 0.1000000015
21648  -43.491  -66.526  -3.454 0.2000000030
22934  -43.225  -65.879  -3.481 0.2000000030
21647  -42.690  -66.450  -3.520 0.2000000030
24236  -44.256  -64.220  -4.117 0.2000000030
24210  -43.463  -65.030  -3.672 0.2000000030
25490  -45.738  -63.710  -5.665 0.1000000015
25463  -45.017  -63.711  -4.786 0.2000000030
25508  -46.354  -64.054  -6.448 0.1000000015
24297  -46.930  -65.172  -8.763 0.1000000015
24281  -48.622  -65.454  -8.171 0.1000000015
24280  -47.507  -64.892  -7.981 0.1000000015
24298  -47.916  -65.717  -8.551 0.1000000015
22989  -47.272  -65.571  -8.932 0.1000000015
22979  -48.928  -65.959  -8.547 0.1000000015
22991  -48.754  -66.289  -9.002 0.1000000015
20449  -40.070  -67.701  -18.237 0.4000000060
21785  -39.644  -66.479  -16.888 0.5000000000
23112  -39.063  -65.724  -16.251 0.5000000000
20440  -39.843  -67.177  -17.663 0.6000000238
17786  -40.998  -69.358  -18.342 0.5000000000
19104  -40.915  -68.581  -17.428 0.4000000060
19130  -40.234  -68.297  -19.508 0.5000000000
15036  -41.330  -71.276  -19.244 0.5000000000
19116  -40.420  -68.425  -18.482 0.6000000238
15056  -41.226  -71.410  -20.312 0.5000000000
15075  -41.630  -71.285  -21.319 0.3000000119
16439  -41.132  -70.732  -19.124 0.5000000000
12372  -42.776  -73.549  -19.559 0.5000000000
15055  -41.019  -70.854  -19.689 0.5000000000
24416  -39.447  -64.666  -16.657 0.4000000060
20477  -44.116  -67.640  -20.344 0.5000000000
23136  -44.965  -64.967  -18.651 0.4000000060
25718  -44.447  -63.670  -19.121 0.3000000119
25719  -44.767  -63.606  -18.864 0.4000000060
16387  -45.459  -70.598  -15.834 0.2000000030
20408  -40.464  -67.618  -15.638 0.5000000000
25670  -39.432  -63.899  -16.269 0.3000000119
23123  -40.192  -65.601  -17.672 0.4000000060
20459  -40.386  -67.481  -19.469 0.6000000238
28121  -37.643  -61.663  -13.447 0.3000000119
24417  -40.193  -64.411  -17.098 0.5000000000
21805  -41.340  -66.143  -18.911 0.6000000238
19144  -41.042  -68.207  -20.671 0.6000000238
17814  -40.548  -69.231  -20.310 0.6000000238
17801  -40.626  -69.418  -19.330 0.6000000238
16425  -40.978  -69.881  -18.916 0.6000000238
16455  -40.798  -70.297  -20.114 0.5000000000
24427  -41.362  -64.463  -17.633 0.5000000000
21832  -41.875  -67.070  -20.004 0.6000000238
23142  -42.029  -66.073  -18.937 0.5000000000
19164  -41.490  -68.602  -21.065 0.5000000000
17829  -41.038  -69.364  -21.037 0.5000000000
19165  -42.533  -68.487  -21.207 0.5000000000
16472  -41.364  -70.179  -21.312 0.5000000000
26867  -39.888  -62.592  -15.590 0.4000000060
25688  -41.494  -63.725  -17.228 0.5000000000
23133  -42.517  -65.409  -18.427 0.5000000000
23143  -43.103  -66.043  -18.800 0.4000000060
20476  -43.187  -67.624  -20.459 0.5000000000
26841  -40.319  -61.686  -15.282 0.4000000060
29532  -40.360  -60.359  -15.326 0.3000000119
26869  -41.556  -61.756  -16.003 0.5000000000
25689  -42.525  -63.478  -17.188 0.5000000000
23135  -44.452  -65.150  -18.341 0.4000000060
23144  -44.192  -65.853  -18.797 0.5000000000
25673  -42.733  -62.782  -16.783 0.5000000000
25690  -43.509  -63.198  -17.254 0.4000000060
24444  -44.558  -64.374  -18.105 0.4000000060
24430  -44.041  -63.987  -17.565 0.4000000060
29581  -42.530  -61.226  -17.056 0.4000000060
29580  -41.978  -61.003  -16.690 0.4000000060
25674  -43.212  -62.668  -16.897 0.4000000060
25692  -44.816  -63.152  -17.970 0.4000000060
20394  -39.897  -67.465  -13.516 0.5000000000
23038  -36.957  -65.772  -11.213 0.5000000000
17771  -41.405  -69.135  -17.596 0.5000000000
26790  -36.176  -62.445  -11.345 0.3000000119
30886  -37.640  -59.726  -11.554 0.2000000030
29511  -37.715  -61.045  -13.204 0.3000000119
28123  -38.772  -60.919  -13.850 0.4000000060
29512  -38.305  -60.328  -13.304 0.3000000119
32280  -38.768  -58.903  -13.174 0.3000000119
29559  -40.996  -60.488  -15.879 0.3000000119
29560  -41.598  -60.890  -16.173 0.3000000119
32309  -39.669  -58.375  -15.736 0.2000000030
30958  -40.572  -59.851  -16.454 0.3000000119
29597  -41.238  -60.513  -17.114 0.3000000119
30957  -39.979  -59.267  -16.943 0.2000000030
28211  -41.479  -61.097  -17.720 0.3000000119
28212  -42.351  -61.321  -17.668 0.4000000060
26924  -42.292  -62.211  -18.698 0.4000000060
30980  -39.830  -59.692  -19.558 0.2000000030
28226  -40.086  -61.048  -18.699 0.3000000119
28239  -40.038  -61.336  -19.509 0.2000000030
33688  -39.744  -57.910  -19.169 0.2000000030
30981  -40.246  -59.375  -20.172 0.2000000030
33690  -44.495  -57.087  -19.890 0.1000000015
34986  -44.944  -56.496  -19.543 0.1000000015
20410  -41.862  -68.174  -15.595 0.4000000060
19105  -41.701  -68.804  -16.968 0.5000000000
21738  -37.572  -66.318  -11.644 0.5000000000
23005  -36.698  -64.884  -9.411 0.4000000060
28046  -36.574  -61.614  -9.725 0.3000000119
29452  -37.233  -60.249  -10.146 0.2000000030
30866  -38.010  -59.231  -11.345 0.2000000030
32235  -39.021  -57.951  -10.752 0.1000000015
30831  -38.342  -59.299  -9.592 0.1000000015
34876  -39.365  -56.545  -12.789 0.2000000030
33613  -39.411  -57.454  -15.384 0.2000000030
33649  -39.423  -57.597  -17.186 0.2000000030
36250  -39.709  -55.787  -15.530 0.2000000030
34962  -39.516  -56.487  -16.930 0.1000000015
32324  -39.594  -58.549  -17.473 0.2000000030
36282  -39.902  -55.314  -17.027 0.1000000015
36294  -40.347  -55.510  -17.863 0.1000000015
34975  -40.292  -56.125  -18.451 0.1000000015
34974  -39.564  -56.743  -17.885 0.2000000030
34981  -39.643  -56.928  -18.738 0.2000000030
36313  -41.673  -55.506  -19.108 0.1000000015
37642  -41.773  -54.707  -18.252 0.1000000015
34982  -40.473  -56.770  -19.465 0.1000000015
34983  -41.681  -56.172  -19.777 0.1000000015
33701  -41.146  -58.022  -20.456 0.1000000015
36297  -43.104  -55.008  -18.813 0.1000000015
34984  -42.885  -56.275  -19.806 0.1000000015
35006  -43.309  -56.969  -20.201 0.1000000015
36318  -46.366  -55.816  -19.332 0.1000000015
36319  -47.343  -55.683  -19.413 0.1000000015
36321  -49.099  -55.621  -19.606 0.1000000015
19074  -43.495  -69.151  -14.148 0.3000000119
19068  -42.085  -68.544  -13.344 0.3000000119
20395  -41.089  -68.113  -13.665 0.3000000119
20383  -39.775  -67.834  -11.433 0.4000000060
22988  -37.051  -65.140  -8.687 0.4000000060
26745  -37.215  -62.415  -8.490 0.3000000119
28032  -38.323  -61.377  -8.263 0.3000000119
30832  -39.057  -58.877  -9.264 0.2000000030
33514  -39.859  -57.694  -9.879 0.1000000015
34843  -39.624  -56.789  -11.042 0.1000000015
36171  -40.240  -55.630  -11.529 0.1000000015
36223  -39.795  -55.174  -14.338 0.2000000030
37529  -41.095  -54.686  -12.295 0.1000000015
37590  -40.670  -54.321  -15.507 0.1000000015
37628  -40.564  -54.781  -17.264 0.1000000015
37630  -42.175  -53.847  -17.271 0.1000000015
38990  -43.566  -53.724  -17.859 0.1000000015
37644  -43.774  -54.365  -18.446 0.1000000015
36300  -46.014  -55.170  -19.018 0.1000000015
37649  -48.876  -54.357  -18.797 0.1000000015
37651  -50.339  -53.902  -19.023 0.1000000015
19034  -42.799  -69.464  -11.537 0.2000000030
19070  -43.380  -69.331  -13.458 0.2000000030
19051  -41.302  -68.548  -11.725 0.3000000119
22978  -38.054  -65.226  -7.138 0.3000000119
34845  -41.268  -56.561  -10.175 0.1000000015
33516  -41.607  -57.533  -9.692 0.1000000015
34846  -42.253  -56.344  -10.373 0.1000000015
36159  -42.622  -55.647  -10.780 0.1000000015
34844  -40.261  -56.570  -10.529 0.1000000015
36172  -41.214  -55.124  -11.455 0.1000000015
36173  -42.199  -55.023  -11.201 0.1000000015
37530  -42.006  -54.180  -12.310 0.1000000015
38909  -41.826  -53.408  -14.320 0.1000000015
38974  -42.724  -53.509  -16.880 0.1000000015
38953  -43.242  -53.055  -16.502 0.1000000015
38993  -46.323  -53.889  -18.156 0.1000000015
21685  -38.156  -66.536  -8.016 0.3000000119
25503  -39.205  -63.462  -6.111 0.3000000119
24258  -39.121  -64.395  -5.766 0.3000000119
26687  -40.466  -62.776  -5.788 0.3000000119
32205  -40.896  -58.627  -9.151 0.1000000015
33517  -42.590  -58.004  -9.810 0.1000000015
34847  -43.415  -56.381  -10.648 0.1000000015
36175  -44.420  -55.712  -11.766 0.1000000015
36197  -45.879  -56.080  -12.882 0.1000000015
36196  -45.209  -55.586  -12.623 0.1000000015
37550  -46.887  -54.566  -13.582 0.1000000015
36206  -45.602  -55.045  -13.215 0.1000000015
36194  -43.657  -54.781  -12.132 0.1000000015
37533  -44.554  -54.700  -12.686 0.1000000015
37549  -46.004  -54.437  -13.327 0.1000000015
38895  -48.469  -53.623  -13.558 0.1000000015
38896  -49.438  -53.605  -13.719 0.1000000015
40239  -50.690  -52.585  -13.818 0.1000000015
37546  -43.391  -53.817  -12.932 0.1000000015
37547  -44.251  -53.935  -12.945 0.1000000015
38891  -44.660  -53.363  -13.409 0.1000000015
40235  -47.024  -52.597  -13.503 0.1000000015
40236  -47.974  -52.604  -13.472 0.1000000015
41574  -49.342  -51.698  -13.652 0.1000000015
38889  -42.906  -53.337  -13.517 0.1000000015
38890  -43.707  -53.139  -13.553 0.1000000015
38910  -42.628  -53.045  -14.228 0.1000000015
40277  -43.849  -52.243  -15.410 0.1000000015
40304  -45.960  -52.209  -16.674 0.1000000015
40342  -48.012  -53.251  -18.167 0.1000000015
17636  -40.328  -70.003  -8.390 0.2000000030
16284  -41.015  -70.587  -9.865 0.2000000030
21682  -39.026  -66.700  -6.757 0.3000000119
26726  -41.689  -62.180  -6.955 0.2000000030
24231  -39.791  -64.679  -4.940 0.3000000119
33518  -43.047  -58.312  -9.962 0.1000000015
32208  -43.323  -58.749  -10.085 0.2000000030
34848  -44.041  -57.060  -10.681 0.1000000015
41571  -46.620  -51.799  -13.673 0.1000000015
42769  -47.901  -50.909  -13.896 0.1000000015
42772  -50.474  -50.951  -13.882 0.1000000015
42786  -46.605  -50.989  -14.710 0.1000000015
42768  -47.380  -51.083  -13.919 0.1000000015
42787  -47.214  -50.786  -14.464 0.1000000015
42815  -46.066  -50.991  -15.628 0.1000000015
42839  -46.244  -50.915  -15.991 0.1000000015
41643  -46.647  -51.518  -16.541 0.1000000015
41645  -48.099  -50.934  -16.870 0.1000000015
16258  -40.430  -70.618  -6.717 0.3000000119
14879  -40.637  -71.447  -7.409 0.3000000119
17616  -39.865  -68.877  -5.944 0.3000000119
20335  -39.318  -67.293  -6.460 0.3000000119
21673  -39.540  -66.237  -5.386 0.3000000119
18997  -39.604  -68.102  -6.139 0.3000000119
25458  -40.354  -63.889  -4.850 0.3000000119
25459  -41.110  -63.739  -4.771 0.3000000119
25486  -41.593  -63.278  -5.397 0.2000000030
26728  -43.054  -62.743  -7.765 0.2000000030
28049  -43.482  -61.329  -9.985 0.2000000030
29453  -43.840  -60.495  -10.357 0.2000000030
30849  -43.583  -59.554  -10.202 0.2000000030
14848  -42.672  -71.013  -5.983 0.1000000015
17602  -42.738  -68.970  -4.399 0.2000000030
24233  -41.488  -64.281  -4.391 0.3000000119
22957  -41.142  -64.964  -4.075 0.3000000119
25487  -42.542  -63.153  -5.820 0.2000000030
25505  -43.411  -63.103  -6.895 0.2000000030
25541  -43.510  -62.884  -8.180 0.1000000015
26749  -43.831  -62.725  -9.150 0.2000000030
18982  -42.732  -68.154  -4.078 0.3000000119
18981  -41.938  -68.328  -4.145 0.3000000119
22932  -41.644  -65.411  -3.721 0.3000000119
25558  -44.945  -63.522  -9.592 0.1000000015
20302  -42.240  -67.041  -3.598 0.3000000119
22933  -42.532  -65.658  -3.580 0.3000000119
24211  -44.605  -64.920  -3.628 0.2000000030
25491  -46.662  -63.812  -5.575 0.1000000015
24299  -48.392  -65.889  -8.579 0.1000000015
13722  -43.401  -73.438  -22.813 0.3000000119
13721  -42.938  -72.954  -22.358 0.3000000119
9980  -42.509  -75.840  -26.219 0.2000000030
7696  -41.663  -77.708  -27.427 0.2000000030
12434  -43.268  -73.838  -23.441 0.4000000060
11173  -43.049  -74.751  -24.397 0.3000000119
15089  -43.001  -71.721  -22.997 0.4000000060
12453  -42.796  -73.676  -24.141 0.3000000119
16486  -43.208  -70.460  -22.646 0.4000000060
15102  -42.788  -71.616  -23.940 0.4000000060
12477  -42.540  -73.810  -25.394 0.3000000119
11235  -42.359  -74.844  -27.201 0.2000000030
16487  -43.824  -69.928  -22.728 0.4000000060
16504  -43.302  -70.690  -23.505 0.4000000060
13760  -42.429  -72.463  -24.728 0.4000000060
17848  -43.690  -69.699  -22.433 0.4000000060
17832  -44.136  -69.234  -21.923 0.4000000060
15122  -42.532  -71.370  -24.779 0.4000000060
13783  -42.428  -72.681  -26.017 0.3000000119
12491  -42.395  -73.617  -26.793 0.3000000119
16505  -44.089  -70.057  -23.091 0.4000000060
16522  -43.053  -70.760  -24.491 0.4000000060
15138  -42.705  -71.510  -25.712 0.3000000119
13790  -42.500  -72.735  -26.889 0.4000000060
19167  -44.889  -68.748  -21.289 0.4000000060
16523  -44.218  -69.964  -24.179 0.4000000060
15139  -43.362  -71.167  -26.012 0.3000000119
20478  -45.170  -67.693  -20.098 0.4000000060
17850  -45.427  -69.529  -22.424 0.4000000060
17885  -44.823  -69.830  -23.335 0.4000000060
16524  -45.174  -69.857  -24.394 0.4000000060
19148  -45.657  -68.286  -20.575 0.4000000060
17886  -45.537  -69.752  -23.735 0.4000000060
16537  -45.316  -70.140  -25.176 0.3000000119
20463  -45.627  -66.995  -19.659 0.4000000060
19181  -46.644  -69.138  -21.696 0.4000000060
17851  -46.476  -69.516  -22.339 0.4000000060
17897  -45.848  -69.876  -24.396 0.4000000060
19149  -46.758  -68.248  -20.526 0.4000000060
19170  -47.303  -68.315  -21.635 0.4000000060
19182  -47.226  -69.140  -21.932 0.4000000060
17870  -46.603  -69.753  -23.089 0.4000000060
16538  -46.653  -70.429  -25.448 0.3000000119
20465  -46.936  -66.767  -19.870 0.4000000060
19183  -47.519  -68.920  -22.659 0.4000000060
17853  -47.845  -69.593  -23.152 0.4000000060
17888  -47.695  -70.236  -24.172 0.3000000119
16547  -46.968  -70.825  -26.121 0.2000000030
21820  -46.609  -66.208  -19.845 0.3000000119
20489  -47.559  -67.488  -21.176 0.4000000060
21836  -47.071  -66.561  -20.212 0.4000000060
21866  -47.105  -66.929  -21.645 0.4000000060
20503  -47.325  -67.825  -22.158 0.4000000060
19195  -48.081  -69.284  -23.492 0.4000000060
16525  -47.940  -70.305  -24.892 0.2000000030
16526  -48.164  -70.147  -24.966 0.2000000030
16555  -48.097  -70.370  -26.924 0.3000000119
24453  -46.132  -64.802  -19.981 0.3000000119
21835  -46.707  -65.982  -20.317 0.3000000119
21850  -46.561  -66.354  -21.011 0.3000000119
20516  -47.642  -68.544  -23.371 0.3000000119
19210  -48.046  -69.398  -25.271 0.2000000030
20523  -48.053  -68.899  -24.054 0.2000000030
17906  -48.312  -69.801  -26.057 0.2000000030
17910  -48.087  -70.040  -27.472 0.2000000030
24452  -45.231  -64.460  -19.427 0.3000000119
21834  -46.134  -65.774  -20.568 0.3000000119
20502  -46.398  -67.454  -22.458 0.4000000060
20522  -47.172  -68.450  -24.672 0.1000000015
24465  -44.717  -64.850  -20.373 0.3000000119
21849  -45.322  -66.071  -21.100 0.3000000119
20501  -45.203  -67.201  -22.648 0.2000000030
20514  -45.569  -67.640  -23.503 0.2000000030
19216  -48.146  -69.133  -26.323 0.1000000015
17921  -48.329  -69.431  -27.831 0.2000000030
20499  -43.547  -66.665  -22.980 0.2000000030
20500  -44.156  -66.951  -22.789 0.2000000030
20520  -44.699  -67.571  -24.498 0.1000000015
19215  -47.568  -68.567  -26.607 0.1000000015
19224  -48.406  -69.140  -27.272 0.1000000015
24464  -43.492  -64.289  -20.242 0.2000000030
23174  -44.614  -65.397  -20.972 0.3000000119
21847  -43.723  -66.090  -21.846 0.3000000119
25716  -42.341  -63.180  -19.737 0.2000000030
24463  -42.349  -64.269  -20.679 0.1000000015
24487  -43.984  -64.920  -20.982 0.3000000119
23183  -42.920  -66.065  -22.484 0.2000000030
20513  -44.464  -67.355  -23.527 0.1000000015
20530  -46.124  -68.005  -25.782 0.1000000015
20539  -47.110  -68.293  -26.941 0.1000000015
19223  -47.981  -68.557  -27.523 0.1000000015
25730  -41.598  -63.672  -20.697 0.2000000030
24496  -42.199  -65.097  -21.754 0.2000000030
23182  -42.335  -65.584  -22.375 0.2000000030
21876  -42.874  -66.373  -23.327 0.1000000015
20512  -43.595  -66.969  -23.522 0.1000000015
20529  -44.944  -67.662  -25.647 0.1000000015
20538  -46.409  -68.083  -26.934 0.1000000015
20550  -47.291  -67.998  -27.806 0.1000000015
20592  -48.640  -67.894  -29.774 0.1000000015
24495  -41.476  -64.871  -22.305 0.1000000015
23190  -42.074  -65.969  -23.391 0.2000000030
23200  -41.761  -65.831  -24.031 0.1000000015
21889  -42.746  -66.778  -25.521 0.1000000015
20536  -44.032  -67.344  -26.755 0.1000000015
20537  -45.324  -67.728  -26.832 0.1000000015
20549  -46.049  -67.371  -27.967 0.1000000015
20569  -47.102  -67.297  -28.901 0.1000000015
19291  -48.611  -68.118  -30.639 0.1000000015
21888  -42.102  -66.161  -25.276 0.1000000015
21899  -43.048  -66.678  -26.889 0.1000000015
21900  -43.711  -66.738  -27.460 0.1000000015
21949  -47.359  -66.856  -30.067 0.1000000015
21950  -48.142  -67.062  -30.398 0.1000000015
21912  -44.083  -66.402  -28.243 0.1000000015
28063  -44.141  -61.429  -10.520 0.2000000030
25715  -41.172  -62.826  -19.898 0.2000000030
25729  -40.691  -62.793  -20.733 0.1000000015
24485  -41.752  -64.484  -21.280 0.1000000015
24484  -41.028  -64.271  -21.821 0.1000000015
23189  -41.406  -65.455  -23.752 0.1000000015
24494  -40.724  -64.156  -22.647 0.1000000015
23199  -41.492  -65.567  -24.619 0.1000000015
23208  -42.232  -66.108  -25.742 0.1000000015
21933  -47.015  -67.014  -29.446 0.1000000015
20568  -46.323  -67.084  -28.636 0.1000000015
20548  -44.775  -67.174  -27.692 0.1000000015
23219  -42.279  -66.051  -26.465 0.1000000015
13737  -43.097  -72.878  -23.435 0.3000000119
11198  -42.737  -74.967  -25.462 0.3000000119
11220  -42.561  -74.608  -26.244 0.3000000119
17833  -45.159  -69.195  -21.903 0.4000000060
16535  -42.787  -70.935  -25.120 0.4000000060
16536  -43.648  -70.678  -25.421 0.3000000119
19168  -46.075  -68.846  -21.257 0.4000000060
21867  -47.549  -67.167  -21.450 0.4000000060
17872  -48.250  -69.944  -23.672 0.2000000030
16540  -48.105  -70.273  -25.577 0.2000000030
21865  -45.949  -66.773  -21.794 0.3000000119
20515  -46.771  -67.973  -23.436 0.2000000030
17911  -48.349  -69.788  -26.926 0.2000000030
23155  -44.928  -65.182  -20.656 0.3000000119
19209  -47.642  -68.814  -25.592 0.1000000015
21864  -44.751  -66.592  -22.038 0.2000000030
20521  -45.893  -67.883  -24.583 0.1000000015
19236  -48.437  -68.675  -28.390 0.1000000015
20531  -47.018  -68.318  -26.070 0.1000000015
23173  -43.388  -65.696  -21.650 0.3000000119
21890  -43.273  -67.106  -24.898 0.1000000015
20570  -48.277  -67.892  -28.738 0.1000000015
25748  -41.224  -63.944  -21.398 0.1000000015
23181  -41.613  -65.384  -22.998 0.1000000015
21884  -43.011  -66.857  -24.305 0.1000000015
20527  -43.200  -67.179  -25.685 0.1000000015
20591  -48.072  -67.317  -29.882 0.1000000015
20535  -43.262  -67.210  -26.090 0.1000000015
20617  -48.642  -67.278  -30.676 0.1000000015
23207  -41.662  -65.589  -25.723 0.1000000015
24503  -40.497  -64.078  -23.748 0.1000000015
11116  -43.332  -74.789  -19.440 0.3000000119
9867  -42.880  -75.457  -19.308 0.3000000119
9876  -43.161  -75.439  -20.152 0.2000000030
13664  -43.632  -72.931  -17.890 0.4000000060
12366  -43.277  -73.786  -18.711 0.2000000030
9887  -42.872  -76.081  -20.852 0.2000000030
12365  -42.969  -73.262  -18.980 0.4000000060
11125  -43.510  -74.809  -20.464 0.2000000030
9888  -43.568  -75.429  -20.985 0.2000000030
8745  -43.167  -76.042  -21.759 0.2000000030
8744  -42.788  -76.672  -21.672 0.1000000015
12380  -43.392  -74.210  -20.923 0.3000000119
8732  -42.162  -76.967  -20.853 0.1000000015
9902  -43.485  -75.552  -21.822 0.2000000030
7629  -42.316  -77.386  -22.318 0.1000000015
7642  -42.333  -77.652  -23.637 0.1000000015
8756  -42.964  -76.825  -22.650 0.1000000015
8770  -42.962  -76.798  -23.348 0.1000000015
8769  -41.546  -77.267  -23.632 0.1000000015
7628  -41.834  -77.597  -22.953 0.1000000015
6558  -42.070  -78.259  -24.465 0.1000000015
8779  -41.410  -77.702  -24.527 0.1000000015
6571  -41.861  -78.324  -24.806 0.1000000015
12379  -42.738  -73.626  -20.577 0.3000000119
11133  -43.652  -74.699  -21.464 0.2000000030
9921  -43.519  -75.347  -23.121 0.2000000030
8757  -43.163  -76.181  -22.107 0.2000000030
9920  -43.142  -75.983  -23.394 0.2000000030
7665  -41.695  -78.013  -25.540 0.1000000015
8789  -41.071  -77.621  -25.677 0.1000000015
12395  -43.003  -73.643  -21.597 0.2000000030
11142  -43.649  -74.869  -22.509 0.2000000030
8780  -42.790  -76.712  -24.207 0.2000000030
7666  -42.202  -77.798  -25.703 0.1000000015
8801  -40.790  -77.820  -26.479 0.1000000015
7680  -41.006  -78.142  -26.640 0.1000000015
12415  -43.106  -73.549  -22.091 0.3000000119
11155  -43.469  -74.694  -23.466 0.3000000119
13703  -42.225  -72.586  -21.224 0.2000000030
9956  -42.749  -75.825  -24.943 0.2000000030
8790  -42.568  -76.946  -25.428 0.1000000015
7694  -40.552  -77.987  -27.596 0.1000000015
7681  -41.793  -77.880  -26.734 0.1000000015
8802  -42.432  -77.205  -26.590 0.1000000015
7710  -39.963  -77.871  -28.345 0.1000000015
10024  -41.579  -76.618  -28.382 0.1000000015
10004  -41.996  -76.180  -27.533 0.1000000015
7724  -40.171  -77.755  -29.078 0.1000000015
8846  -41.252  -77.032  -28.974 0.1000000015
11255  -42.147  -74.820  -28.237 0.1000000015
10025  -41.741  -75.532  -28.550 0.1000000015
12499  -42.343  -73.885  -27.933 0.1000000015
10057  -38.013  -76.164  -29.591 0.1000000015
10045  -40.428  -75.943  -29.440 0.1000000015
10046  -41.266  -75.821  -28.987 0.1000000015
15142  -42.758  -72.166  -26.642 0.3000000119
11283  -41.400  -74.672  -29.406 0.1000000015
12373  -43.141  -74.261  -19.925 0.2000000030
12435  -43.493  -74.038  -22.915 0.3000000119
7711  -40.643  -77.880  -28.361 0.1000000015
9936  -43.148  -75.613  -24.062 0.2000000030
12396  -43.441  -74.147  -21.545 0.3000000119
7655  -42.316  -77.687  -24.747 0.1000000015
8843  -38.684  -77.033  -29.311 0.1000000015
8861  -38.871  -76.615  -29.531 0.1000000015
10047  -41.673  -75.274  -28.954 0.1000000015
8842  -37.879  -76.781  -29.302 0.1000000015
13799  -42.739  -72.940  -27.757 0.2000000030
13834  -43.832  -72.847  -30.068 0.1000000015
15196  -43.518  -72.445  -30.317 0.1000000015
13847  -44.159  -72.455  -30.217 0.2000000030
15181  -41.866  -71.669  -29.754 0.1000000015
13818  -44.365  -72.806  -29.059 0.2000000030
13835  -44.370  -72.591  -29.762 0.2000000030
15183  -44.001  -71.728  -30.322 0.2000000030
15185  -45.329  -71.730  -29.308 0.1000000015
16576  -42.593  -70.817  -29.665 0.1000000015
15184  -44.573  -71.848  -30.023 0.2000000030
13800  -43.762  -72.558  -28.188 0.2000000030
13802  -45.235  -72.081  -28.396 0.1000000015
16577  -43.636  -70.921  -29.828 0.1000000015
16578  -44.568  -70.956  -29.816 0.1000000015
15144  -44.530  -71.363  -26.913 0.2000000030
15153  -44.164  -71.973  -27.560 0.2000000030
15167  -45.643  -71.809  -28.601 0.1000000015
16580  -46.601  -70.752  -29.126 0.1000000015
15154  -45.388  -71.766  -27.772 0.1000000015
16565  -46.678  -71.155  -28.695 0.1000000015
16545  -44.786  -70.724  -26.207 0.2000000030
15146  -46.587  -70.967  -26.716 0.2000000030
16566  -47.201  -70.817  -28.386 0.1000000015
15168  -46.445  -71.442  -28.226 0.1000000015
16546  -46.010  -70.563  -26.193 0.2000000030
16554  -47.675  -70.660  -27.473 0.1000000015
17939  -46.366  -69.827  -29.298 0.1000000015
13817  -43.380  -73.123  -28.708 0.1000000015
12512  -43.677  -73.161  -29.354 0.1000000015
11107  -43.080  -74.772  -18.328 0.1000000015
17720  -43.352  -69.540  -13.725 0.1000000015
14894  -40.539  -71.684  -8.397 0.1000000015
14913  -42.268  -70.889  -11.322 0.1000000015
16294  -42.972  -70.367  -11.462 0.1000000015
13516  -40.923  -72.312  -7.835 0.2000000030
14912  -41.684  -71.510  -11.011 0.1000000015
14904  -40.662  -71.573  -9.406 0.1000000015
14911  -41.114  -71.584  -10.269 0.1000000015
16292  -41.611  -70.911  -10.480 0.1000000015
13651  -44.272  -72.159  -17.198 0.2000000030
16293  -42.332  -70.577  -10.776 0.1000000015
16285  -41.815  -70.353  -10.351 0.1000000015
14861  -40.964  -71.413  -6.727 0.2000000030
13545  -40.737  -72.477  -9.143 0.1000000015
12358  -43.578  -73.449  -17.555 0.1000000015
21649  -44.384  -66.537  -3.427 0.1000000015
20304  -43.760  -67.339  -3.604 0.1000000015
18967  -44.230  -67.796  -3.815 0.1000000015
17603  -43.950  -69.038  -4.496 0.1000000015
17621  -44.451  -69.695  -5.178 0.1000000015
20322  -43.064  -67.699  -3.804 0.1000000015
21651  -46.350  -66.508  -3.369 0.1000000015
20306  -45.719  -67.254  -3.573 0.1000000015
20325  -45.970  -67.851  -3.919 0.1000000015
17605  -46.082  -69.063  -4.872 0.1000000015
21650  -45.356  -66.501  -3.414 0.1000000015
20305  -44.740  -67.368  -3.625 0.1000000015
17604  -45.019  -69.005  -4.738 0.1000000015
16248  -45.037  -70.339  -5.794 0.1000000015
22936  -44.992  -65.692  -3.424 0.1000000015
18969  -47.443  -68.014  -3.824 0.1000000015
20307  -46.743  -67.431  -3.586 0.1000000015
18986  -46.656  -68.380  -4.250 0.1000000015
22937  -45.993  -65.678  -3.398 0.1000000015
18985  -45.575  -68.383  -4.315 0.1000000015
17606  -47.200  -69.239  -4.932 0.1000000015
24212  -45.643  -64.888  -3.592 0.1000000015
24238  -46.331  -64.205  -3.970 0.1000000015
21653  -48.363  -66.543  -3.387 0.1000000015
22938  -46.986  -65.693  -3.345 0.1000000015
24237  -45.303  -64.231  -4.057 0.1000000015
30851  -44.962  -59.581  -10.879 0.1000000015
24239  -47.371  -64.258  -3.930 0.1000000015
25464  -46.013  -63.830  -4.737 0.1000000015
26773  -44.567  -62.371  -10.496 0.1000000015
30836  -43.036  -59.399  -9.862 0.1000000015
32219  -44.015  -58.688  -10.423 0.1000000015
28064  -44.738  -61.590  -10.905 0.1000000015
33549  -46.629  -57.743  -11.780 0.1000000015
32220  -44.726  -58.755  -10.755 0.1000000015
32221  -45.287  -58.756  -11.116 0.1000000015
21652  -47.359  -66.529  -3.331 0.1000000015
20308  -47.832  -67.336  -3.516 0.1000000015
33531  -44.587  -57.709  -10.832 0.1000000015
17620  -43.327  -69.811  -4.969 0.1000000015
16247  -43.923  -70.394  -5.632 0.1000000015
22935  -44.015  -65.747  -3.446 0.1000000015
30850  -44.320  -59.620  -10.535 0.1000000015
18984  -44.603  -68.237  -4.124 0.1000000015
17622  -45.549  -69.664  -5.383 0.1000000015
24213  -46.659  -64.924  -3.606 0.1000000015
29454  -44.697  -60.607  -10.821 0.1000000015
33532  -45.050  -58.217  -10.998 0.1000000015
26947  -40.085  -61.734  -19.876 0.1000000015
28254  -40.317  -61.387  -21.017 0.1000000015
28253  -40.078  -61.284  -20.236 0.1000000015
13649  -41.590  -73.300  -17.294 0.1000000015
11093  -41.570  -74.522  -17.894 0.1000000015
11106  -41.968  -75.275  -18.198 0.1000000015
13632  -40.855  -72.347  -16.922 0.1000000015
13648  -40.965  -73.096  -17.234 0.1000000015
11092  -40.352  -74.601  -17.954 0.1000000015
12356  -42.216  -73.626  -17.390 0.1000000015
13631  -39.765  -72.557  -16.842 0.1000000015
14997  -41.694  -71.622  -16.442 0.1000000015
13633  -42.104  -72.759  -16.941 0.1000000015
12340  -39.039  -73.306  -16.960 0.1000000015
14995  -39.280  -71.789  -16.242 0.1000000015
14996  -40.419  -71.584  -16.432 0.1000000015
14981  -38.398  -71.348  -15.589 0.1000000015
10924  -39.087  -74.941  -5.706 0.1000000015
13513  -36.975  -72.040  -7.499 0.1000000015
14893  -36.225  -71.573  -7.940 0.1000000015
14903  -35.971  -71.691  -8.730 0.1000000015
13542  -35.709  -72.308  -10.243 0.1000000015
11094  -42.658  -74.420  -17.736 0.1000000015
14909  -34.566  -71.178  -10.461 0.1000000015
14922  -35.110  -72.500  -11.260 0.1000000015
13629  -37.974  -73.000  -16.327 0.1000000015
13621  -37.455  -72.632  -15.828 0.1000000015
9866  -42.042  -75.977  -18.903 0.1000000015
14921  -34.623  -72.021  -11.539 0.1000000015
14937  -34.239  -72.443  -12.630 0.1000000015
12318  -34.587  -73.229  -14.457 0.1000000015
12327  -36.616  -73.363  -15.960 0.1000000015
13620  -36.521  -72.675  -15.328 0.1000000015
14980  -37.192  -71.776  -15.204 0.1000000015
9875  -42.345  -76.258  -19.938 0.1000000015
16291  -34.013  -70.920  -11.199 0.1000000015
13618  -34.420  -73.002  -15.142 0.1000000015
13619  -35.756  -72.948  -15.068 0.1000000015
14971  -36.804  -71.443  -14.378 0.1000000015
10939  -38.983  -74.438  -6.612 0.1000000015
12197  -38.195  -73.491  -6.192 0.1000000015
13514  -37.821  -72.662  -7.681 0.1000000015
13634  -43.372  -72.604  -16.730 0.1000000015
12342  -42.853  -73.284  -17.003 0.1000000015
13529  -36.682  -72.077  -8.640 0.1000000015
13543  -36.196  -72.334  -9.563 0.1000000015
13604  -33.981  -73.342  -13.216 0.1000000015
12313  -34.422  -73.773  -13.404 0.1000000015
13614  -35.533  -72.934  -14.358 0.1000000015
16380  -38.556  -70.701  -15.048 0.1000000015
11062  -34.804  -74.242  -13.031 0.1000000015
13605  -35.467  -73.208  -13.568 0.1000000015
13615  -36.257  -72.405  -14.612 0.1000000015
14972  -37.697  -71.016  -14.808 0.1000000015
10940  -39.386  -75.409  -6.338 0.1000000015
9739  -40.068  -76.540  -7.742 0.1000000015
8566  -40.217  -77.533  -7.328 0.1000000015
14998  -42.992  -71.769  -16.318 0.1000000015
12210  -38.594  -73.626  -7.418 0.1000000015
14999  -44.138  -71.885  -16.155 0.1000000015
13515  -38.345  -73.077  -7.886 0.1000000015
12343  -43.560  -73.268  -16.977 0.1000000015
13530  -37.505  -72.641  -8.682 0.1000000015
12246  -36.586  -73.221  -9.983 0.1000000015
12262  -35.452  -73.904  -11.179 0.1000000015
12279  -34.423  -73.866  -12.243 0.1000000015
13567  -34.888  -73.263  -11.637 0.1000000015
12280  -34.858  -74.074  -11.778 0.1000000015
13606  -36.153  -72.262  -13.745 0.1000000015
16370  -37.403  -70.712  -14.099 0.1000000015
11031  -34.735  -74.238  -12.103 0.1000000015
13586  -35.486  -73.574  -13.155 0.1000000015
14984  -42.629  -70.984  -15.657 0.1000000015
10961  -39.589  -75.437  -7.541 0.1000000015
8584  -40.213  -77.211  -8.515 0.1000000015
8585  -40.414  -77.735  -8.267 0.1000000015
16382  -40.933  -70.076  -15.037 0.1000000015
14983  -41.282  -70.894  -15.719 0.1000000015
10960  -39.047  -74.382  -8.043 0.1000000015
10980  -39.273  -75.112  -8.816 0.1000000015
14982  -39.870  -70.870  -15.812 0.1000000015
11095  -43.248  -74.181  -17.666 0.1000000015
12226  -37.930  -73.179  -8.996 0.1000000015
12227  -38.377  -73.687  -8.842 0.1000000015
16355  -37.832  -70.568  -13.280 0.1000000015
16381  -39.307  -70.431  -15.092 0.1000000015
13544  -36.922  -72.756  -9.370 0.1000000015
14938  -36.500  -71.915  -12.980 0.1000000015
13553  -36.067  -73.109  -10.514 0.1000000015
11016  -35.788  -74.471  -11.192 0.1000000015
11032  -35.320  -74.464  -11.839 0.1000000015
9759  -39.793  -76.077  -8.762 0.1000000015
13635  -44.174  -72.477  -16.793 0.1000000015
14960  -37.219  -70.882  -13.245 0.1000000015
16356  -39.099  -70.057  -13.283 0.1000000015
11017  -36.371  -74.887  -11.190 0.1000000015
12247  -37.441  -73.764  -9.806 0.1000000015
12263  -36.276  -74.097  -10.593 0.1000000015
16372  -40.073  -69.900  -14.165 0.1000000015
16373  -40.954  -69.806  -14.457 0.1000000015
14923  -37.216  -71.927  -12.075 0.1000000015
16327  -38.635  -70.565  -12.420 0.1000000015
10979  -38.768  -74.498  -9.054 0.1000000015
11033  -36.182  -74.687  -12.074 0.1000000015
13568  -36.471  -73.151  -12.300 0.1000000015
12248  -38.016  -73.948  -9.568 0.1000000015
9797  -36.747  -75.097  -11.579 0.1000000015
12264  -36.816  -74.494  -10.529 0.1000000015
17726  -40.805  -69.746  -13.573 0.1000000015
17727  -41.442  -69.669  -13.979 0.1000000015
16307  -38.590  -71.172  -11.874 0.1000000015
9779  -39.145  -75.681  -9.848 0.1000000015
12282  -37.637  -73.834  -11.743 0.1000000015
13570  -38.337  -72.763  -11.636 0.1000000015
12281  -36.769  -73.961  -12.175 0.1000000015
13569  -37.220  -72.753  -11.887 0.1000000015
10999  -37.660  -74.391  -10.151 0.1000000015
17696  -41.578  -70.018  -12.815 0.1000000015
16328  -39.989  -70.314  -12.470 0.1000000015
14925  -39.001  -71.796  -11.479 0.1000000015
16308  -39.518  -71.024  -11.824 0.1000000015
8605  -39.658  -76.755  -9.860 0.1000000015
9798  -37.196  -75.503  -11.189 0.1000000015
11001  -38.791  -74.982  -9.550 0.1000000015
16329  -41.246  -70.419  -12.392 0.1000000015
8567  -40.292  -77.803  -7.849 0.1000000015
7425  -42.542  -77.112  -7.505 0.1000000015
6373  -40.746  -78.170  -8.320 0.1000000015
13499  -37.537  -72.701  -6.611 0.1000000015
14910  -35.233  -71.955  -10.701 0.1000000015
13566  -34.353  -73.100  -12.115 0.1000000015
13613  -34.175  -73.078  -14.122 0.1000000015
12325  -35.055  -73.410  -15.110 0.1000000015
12326  -35.826  -73.458  -15.738 0.1000000015
12337  -36.219  -73.954  -16.411 0.1000000015
13500  -38.138  -73.059  -7.118 0.1000000015
16371  -38.468  -70.451  -14.364 0.1000000015
11052  -35.731  -74.281  -12.540 0.1000000015
16357  -40.202  -69.847  -13.206 0.1000000015
14940  -38.016  -71.035  -12.214 0.1000000015
9818  -37.238  -75.223  -11.621 0.1000000015
17717  -40.946  -69.809  -13.119 0.1000000015
6366  -41.172  -78.356  -7.763 0.1000000015
8896  -31.787  -76.433  -34.339 0.1000000015
8890  -31.234  -76.463  -33.667 0.1000000015
7788  -35.816  -77.568  -36.206 0.1000000015
8911  -35.619  -76.822  -35.761 0.1000000015
10105  -35.137  -75.739  -35.311 0.1000000015
7784  -32.248  -77.787  -35.138 0.1000000015
8912  -36.712  -76.996  -35.778 0.1000000015
8925  -37.289  -76.885  -36.772 0.1000000015
8914  -38.045  -76.454  -36.532 0.1000000015
10093  -32.196  -75.371  -34.122 0.1000000015
10092  -31.565  -75.902  -33.872 0.1000000015
10081  -31.261  -75.404  -33.210 0.1000000015
11339  -32.923  -74.766  -34.155 0.1000000015
10104  -34.025  -75.972  -35.250 0.1000000015
10103  -33.477  -76.075  -35.109 0.1000000015
8897  -32.656  -76.398  -34.850 0.1000000015
7765  -30.864  -77.294  -33.309 0.1000000015
10106  -36.375  -75.923  -35.535 0.1000000015
7785  -32.736  -77.495  -35.339 0.1000000015
7786  -33.732  -77.708  -35.945 0.1000000015
8913  -37.590  -76.987  -36.114 0.1000000015
10108  -38.498  -75.848  -36.194 0.1000000015
10116  -38.618  -75.844  -36.822 0.1000000015
9998  -34.709  -75.597  -27.659 0.1000000015
11251  -32.810  -75.334  -28.452 0.1000000015
10021  -34.186  -75.540  -28.168 0.1000000015
11323  -31.789  -74.660  -33.217 0.1000000015
11314  -31.569  -74.469  -32.548 0.1000000015
10071  -31.144  -75.068  -32.198 0.1000000015
11299  -31.117  -74.332  -30.818 0.1000000015
11273  -31.366  -74.820  -29.580 0.1000000015
12521  -32.030  -74.123  -29.584 0.1000000015
11324  -32.427  -74.487  -33.569 0.1000000015
11309  -30.810  -74.744  -31.376 0.1000000015
11325  -33.357  -74.079  -33.756 0.1000000015
8886  -30.483  -76.063  -32.320 0.1000000015
10095  -34.397  -75.202  -34.958 0.1000000015
10094  -33.330  -75.531  -34.773 0.1000000015
10107  -37.525  -76.006  -35.797 0.1000000015
10022  -35.213  -75.564  -28.519 0.1000000015
11252  -33.480  -75.103  -28.491 0.1000000015
9999  -35.977  -75.660  -28.035 0.1000000015
12560  -31.597  -73.880  -31.437 0.1000000015
12545  -32.312  -73.180  -30.634 0.1000000015
12544  -31.798  -73.812  -30.381 0.1000000015
12571  -32.206  -73.596  -32.294 0.1000000015
12580  -32.420  -74.015  -32.973 0.1000000015
10096  -34.960  -75.115  -35.040 0.1000000015
11354  -35.837  -74.964  -35.222 0.1000000015
11355  -37.100  -74.660  -35.298 0.1000000015
12591  -34.463  -73.874  -34.084 0.1000000015
9997  -33.824  -75.678  -27.451 0.1000000015
11275  -33.540  -74.331  -28.926 0.1000000015
12592  -35.326  -73.279  -34.093 0.1000000015
10020  -33.330  -75.654  -28.039 0.1000000015
12581  -32.940  -73.754  -33.072 0.1000000015
12582  -34.076  -73.236  -33.239 0.1000000015
9972  -34.174  -75.666  -26.721 0.1000000015
13886  -35.624  -72.356  -33.176 0.1000000015
16606  -36.194  -70.773  -32.088 0.1000000015
17953  -36.954  -69.707  -31.244 0.1000000015
12522  -32.681  -73.553  -29.675 0.1000000015
13856  -32.584  -72.833  -31.456 0.1000000015
13870  -33.229  -72.625  -32.019 0.1000000015
15229  -34.894  -71.676  -31.875 0.1000000015
15212  -34.432  -71.606  -31.179 0.1000000015
13872  -35.058  -72.099  -32.425 0.1000000015
16596  -35.947  -70.775  -31.375 0.1000000015
15211  -33.902  -71.811  -30.902 0.1000000015
13843  -32.861  -72.755  -30.476 0.1000000015
15193  -33.764  -72.017  -30.370 0.1000000015
16569  -35.487  -70.948  -29.773 0.1000000015
13871  -34.168  -72.302  -32.063 0.1000000015
16607  -36.689  -70.445  -32.355 0.1000000015
15213  -35.253  -71.208  -31.244 0.1000000015
6547  -41.779  -78.294  -24.294 0.1000000015
6548  -41.913  -78.277  -24.215 0.1000000015
6557  -41.835  -78.350  -24.463 0.1000000015
6572  -42.070  -78.208  -25.053 0.1000000015
6687  -32.393  -78.088  -35.301 0.1000000015
7619  -42.168  -77.285  -21.525 0.1000000015
7641  -41.796  -78.100  -24.075 0.1000000015
7654  -41.587  -78.220  -24.796 0.1000000015
7695  -41.227  -77.985  -27.617 0.1000000015
7712  -41.156  -77.644  -28.404 0.1000000015
7725  -40.916  -77.594  -28.953 0.1000000015
7726  -41.194  -77.422  -28.774 0.1000000015
7774  -32.581  -77.001  -35.035 0.1000000015
7787  -34.881  -77.580  -36.100 0.1000000015
7789  -36.555  -77.376  -36.371 0.1000000015
8815  -41.567  -77.386  -27.959 0.2000000030
8816  -41.990  -77.333  -27.389 0.2000000030
8828  -38.423  -77.114  -28.914 0.1000000015
8829  -39.309  -77.495  -28.942 0.1000000015
8830  -41.378  -77.258  -28.556 0.1000000015
8844  -39.631  -76.944  -29.439 0.1000000015
8845  -40.674  -76.982  -29.331 0.1000000015
8859  -37.814  -76.473  -29.509 0.1000000015
8860  -38.278  -76.622  -29.524 0.1000000015
8889  -30.662  -76.334  -33.035 0.1000000015
8898  -33.197  -76.162  -35.024 0.1000000015
8908  -32.821  -76.883  -35.143 0.1000000015
8909  -33.385  -76.681  -35.297 0.1000000015
8910  -34.492  -76.789  -35.572 0.1000000015
9703  -38.889  -75.081  -5.143 0.1000000015
9817  -36.765  -74.993  -11.789 0.1000000015
9901  -43.202  -75.906  -21.421 0.2000000030
9909  -43.139  -76.396  -22.989 0.2000000030
9910  -43.333  -75.872  -22.641 0.2000000030
9937  -43.416  -75.334  -23.595 0.2000000030
10003  -41.834  -76.923  -27.837 0.1000000015
10044  -39.307  -75.944  -29.577 0.1000000015
10058  -38.563  -76.249  -29.583 0.1000000015
10064  -30.557  -75.370  -31.659 0.1000000015
10065  -30.978  -74.929  -31.774 0.1000000015
10070  -30.795  -75.497  -32.448 0.1000000015
10080  -30.717  -75.796  -32.787 0.1000000015
10082  -31.890  -74.966  -33.568 0.1000000015
11000  -38.163  -74.553  -9.969 0.1000000015
11034  -37.044  -74.710  -11.911 0.1000000015
11050  -34.626  -74.197  -12.592 0.1000000015
11051  -35.213  -74.274  -12.657 0.1000000015
11063  -35.037  -74.256  -12.989 0.1000000015
11104  -39.744  -75.450  -18.188 0.1000000015
11154  -43.174  -74.251  -23.832 0.3000000119
11174  -43.432  -75.102  -23.908 0.2000000030
11253  -34.378  -75.023  -28.590 0.1000000015
11274  -32.520  -74.573  -28.943 0.1000000015
11284  -42.096  -74.487  -29.123 0.1000000015
11310  -31.216  -74.482  -31.772 0.1000000015
11315  -32.065  -74.217  -32.948 0.1000000015
11326  -33.939  -73.885  -33.912 0.1000000015
11338  -32.501  -74.866  -33.964 0.1000000015
11340  -33.907  -74.511  -34.388 0.1000000015
11353  -35.247  -75.064  -35.106 0.1000000015
12298  -34.077  -73.926  -12.821 0.1000000015
12299  -35.576  -73.920  -12.861 0.1000000015
12300  -36.113  -73.945  -12.561 0.1000000015
12314  -35.060  -74.013  -13.263 0.1000000015
12319  -34.869  -73.356  -13.983 0.1000000015
12324  -34.692  -73.246  -15.084 0.1000000015
12341  -42.412  -73.229  -17.106 0.1000000015
12355  -41.097  -73.774  -17.577 0.1000000015
12357  -43.124  -73.771  -17.343 0.1000000015
12416  -43.398  -73.932  -22.173 0.3000000119
12513  -44.154  -72.917  -29.648 0.2000000030
12533  -43.958  -72.986  -29.764 0.1000000015
12534  -44.221  -72.840  -29.891 0.2000000030
12561  -32.013  -73.371  -31.253 0.1000000015
12570  -31.612  -74.074  -32.038 0.1000000015
12572  -33.110  -73.108  -32.578 0.1000000015
12573  -33.636  -72.790  -32.492 0.1000000015
13531  -38.087  -72.949  -8.435 0.1000000015
13552  -35.558  -72.808  -11.044 0.1000000015
13585  -34.126  -73.481  -12.632 0.1000000015
13587  -35.948  -72.971  -12.875 0.1000000015
13588  -36.702  -72.257  -12.377 0.1000000015
13622  -38.260  -72.339  -16.028 0.1000000015
13630  -38.726  -72.627  -16.495 0.1000000015
13647  -40.346  -72.884  -17.128 0.1000000015
13702  -41.538  -71.970  -20.899 0.5000000000
13738  -43.406  -73.524  -23.139 0.4000000060
13801  -44.722  -72.314  -28.317 0.1000000015
13816  -42.800  -73.446  -28.399 0.1000000015
13819  -45.046  -72.220  -28.861 0.1000000015
13827  -33.275  -72.887  -29.818 0.1000000015
13836  -44.790  -72.355  -29.296 0.2000000030
13844  -33.397  -72.416  -30.257 0.1000000015
13845  -43.664  -72.585  -30.312 0.1000000015
13846  -43.853  -72.532  -30.303 0.2000000030
13857  -33.409  -72.233  -31.139 0.1000000015
13858  -33.962  -71.960  -31.330 0.1000000015
13869  -32.721  -72.947  -32.138 0.1000000015
13885  -34.826  -72.633  -32.804 0.1000000015
14863  -42.930  -71.476  -6.357 0.1000000015
14878  -36.281  -71.684  -7.276 0.1000000015
14924  -37.912  -71.748  -11.841 0.1000000015
14939  -37.264  -71.266  -12.615 0.1000000015
14959  -36.786  -71.253  -13.491 0.1000000015
14973  -38.234  -70.815  -14.995 0.1000000015
14979  -36.670  -72.040  -14.894 0.1000000015
14987  -45.333  -70.983  -15.900 0.2000000030
14988  -45.503  -70.844  -16.018 0.2000000030
14994  -38.676  -72.032  -16.055 0.1000000015
15000  -45.006  -71.632  -16.324 0.1000000015
15001  -45.450  -71.130  -16.235 0.2000000030
15035  -41.081  -70.815  -19.365 0.5000000000
15143  -43.447  -71.581  -26.665 0.3000000119
15145  -45.640  -71.175  -26.866 0.2000000030
15151  -42.754  -72.502  -27.163 0.3000000119
15152  -43.211  -72.251  -27.353 0.2000000030
15155  -46.409  -71.285  -27.391 0.1000000015
15169  -47.045  -71.122  -27.715 0.1000000015
15182  -43.111  -71.960  -30.224 0.2000000030
15186  -46.220  -71.439  -28.868 0.1000000015
15197  -43.745  -72.292  -30.375 0.1000000015
15198  -44.086  -72.220  -30.357 0.2000000030
15230  -35.660  -71.407  -32.279 0.1000000015
16257  -40.037  -69.831  -7.216 0.3000000119
16260  -42.951  -70.992  -6.002 0.1000000015
16326  -37.881  -70.768  -12.602 0.1000000015
16354  -37.201  -70.793  -13.619 0.1000000015
16369  -36.924  -70.893  -13.923 0.1000000015
16386  -45.176  -70.468  -15.585 0.2000000030
16393  -44.855  -70.223  -16.474 0.4000000060
16394  -45.347  -70.552  -16.289 0.2000000030
16395  -45.509  -70.711  -16.159 0.2000000030
16409  -44.510  -70.729  -17.152 0.4000000060
16456  -41.132  -70.641  -20.793 0.5000000000
16471  -40.891  -69.960  -20.751 0.5000000000
16539  -47.490  -70.531  -25.548 0.2000000030
16541  -48.280  -70.121  -25.873 0.2000000030
16544  -43.896  -71.054  -26.261 0.2000000030
16549  -48.202  -70.226  -26.287 0.3000000119
16579  -45.518  -70.900  -29.617 0.1000000015
16597  -36.458  -70.249  -31.625 0.1000000015
17674  -43.558  -69.687  -12.355 0.2000000030
17741  -44.926  -69.882  -15.564 0.1000000015
17742  -45.345  -70.194  -15.736 0.2000000030
17752  -43.635  -69.094  -16.206 0.4000000060
17755  -45.469  -70.349  -15.913 0.2000000030
17787  -41.604  -69.618  -17.919 0.5000000000
17834  -45.984  -69.231  -21.942 0.4000000060
17849  -44.443  -69.628  -22.498 0.4000000060
17852  -47.338  -69.574  -22.669 0.4000000060
17868  -44.860  -69.763  -22.857 0.4000000060
17869  -45.619  -69.748  -22.930 0.4000000060
17871  -47.574  -69.978  -23.320 0.4000000060
17887  -46.709  -69.840  -23.897 0.4000000060
17889  -48.275  -70.115  -24.457 0.2000000030
17898  -46.622  -70.126  -24.675 0.3000000119
17899  -47.343  -70.326  -24.934 0.2000000030
17900  -48.297  -69.920  -25.197 0.2000000030
17901  -48.315  -70.040  -25.641 0.2000000030
17905  -48.218  -69.573  -25.695 0.2000000030
17920  -47.888  -69.928  -28.259 0.2000000030
18968  -44.540  -67.811  -3.837 0.1000000015
18983  -43.569  -68.176  -4.050 0.1000000015
19079  -41.806  -68.277  -15.926 0.4000000060
19090  -41.357  -68.393  -16.478 0.5000000000
19093  -43.823  -68.994  -15.651 0.3000000119
19115  -40.029  -67.872  -18.805 0.5000000000
19129  -40.029  -67.645  -19.094 0.5000000000
19143  -40.533  -68.305  -20.313 0.6000000238
19145  -42.834  -68.001  -20.776 0.5000000000
19150  -47.362  -68.037  -20.873 0.4000000060
19163  -40.830  -68.751  -20.746 0.5000000000
19166  -43.745  -68.692  -21.352 0.5000000000
19169  -47.046  -68.713  -21.221 0.4000000060
19203  -47.897  -69.020  -24.735 0.2000000030
19204  -48.316  -69.560  -24.317 0.2000000030
19217  -48.340  -69.455  -26.649 0.2000000030
19222  -47.460  -68.371  -27.237 0.1000000015
19235  -48.166  -68.374  -28.271 0.1000000015
19333  -46.603  -68.396  -34.034 0.1000000015
19350  -46.153  -68.418  -34.568 0.1000000015
19351  -46.809  -68.313  -34.888 0.1000000015
19352  -47.211  -68.146  -35.061 0.1000000015
19366  -45.604  -68.217  -35.279 0.1000000015
19367  -46.204  -68.240  -35.419 0.1000000015
19369  -47.282  -67.972  -35.360 0.1000000015
19388  -46.308  -68.007  -36.127 0.1000000015
19389  -46.803  -67.938  -35.894 0.1000000015
20323  -44.788  -67.818  -3.860 0.1000000015
20324  -45.222  -67.822  -3.895 0.1000000015
20401  -41.941  -68.109  -15.229 0.4000000060
20458  -40.024  -67.266  -19.054 0.5000000000
20461  -43.688  -67.222  -20.009 0.5000000000
20464  -46.532  -66.855  -19.752 0.3000000119
20474  -41.106  -67.513  -20.142 0.6000000238
20479  -46.275  -67.644  -19.963 0.4000000060
20480  -47.189  -67.222  -20.247 0.4000000060
20488  -41.896  -68.129  -21.049 0.5000000000
20519  -43.754  -67.283  -24.350 0.1000000015
20528  -43.701  -67.343  -25.436 0.1000000015
20547  -44.125  -66.942  -27.571 0.1000000015
20551  -47.920  -68.241  -28.144 0.1000000015
20590  -47.398  -67.116  -29.595 0.1000000015
20616  -48.420  -67.100  -30.510 0.1000000015
20702  -47.521  -67.774  -34.993 0.1000000015
20716  -45.142  -68.062  -35.402 0.1000000015
20717  -47.122  -67.875  -35.743 0.1000000015
20718  -47.420  -67.681  -35.573 0.1000000015
20739  -46.262  -67.816  -36.717 0.1000000015
20741  -47.276  -67.682  -35.899 0.1000000015
21668  -41.095  -66.755  -3.958 0.3000000119
21676  -38.954  -66.167  -6.536 0.3000000119
21803  -40.085  -66.844  -18.823 0.6000000238
21804  -40.638  -66.229  -18.687 0.6000000238
21813  -40.220  -67.120  -19.159 0.6000000238
21814  -40.549  -66.932  -19.200 0.6000000238
21815  -41.344  -66.749  -19.437 0.6000000238
21821  -47.083  -66.679  -20.023 0.4000000060
21831  -41.442  -67.157  -19.824 0.6000000238
21833  -42.844  -67.130  -20.019 0.5000000000
21848  -44.236  -66.054  -21.639 0.3000000119
21851  -47.312  -66.754  -20.852 0.4000000060
21863  -43.672  -66.349  -22.330 0.2000000030
21875  -42.364  -66.238  -23.687 0.1000000015
21882  -41.777  -65.973  -24.997 0.1000000015
21883  -42.199  -66.241  -24.348 0.1000000015
21911  -43.357  -66.248  -27.710 0.2000000030
21914  -45.975  -66.971  -28.538 0.2000000030
21930  -44.145  -65.837  -28.797 0.2000000030
21947  -45.114  -66.055  -29.754 0.2000000030
21967  -48.898  -66.981  -31.006 0.1000000015
22002  -43.170  -66.698  -32.281 0.1000000015
22004  -46.011  -65.922  -32.185 0.1000000015
22036  -47.374  -66.603  -34.340 0.1000000015
22045  -47.379  -66.653  -35.298 0.1000000015
22061  -47.408  -67.428  -35.977 0.1000000015
22079  -46.262  -66.720  -37.157 0.1000000015
22970  -38.915  -65.370  -6.021 0.3000000119
22974  -39.045  -65.904  -6.186 0.3000000119
22990  -47.587  -65.849  -8.989 0.1000000015
23007  -47.325  -65.552  -9.179 0.1000000015
23111  -38.721  -65.438  -15.995 0.5000000000
23147  -46.420  -65.106  -19.796 0.3000000119
23156  -45.400  -65.351  -20.571 0.3000000119
23157  -46.298  -65.112  -20.224 0.3000000119
23172  -42.688  -65.315  -21.756 0.3000000119
23175  -45.095  -65.628  -20.858 0.3000000119
23191  -42.529  -66.032  -22.880 0.2000000030
23253  -44.168  -65.559  -29.058 0.2000000030
23285  -44.548  -65.573  -30.486 0.2000000030
23299  -44.624  -65.450  -31.347 0.2000000030
23387  -46.647  -65.631  -36.740 0.1000000015
24234  -42.302  -64.202  -4.319 0.3000000119
24264  -38.841  -63.977  -6.195 0.3000000119
24294  -36.718  -64.452  -9.036 0.4000000060
24295  -36.950  -64.055  -8.421 0.4000000060
24314  -36.459  -64.225  -9.704 0.4000000060
24328  -36.317  -64.010  -10.429 0.4000000060
24361  -37.098  -64.264  -13.720 0.3000000119
24426  -40.604  -64.890  -17.589 0.4000000060
24440  -41.176  -65.036  -18.018 0.5000000000
24441  -41.952  -64.896  -18.004 0.5000000000
24442  -42.948  -64.821  -17.819 0.4000000060
24450  -43.764  -63.984  -19.835 0.2000000030
24462  -41.903  -64.110  -20.913 0.2000000030
24466  -45.849  -64.832  -20.107 0.3000000119
24467  -46.141  -64.917  -20.145 0.3000000119
24486  -42.812  -64.939  -21.145 0.2000000030
24488  -44.453  -65.011  -20.818 0.3000000119
24504  -41.037  -64.814  -23.289 0.1000000015
24535  -41.767  -64.388  -27.525 0.1000000015
24536  -42.255  -64.834  -27.786 0.1000000015
24550  -41.823  -63.986  -28.119 0.1000000015
24610  -42.730  -64.396  -31.044 0.1000000015
24628  -42.820  -64.243  -31.662 0.1000000015
24697  -46.398  -64.518  -36.926 0.1000000015
24698  -46.585  -65.085  -37.074 0.1000000015
25691  -44.497  -63.441  -17.810 0.4000000060
25702  -41.761  -62.636  -19.222 0.3000000119
25706  -44.958  -63.763  -18.349 0.4000000060
25714  -40.551  -62.494  -20.130 0.2000000030
25717  -43.484  -63.609  -19.533 0.3000000119
25732  -43.264  -63.881  -19.979 0.3000000119
25839  -42.346  -63.378  -30.101 0.1000000015
25890  -44.414  -63.753  -34.284 0.1000000015
25907  -44.404  -63.198  -34.286 0.1000000015
25908  -44.962  -63.337  -34.803 0.1000000015
25924  -46.463  -62.916  -36.960 0.1000000015
25959  -45.984  -62.737  -37.248 0.1000000015
26686  -39.736  -62.871  -6.026 0.3000000119
26689  -41.883  -62.977  -5.874 0.2000000030
26723  -37.575  -62.689  -7.956 0.3000000119
26760  -36.760  -62.060  -9.102 0.3000000119
26817  -36.730  -62.898  -12.862 0.3000000119
26818  -37.242  -62.520  -13.446 0.3000000119
26891  -42.028  -62.186  -16.347 0.4000000060
26910  -44.539  -62.767  -17.886 0.4000000060
26911  -44.809  -63.005  -18.220 0.3000000119
26922  -40.756  -61.780  -19.014 0.2000000030
26923  -41.328  -61.995  -18.963 0.4000000060
26926  -44.329  -62.772  -18.332 0.3000000119
26935  -40.172  -61.739  -19.616 0.2000000030
26936  -40.509  -62.052  -19.555 0.4000000060
26938  -43.898  -62.919  -19.114 0.3000000119
26939  -44.590  -63.181  -18.842 0.3000000119
26940  -44.695  -63.332  -18.642 0.4000000060
26948  -40.154  -62.074  -20.415 0.1000000015
27060  -42.069  -62.002  -27.818 0.1000000015
27118  -42.906  -62.316  -31.793 0.1000000015
27143  -44.561  -62.321  -33.779 0.1000000015
27186  -46.313  -62.734  -36.692 0.1000000015
27225  -46.079  -62.496  -37.071 0.1000000015
28023  -40.542  -61.522  -7.498 0.3000000119
28024  -41.474  -61.877  -7.587 0.2000000030
28033  -39.254  -61.135  -8.124 0.3000000119
28084  -36.473  -61.641  -11.754 0.2000000030
28107  -37.228  -61.508  -13.005 0.3000000119
28194  -42.784  -61.657  -16.728 0.5000000000
28195  -43.306  -62.087  -16.853 0.3000000119
28213  -42.956  -61.561  -17.446 0.4000000060
28214  -43.573  -62.153  -17.395 0.3000000119
28215  -44.092  -62.483  -17.682 0.4000000060
28228  -41.880  -61.643  -18.247 0.3000000119
28229  -42.806  -61.848  -18.096 0.4000000060
28240  -40.405  -61.552  -19.045 0.2000000030
28391  -51.994  -61.110  -27.731 0.1000000015
28409  -42.324  -61.471  -28.146 0.1000000015
28430  -50.411  -61.318  -29.792 0.1000000015
28431  -51.030  -61.359  -29.914 0.1000000015
28432  -51.661  -61.161  -29.607 0.1000000015
28452  -51.316  -61.021  -30.226 0.1000000015
28496  -45.934  -61.231  -33.763 0.1000000015
28497  -46.316  -60.620  -34.216 0.1000000015
28518  -46.206  -60.526  -34.514 0.1000000015
29411  -37.562  -60.968  -8.969 0.2000000030
29432  -36.765  -61.062  -9.786 0.2000000030
29433  -37.248  -60.836  -9.426 0.2000000030
29451  -36.709  -60.838  -10.310 0.3000000119
29470  -36.680  -60.901  -11.382 0.2000000030
29513  -39.196  -60.281  -13.906 0.4000000060
29599  -42.516  -61.245  -17.333 0.4000000060
29608  -40.026  -60.428  -18.599 0.2000000030
29618  -39.771  -60.502  -19.116 0.3000000119
29762  -46.955  -60.268  -25.696 0.1000000015
29779  -43.255  -60.298  -28.021 0.1000000015
29797  -43.346  -60.482  -28.806 0.1000000015
29799  -44.627  -60.301  -29.247 0.1000000015
29802  -49.625  -61.265  -28.797 0.1000000015
29814  -42.913  -60.758  -29.227 0.1000000015
29815  -43.530  -60.664  -29.545 0.1000000015
29832  -43.771  -60.938  -30.510 0.1000000015
29836  -51.612  -60.621  -30.183 0.1000000015
29849  -43.859  -61.126  -31.214 0.1000000015
29850  -44.519  -60.775  -31.546 0.1000000015
29870  -44.912  -60.803  -32.245 0.1000000015
29871  -45.690  -60.246  -32.588 0.1000000015
29914  -46.358  -60.263  -34.292 0.1000000015
30812  -38.555  -60.084  -9.114 0.3000000119
30815  -40.989  -59.889  -8.858 0.2000000030
30830  -37.717  -60.075  -9.795 0.2000000030
30834  -41.490  -59.585  -9.218 0.2000000030
30847  -37.663  -59.678  -10.338 0.1000000015
30865  -37.693  -59.535  -10.973 0.2000000030
30904  -38.432  -59.386  -12.928 0.3000000119
30968  -39.885  -59.716  -18.561 0.2000000030
30969  -40.292  -59.765  -17.978 0.2000000030
31095  -46.015  -59.835  -25.849 0.1000000015
31113  -44.850  -59.591  -26.876 0.1000000015
31116  -47.533  -60.114  -26.731 0.1000000015
31136  -45.654  -59.621  -27.816 0.1000000015
31138  -47.441  -60.014  -27.360 0.1000000015
31162  -52.089  -59.434  -29.209 0.1000000015
31180  -46.321  -59.720  -29.791 0.1000000015
31183  -49.908  -60.236  -30.070 0.1000000015
31184  -50.465  -60.499  -30.338 0.1000000015
31203  -49.913  -59.490  -30.228 0.1000000015
31250  -45.763  -58.948  -33.997 0.1000000015
31251  -46.379  -59.182  -33.786 0.1000000015
32192  -40.593  -59.134  -8.840 0.1000000015
32218  -39.296  -58.057  -10.055 0.1000000015
32298  -40.072  -58.991  -15.505 0.2000000030
32319  -39.609  -58.587  -16.503 0.2000000030
32361  -40.133  -58.762  -19.726 0.1000000015
32533  -49.293  -59.249  -29.911 0.1000000015
32534  -51.782  -58.632  -30.145 0.1000000015
32547  -46.812  -58.611  -30.925 0.1000000015
32587  -46.200  -57.731  -32.945 0.1000000015
33527  -40.194  -57.230  -10.099 0.1000000015
33546  -39.175  -57.503  -11.459 0.1000000015
33569  -38.884  -58.020  -12.549 0.2000000030
33570  -39.101  -57.509  -12.569 0.2000000030
33588  -39.207  -57.225  -13.389 0.2000000030
33672  -39.570  -57.723  -18.142 0.2000000030
33767  -48.023  -58.026  -23.251 0.1000000015
33782  -46.876  -56.834  -23.995 0.1000000015
33800  -47.182  -56.924  -25.420 0.1000000015
33844  -51.422  -57.764  -29.398 0.1000000015
33866  -50.010  -57.650  -31.504 0.1000000015
33883  -47.960  -57.549  -32.253 0.1000000015
33886  -50.456  -56.835  -32.274 0.1000000015
33906  -49.393  -57.113  -32.676 0.1000000015
33907  -49.636  -57.145  -32.669 0.1000000015
34838  -40.659  -56.976  -9.984 0.1000000015
34839  -41.019  -57.099  -9.745 0.1000000015
34859  -39.866  -56.193  -11.064 0.1000000015
35005  -42.287  -56.901  -20.476 0.1000000015
35007  -43.909  -57.048  -19.983 0.1000000015
35079  -47.048  -56.741  -23.274 0.1000000015
35189  -50.337  -55.938  -29.370 0.1000000015
35191  -51.479  -57.017  -30.245 0.1000000015
35198  -51.598  -57.251  -30.565 0.1000000015
35212  -49.755  -56.406  -32.261 0.1000000015
35231  -49.143  -56.854  -32.611 0.1000000015
35232  -49.562  -56.953  -32.648 0.1000000015
36157  -40.758  -55.761  -10.716 0.1000000015
36192  -40.312  -55.181  -12.529 0.1000000015
36193  -40.711  -55.126  -11.930 0.1000000015
36204  -39.489  -55.715  -13.987 0.2000000030
36222  -39.619  -55.783  -14.789 0.2000000030
36269  -40.013  -55.074  -16.009 0.2000000030
36281  -39.600  -55.960  -16.514 0.2000000030
36298  -44.145  -55.100  -18.910 0.1000000015
36317  -45.467  -55.826  -19.300 0.1000000015
36455  -48.057  -55.767  -27.053 0.1000000015
36471  -48.065  -55.050  -27.184 0.1000000015
36534  -49.969  -55.306  -31.589 0.1000000015
37510  -41.709  -54.675  -11.766 0.1000000015
37528  -40.664  -54.816  -12.609 0.1000000015
37532  -43.883  -54.436  -12.507 0.1000000015
37611  -42.222  -53.609  -16.686 0.1000000015
37629  -41.331  -54.469  -17.562 0.1000000015
37663  -48.545  -55.035  -19.349 0.1000000015
37697  -46.524  -54.455  -21.625 0.1000000015
37724  -46.428  -54.756  -22.182 0.1000000015
37753  -46.416  -54.142  -24.452 0.1000000015
37820  -49.157  -54.474  -28.298 0.1000000015
37854  -50.533  -54.684  -30.700 0.1000000015
37867  -50.141  -54.343  -31.238 0.1000000015
38888  -42.210  -53.457  -13.671 0.1000000015
38911  -43.139  -52.935  -13.872 0.1000000015
38932  -41.653  -53.490  -15.011 0.2000000030
38951  -41.860  -53.498  -15.603 0.2000000030
38978  -45.979  -53.333  -17.634 0.1000000015
38989  -42.862  -53.686  -17.543 0.1000000015
38994  -47.372  -53.726  -18.236 0.1000000015
40232  -44.174  -52.684  -13.821 0.1000000015
40251  -42.777  -52.754  -14.755 0.2000000030
40276  -42.932  -52.619  -15.315 0.1000000015
40278  -44.415  -52.258  -15.873 0.1000000015
40302  -43.901  -52.675  -16.119 0.1000000015
40327  -45.027  -53.238  -16.941 0.1000000015
40332  -49.474  -51.909  -17.824 0.1000000015
40424  -47.116  -51.935  -24.262 0.1000000015
41570  -45.822  -51.839  -13.881 0.1000000015
41590  -44.937  -51.660  -14.768 0.1000000015
41591  -45.693  -51.484  -14.521 0.1000000015
41593  -47.010  -51.269  -13.932 0.1000000015
41615  -44.214  -51.932  -15.247 0.1000000015
41617  -45.685  -51.290  -15.301 0.1000000015
41618  -46.201  -51.164  -14.825 0.1000000015
41642  -45.571  -51.617  -16.036 0.1000000015
41644  -47.625  -51.116  -16.718 0.1000000015
41661  -46.737  -51.970  -16.933 0.1000000015
41662  -47.255  -51.835  -17.093 0.1000000015
41695  -44.494  -50.862  -19.958 0.1000000015
42838  -45.842  -51.098  -15.784 0.1000000015
42840  -47.301  -50.559  -16.106 0.1000000015
42851  -48.341  -50.781  -16.972 0.1000000015
42867  -45.641  -50.114  -18.584 0.1000000015
42893  -46.011  -50.614  -18.845 0.1000000015
42894  -47.918  -50.776  -19.115 0.1000000015
45127  -46.401  -47.945  -17.824 0.1000000015
46346  -46.329  -47.153  -17.647 0.1000000015
46348  -47.662  -46.829  -17.785 0.1000000015
46370  -43.764  -47.203  -19.246 0.1000000015
47537  -47.356  -46.017  -17.684 0.1000000015
48699  -45.150  -45.857  -17.806 0.1000000015
