#!ascii label  , from subject S5_07 vox2ras=TkReg
929
78678  -29.239  -18.655  -18.616 0.4285714328
79732  -30.002  -17.502  -19.005 0.2857142985
79731  -28.799  -17.553  -18.626 0.4285714328
79733  -30.578  -18.015  -19.168 0.4285714328
79745  -31.777  -17.316  -19.544 0.4285714328
80796  -30.154  -16.406  -19.356 0.2857142985
80797  -30.886  -16.406  -19.691 0.4285714328
80799  -32.498  -16.754  -19.617 0.4285714328
82892  -30.149  -14.519  -19.411 0.4285714328
82904  -31.796  -15.156  -19.978 0.4285714328
83998  -30.624  -13.512  -19.423 0.4285714328
83999  -31.568  -13.464  -19.540 0.4285714328
85079  -30.096  -12.499  -19.427 0.5714285970
85081  -32.013  -12.544  -19.749 0.4285714328
85091  -32.846  -12.713  -20.168 0.2857142985
86161  -30.527  -11.465  -19.661 0.7142857313
86162  -31.585  -11.498  -19.677 0.7142857313
87311  -33.168  -10.537  -19.792 0.7142857313
87312  -33.879  -10.589  -20.334 0.4285714328
86163  -32.642  -11.576  -19.942 0.7142857313
86164  -33.442  -11.285  -20.175 0.5714285970
88425  -34.323  -9.735  -20.480 0.5714285970
87310  -32.204  -10.519  -19.597 0.5714285970
88406  -32.819  -9.557  -19.749 0.5714285970
88407  -33.674  -9.692  -20.035 0.5714285970
89536  -34.094  -9.185  -20.224 0.5714285970
88405  -31.825  -9.552  -19.605 0.5714285970
88426  -35.014  -9.630  -20.978 0.4285714328
89517  -34.490  -8.389  -20.111 0.5714285970
90684  -35.293  -7.830  -20.732 0.5714285970
90682  -31.681  -7.836  -20.008 0.7142857313
90662  -34.548  -7.750  -19.880 0.7142857313
90663  -35.149  -7.441  -20.168 0.7142857313
91761  -35.388  -7.273  -20.320 0.5714285970
89516  -33.726  -8.665  -19.939 0.5714285970
90680  -30.136  -7.581  -20.368 0.5714285970
90660  -32.331  -7.270  -19.587 0.8571428657
91743  -35.240  -6.809  -19.870 0.7142857313
91762  -35.775  -6.986  -20.566 0.5714285970
90659  -31.476  -6.905  -19.915 0.7142857313
91760  -30.677  -6.553  -20.475 0.5714285970
92860  -34.973  -5.833  -19.176 0.7142857313
92877  -36.330  -6.107  -20.574 0.5714285970
91741  -33.084  -6.506  -19.299 0.7142857313
91742  -34.170  -6.708  -19.381 0.7142857313
93972  -35.799  -5.026  -19.082 0.5714285970
91740  -32.127  -6.216  -19.605 0.5714285970
92858  -32.737  -5.439  -19.296 0.7142857313
92859  -33.803  -5.659  -18.959 0.7142857313
93971  -34.604  -4.599  -18.733 0.7142857313
93969  -32.297  -4.399  -19.348 0.7142857313
93970  -33.303  -4.565  -18.919 0.7142857313
95022  -35.242  -3.407  -18.333 0.7142857313
93954  -34.997  -3.960  -18.586 0.5714285970
92856  -31.374  -5.030  -20.310 0.5714285970
96085  -34.955  -2.472  -18.090 0.5714285970
96086  -35.988  -2.779  -17.795 0.5714285970
95038  -31.922  -3.262  -19.607 0.8571428657
95061  -31.204  -3.449  -20.085 0.8571428657
96084  -34.091  -2.259  -18.359 0.7142857313
96101  -32.531  -2.475  -19.343 0.8571428657
96102  -33.358  -2.637  -18.743 0.7142857313
98164  -33.820  -0.670  -17.962 0.8571428657
97147  -34.455  -1.584  -17.985 0.5714285970
97146  -33.399  -1.563  -18.517 0.8571428657
97145  -32.600  -1.278  -18.933 0.8571428657
97163  -32.761  -1.901  -18.990 0.8571428657
99184  -33.211  0.517  -18.041 0.8571428657
99168  -33.497  1.146  -17.687 0.8571428657
101304  -32.691  2.505  -18.075 0.8571428657
98163  -32.834  -0.578  -18.600 0.8571428657
100273  -32.438  1.510  -18.495 0.8571428657
101319  -31.150  2.348  -18.988 1.0000000000
101303  -31.891  2.440  -18.605 1.0000000000
99183  -31.929  0.315  -18.993 0.8571428657
100272  -31.641  1.536  -18.993 1.0000000000
103287  -30.877  3.792  -18.516 1.0000000000
104249  -29.878  5.064  -19.114 0.7142857313
102317  -31.356  3.212  -18.598 1.0000000000
102333  -30.690  3.129  -19.012 1.0000000000
103270  -31.562  4.178  -18.315 1.0000000000
106269  -31.314  7.604  -17.677 1.0000000000
106268  -30.219  7.394  -18.085 0.8571428657
107326  -30.611  8.515  -17.707 0.8571428657
111278  -32.569  12.443  -16.251 0.8571428657
109288  -31.912  10.738  -16.913 0.8571428657
112964  -32.274  14.505  -16.215 0.8571428657
112137  -32.498  13.362  -16.181 0.8571428657
112135  -30.234  13.565  -16.534 0.5714285970
112963  -31.036  14.558  -16.384 0.7142857313
113818  -31.860  15.528  -16.504 0.5714285970
112961  -29.244  14.615  -16.116 0.5714285970
112134  -29.284  13.662  -16.269 0.5714285970
113815  -29.099  15.328  -16.078 0.4285714328
114609  -30.225  16.498  -16.814 0.4285714328
112941  -29.008  14.639  -14.905 0.2857142985
112936  -29.370  14.811  -14.408 0.2857142985
113771  -29.480  15.622  -14.282 0.2857142985
80786  -29.339  -16.510  -18.916 0.2857142985
91744  -35.961  -6.542  -20.056 0.5714285970
97148  -35.539  -1.743  -17.682 0.5714285970
96103  -34.339  -3.023  -18.473 0.7142857313
99185  -34.279  0.035  -17.505 0.8571428657
100274  -33.175  1.602  -17.961 0.8571428657
104236  -30.532  5.168  -18.705 0.8571428657
113773  -30.931  15.726  -13.471 0.1428571492
81803  -28.942  -15.588  -18.711 0.2857142985
81814  -29.726  -15.500  -19.169 0.2857142985
81816  -31.418  -15.623  -19.845 0.4285714328
82905  -32.312  -14.690  -20.097 0.4285714328
82891  -29.140  -14.466  -18.927 0.2857142985
81815  -30.598  -15.516  -19.556 0.4285714328
82894  -31.910  -14.092  -19.728 0.4285714328
83997  -29.647  -13.484  -19.328 0.5714285970
85080  -31.069  -12.486  -19.501 0.5714285970
86179  -33.296  -12.007  -20.407 0.4285714328
86177  -29.899  -11.006  -20.183 0.2857142985
88404  -31.002  -9.539  -19.621 0.5714285970
89552  -36.417  -8.732  -22.054 0.4285714328
89513  -30.862  -8.911  -19.777 0.7142857313
89535  -31.675  -8.342  -19.898 0.7142857313
89537  -34.644  -8.770  -20.489 0.7142857313
90683  -34.757  -8.170  -20.346 0.5714285970
90699  -35.706  -8.166  -21.533 0.4285714328
90661  -33.365  -7.571  -19.582 0.7142857313
93973  -36.686  -4.971  -19.902 0.5714285970
93989  -36.574  -5.173  -21.179 0.5714285970
93956  -36.252  -4.280  -19.149 0.5714285970
92857  -31.878  -5.220  -19.765 0.8571428657
95039  -32.817  -3.508  -19.049 0.7142857313
98162  -32.252  -0.715  -19.233 1.0000000000
101287  -33.136  2.781  -17.492 1.0000000000
101331  -30.348  2.241  -20.158 1.0000000000
103286  -30.352  4.145  -19.011 0.8571428657
105258  -29.361  5.749  -18.803 0.7142857313
105259  -29.979  5.701  -18.648 1.0000000000
104221  -31.600  5.741  -17.750 1.0000000000
106292  -30.003  6.829  -18.490 0.7142857313
105214  -31.768  6.483  -17.574 1.0000000000
105238  -29.723  6.388  -18.592 0.7142857313
110253  -31.243  11.426  -17.011 0.8571428657
108299  -31.944  9.720  -16.762 1.0000000000
107310  -32.056  9.206  -16.923 1.0000000000
112136  -31.402  13.499  -16.441 0.7142857313
112962  -29.954  14.600  -16.448 0.7142857313
113817  -30.652  15.540  -16.615 0.7142857313
112118  -28.784  13.756  -15.746 0.4285714328
113799  -28.873  15.503  -15.622 0.2857142985
114608  -29.297  16.252  -16.306 0.4285714328
114596  -28.980  16.340  -15.630 0.4285714328
87332  -29.935  -10.257  -20.259 0.4285714328
88423  -29.861  -9.393  -20.120 0.4285714328
113788  -28.934  15.622  -14.907 0.2857142985
80785  -28.391  -16.532  -18.635 0.2857142985
78692  -31.762  -17.925  -19.258 0.4285714328
79744  -30.989  -17.398  -19.529 0.4285714328
80798  -31.791  -16.408  -19.903 0.4285714328
82893  -31.307  -14.588  -19.663 0.4285714328
86160  -29.636  -11.619  -19.703 0.2857142985
87309  -31.125  -10.470  -19.588 0.5714285970
87333  -30.496  -10.089  -19.790 0.5714285970
89514  -31.478  -8.841  -19.738 0.5714285970
89515  -32.365  -8.448  -19.797 0.5714285970
89538  -35.342  -8.723  -21.255 0.4285714328
90700  -35.920  -7.681  -21.483 0.5714285970
90681  -30.959  -7.636  -20.281 0.7142857313
89533  -30.402  -8.536  -20.067 0.7142857313
92861  -36.001  -5.971  -19.624 0.5714285970
91739  -31.403  -5.875  -20.175 0.7142857313
95041  -34.593  -3.732  -18.548 0.7142857313
93968  -31.486  -4.318  -19.815 0.8571428657
97161  -32.038  -1.582  -20.034 0.8571428657
99182  -31.469  0.975  -19.353 1.0000000000
111277  -31.790  12.458  -16.474 0.8571428657
112945  -28.960  14.611  -15.580 0.4285714328
113816  -29.654  15.498  -16.448 0.4285714328
112937  -29.917  14.601  -13.677 0.2857142985
112938  -30.581  15.001  -13.493 0.1428571492
86178  -30.336  -10.678  -19.862 0.2857142985
105239  -30.454  6.187  -18.265 1.0000000000
117074  -30.366  19.660  -17.147 0.2857142985
117064  -30.126  19.826  -16.502 0.1428571492
115392  -29.974  17.634  -16.699 0.2857142985
117075  -31.087  19.601  -17.431 0.2857142985
116234  -30.125  18.806  -16.505 0.1428571492
115386  -29.491  17.051  -15.719 0.1428571492
115387  -29.831  17.953  -15.790 0.1428571492
116246  -32.195  18.878  -17.268 0.2857142985
115408  -30.487  18.353  -17.154 0.2857142985
116239  -35.476  18.329  -16.770 0.2857142985
116237  -33.385  18.319  -16.793 0.2857142985
116230  -30.031  18.955  -15.638 0.1428571492
114611  -32.697  16.499  -16.609 0.2857142985
116235  -31.448  18.298  -17.258 0.2857142985
114614  -35.561  16.532  -16.148 0.1428571492
115395  -33.554  17.434  -16.581 0.2857142985
116236  -32.242  18.198  -17.088 0.2857142985
115394  -32.400  17.405  -16.868 0.2857142985
115409  -30.746  18.132  -17.202 0.2857142985
112982  -37.337  14.435  -17.204 0.1428571492
113836  -36.815  15.565  -16.429 0.1428571492
114613  -34.750  16.680  -16.220 0.4285714328
110240  -35.509  11.525  -15.344 0.2857142985
113801  -34.555  15.310  -15.746 0.4285714328
113819  -33.106  15.567  -16.324 0.2857142985
109278  -36.685  10.473  -15.588 0.1428571492
112949  -35.602  14.308  -15.594 0.2857142985
112120  -33.987  13.566  -15.674 0.5714285970
112965  -33.164  14.777  -16.079 0.7142857313
107302  -35.634  8.611  -15.387 0.1428571492
109277  -35.837  10.527  -15.318 0.1428571492
112947  -33.743  14.455  -15.796 0.7142857313
110239  -34.522  11.599  -15.501 0.4285714328
106234  -36.217  7.509  -15.480 0.2857142985
106233  -35.037  7.850  -15.451 0.7142857313
111259  -33.266  12.765  -15.987 0.7142857313
107327  -31.798  8.819  -17.276 0.8571428657
108289  -34.008  9.629  -15.636 0.8571428657
110238  -33.435  11.591  -15.961 0.5714285970
105192  -35.743  6.133  -15.435 0.2857142985
106251  -36.017  6.740  -15.396 0.2857142985
109275  -34.020  10.756  -15.714 0.7142857313
110262  -30.619  10.955  -17.283 0.5714285970
109289  -32.554  10.493  -16.495 0.8571428657
104205  -36.313  5.330  -15.676 0.1428571492
106249  -34.213  7.462  -15.812 0.7142857313
103244  -36.876  4.468  -15.970 0.1428571492
100296  -27.155  1.292  -20.184 0.5714285970
102332  -30.085  3.107  -19.744 0.8571428657
102331  -29.243  3.499  -19.940 0.8571428657
102342  -28.133  2.906  -20.167 0.4285714328
103285  -29.595  4.231  -19.510 0.5714285970
105213  -30.967  6.750  -17.885 0.8571428657
104222  -32.275  5.321  -17.693 0.8571428657
106270  -32.460  7.542  -17.253 0.8571428657
103243  -35.951  4.353  -15.717 0.2857142985
105216  -33.286  6.135  -16.747 0.8571428657
106248  -33.207  7.495  -16.640 0.8571428657
108300  -32.827  9.638  -16.354 0.8571428657
102280  -36.524  3.582  -16.057 0.4285714328
104203  -34.202  5.304  -16.178 0.7142857313
105190  -33.761  6.455  -16.359 0.7142857313
99195  -26.321  0.728  -19.748 0.2857142985
101329  -29.175  2.137  -20.525 0.5714285970
101328  -28.373  2.201  -20.376 0.5714285970
104238  -31.941  4.781  -18.151 0.8571428657
105215  -32.713  6.372  -17.147 0.8571428657
102278  -34.815  3.835  -16.239 0.4285714328
103254  -33.581  4.209  -16.632 0.8571428657
104223  -33.280  5.288  -16.838 0.8571428657
101269  -36.341  2.839  -16.284 0.4285714328
95058  -29.070  -3.651  -20.441 0.7142857313
96117  -28.582  -2.680  -20.352 0.4285714328
95059  -29.868  -3.601  -20.591 0.7142857313
97174  -30.794  -1.627  -20.463 0.8571428657
97172  -29.022  -1.614  -20.390 0.5714285970
98191  -27.549  -0.471  -20.255 0.5714285970
98176  -26.178  -0.375  -19.540 0.4285714328
98194  -30.435  -0.691  -20.355 0.8571428657
98192  -28.561  -0.563  -20.436 0.5714285970
99209  -26.837  0.877  -20.080 0.5714285970
99198  -31.598  0.033  -19.533 0.8571428657
99196  -30.552  0.982  -20.066 0.7142857313
100298  -28.692  1.351  -20.554 0.5714285970
100258  -33.751  1.621  -17.509 0.7142857313
101305  -33.352  2.196  -17.685 0.7142857313
102299  -33.354  3.399  -17.051 0.7142857313
103253  -33.020  4.367  -17.465 0.8571428657
100261  -36.374  1.302  -16.870 0.2857142985
100260  -35.427  1.330  -16.770 0.4285714328
101290  -35.810  2.271  -16.496 0.5714285970
92875  -29.931  -5.712  -20.672 0.4285714328
93986  -29.484  -4.627  -20.533 0.4285714328
95057  -28.320  -3.736  -20.052 0.4285714328
96121  -31.566  -2.617  -20.104 0.7142857313
96120  -31.035  -2.583  -20.403 0.7142857313
96100  -32.004  -2.148  -19.859 0.7142857313
98178  -31.424  -0.257  -19.918 0.8571428657
99170  -34.942  0.438  -17.113 0.7142857313
99171  -35.939  0.496  -17.057 0.2857142985
99169  -33.987  0.847  -17.394 0.5714285970
92873  -28.234  -5.544  -20.167 0.5714285970
93987  -30.290  -4.546  -20.566 0.5714285970
98152  -35.564  -0.172  -17.284 0.4285714328
98153  -36.282  -0.162  -17.431 0.4285714328
89532  -29.476  -8.539  -20.081 0.5714285970
92890  -36.561  -6.003  -21.714 0.4285714328
96087  -36.862  -2.792  -18.482 0.4285714328
95023  -36.221  -3.605  -18.516 0.4285714328
96088  -37.396  -2.716  -19.518 0.4285714328
97149  -36.574  -1.830  -17.823 0.4285714328
84009  -34.024  -13.878  -20.574 0.1428571492
95042  -36.896  -4.245  -20.291 0.4285714328
95024  -36.925  -3.731  -19.572 0.4285714328
95025  -37.454  -3.329  -20.207 0.4285714328
85092  -33.690  -12.789  -20.498 0.1428571492
85093  -34.631  -12.627  -20.805 0.1428571492
87336  -35.801  -9.919  -21.543 0.2857142985
91763  -38.407  -6.520  -21.243 0.2857142985
92893  -38.586  -5.054  -21.749 0.2857142985
92892  -38.288  -5.612  -21.923 0.2857142985
90715  -36.979  -7.611  -22.384 0.4285714328
94002  -38.196  -4.628  -22.243 0.2857142985
94001  -37.374  -4.909  -22.442 0.2857142985
91777  -37.508  -6.132  -22.357 0.2857142985
95074  -37.636  -4.112  -22.336 0.2857142985
95062  -37.028  -3.953  -22.096 0.4285714328
84010  -34.886  -13.660  -20.385 0.1428571492
85106  -35.740  -11.898  -21.094 0.2857142985
86198  -36.112  -11.270  -21.292 0.2857142985
88408  -37.801  -9.250  -19.865 0.2857142985
90664  -38.040  -7.735  -20.973 0.2857142985
90686  -37.753  -7.891  -21.451 0.2857142985
89553  -36.989  -8.581  -21.957 0.2857142985
90687  -38.035  -7.234  -21.400 0.2857142985
85094  -35.592  -12.622  -20.361 0.1428571492
86166  -37.327  -10.969  -18.796 0.2857142985
85095  -36.286  -12.068  -20.061 0.2857142985
87337  -36.856  -10.205  -20.635 0.2857142985
86183  -36.394  -11.167  -20.349 0.2857142985
86181  -34.886  -11.542  -21.237 0.2857142985
87338  -37.428  -9.949  -20.017 0.2857142985
82895  -33.792  -15.053  -20.010 0.1428571492
81827  -32.585  -15.578  -20.265 0.2857142985
82908  -34.402  -14.350  -20.231 0.1428571492
77577  -30.494  -19.471  -18.612 0.2857142985
77576  -29.647  -19.744  -18.631 0.2857142985
78677  -28.213  -18.598  -18.313 0.2857142985
81828  -33.083  -15.908  -20.201 0.2857142985
77578  -31.235  -19.211  -18.304 0.1428571492
77575  -28.545  -19.876  -18.159 0.2857142985
85105  -35.280  -12.101  -21.171 0.1428571492
86165  -36.825  -11.758  -19.120 0.2857142985
90665  -38.259  -7.335  -20.328 0.2857142985
89539  -37.448  -8.589  -21.420 0.2857142985
92878  -38.672  -5.983  -21.303 0.2857142985
91787  -36.676  -6.757  -22.231 0.4285714328
94000  -36.802  -5.276  -22.067 0.4285714328
95063  -37.397  -3.518  -22.188 0.2857142985
96118  -29.451  -2.629  -20.584 0.7142857313
95043  -37.016  -3.726  -21.069 0.4285714328
99212  -29.119  0.417  -20.566 0.5714285970
98165  -34.952  -0.701  -17.451 0.4285714328
98167  -36.957  -0.670  -17.871 0.2857142985
99172  -36.709  0.461  -17.485 0.2857142985
108310  -30.843  9.506  -17.463 0.7142857313
102300  -34.386  3.285  -16.468 0.7142857313
107328  -32.783  8.382  -17.006 0.8571428657
111276  -30.672  12.504  -16.685 0.4285714328
110254  -32.434  11.541  -16.493 0.7142857313
101291  -36.784  2.167  -16.708 0.2857142985
107329  -33.104  8.118  -16.784 0.8571428657
110255  -33.013  11.005  -16.425 0.8571428657
105191  -34.769  6.254  -15.799 0.5714285970
114610  -31.454  16.482  -16.872 0.2857142985
111261  -35.200  12.516  -15.424 0.4285714328
114615  -36.266  15.927  -16.091 0.1428571492
79730  -27.615  -17.528  -18.262 0.2857142985
79734  -32.741  -17.281  -18.958 0.1428571492
81817  -33.678  -15.666  -19.769 0.1428571492
80809  -32.520  -16.168  -20.128 0.2857142985
84001  -35.987  -13.207  -19.341 0.1428571492
85065  -36.722  -12.670  -18.258 0.1428571492
87335  -35.421  -10.498  -21.343 0.2857142985
86199  -36.451  -10.657  -21.123 0.2857142985
88429  -37.414  -9.364  -20.798 0.2857142985
90642  -38.650  -7.807  -19.510 0.2857142985
88444  -36.029  -9.439  -21.865 0.2857142985
91745  -38.556  -6.626  -20.557 0.2857142985
89567  -36.382  -8.134  -22.220 0.2857142985
90701  -37.387  -8.023  -21.976 0.2857142985
95037  -27.722  -3.935  -19.673 0.2857142985
94003  -38.875  -4.519  -21.767 0.2857142985
96123  -37.678  -2.970  -21.979 0.2857142985
96119  -30.289  -2.602  -20.568 0.5714285970
97159  -26.445  -1.457  -19.531 0.4285714328
97171  -28.076  -1.627  -20.243 0.5714285970
96105  -37.276  -3.281  -21.656 0.4285714328
100283  -25.891  1.560  -19.507 0.2857142985
98190  -26.834  0.113  -20.002 0.5714285970
98193  -29.551  -0.596  -20.435 0.7142857313
100284  -26.683  1.608  -19.805 0.2857142985
97150  -37.346  -1.774  -18.588 0.4285714328
98180  -37.305  -0.611  -19.019 0.1428571492
103271  -32.326  4.283  -18.024 0.8571428657
102301  -35.156  2.786  -16.426 0.5714285970
103242  -34.991  4.368  -15.911 0.7142857313
107312  -33.422  8.627  -16.096 0.8571428657
102281  -37.173  3.721  -16.520 0.2857142985
103245  -37.465  4.538  -16.643 0.1428571492
104204  -35.316  5.257  -15.628 0.4285714328
104206  -37.136  5.498  -16.179 0.1428571492
108290  -35.168  9.586  -15.386 0.5714285970
105193  -36.593  6.436  -15.735 0.1428571492
108291  -36.197  9.547  -15.416 0.1428571492
107303  -36.595  8.604  -15.601 0.1428571492
110241  -36.390  11.460  -15.472 0.1428571492
113820  -34.127  15.931  -16.051 0.2857142985
114598  -35.433  15.798  -15.742 0.2857142985
112122  -35.870  13.407  -15.482 0.2857142985
112124  -37.123  13.286  -16.082 0.1428571492
112967  -37.145  14.333  -16.346 0.1428571492
113822  -37.030  15.066  -16.298 0.1428571492
115396  -34.604  17.468  -16.441 0.2857142985
116240  -36.037  17.849  -16.736 0.2857142985
115398  -36.347  17.129  -16.702 0.1428571492
78669  -32.785  -18.277  -17.756 0.1428571492
82897  -34.832  -14.409  -19.645 0.1428571492
91764  -38.726  -6.219  -20.833 0.2857142985
100262  -37.155  1.359  -17.418 0.2857142985
114631  -37.077  16.265  -17.604 0.1428571492
116249  -36.352  18.273  -17.394 0.2857142985
78679  -30.194  -18.643  -18.848 0.2857142985
78680  -31.069  -18.407  -19.093 0.1428571492
78682  -32.449  -18.095  -18.528 0.1428571492
80787  -32.971  -16.704  -19.300 0.1428571492
84008  -33.125  -13.784  -20.320 0.1428571492
86180  -34.021  -11.666  -20.787 0.2857142985
91776  -36.255  -6.937  -21.396 0.4285714328
93988  -30.945  -4.392  -20.324 0.5714285970
92876  -30.817  -5.351  -20.571 0.4285714328
98196  -31.765  -0.973  -20.208 0.7142857313
102345  -30.013  2.542  -20.170 0.8571428657
99197  -31.155  0.395  -19.786 0.8571428657
100286  -30.695  1.540  -19.927 0.8571428657
102298  -32.726  3.476  -17.731 0.8571428657
103269  -30.929  4.514  -18.539 0.8571428657
112119  -33.268  13.670  -15.871 0.7142857313
115393  -31.115  17.509  -17.142 0.2857142985
98151  -35.090  -0.144  -17.283 0.4285714328
82907  -33.958  -14.649  -20.237 0.1428571492
88445  -36.578  -9.431  -21.673 0.2857142985
93974  -36.635  -4.461  -20.868 0.4285714328
100300  -30.234  1.484  -20.289 0.5714285970
106247  -32.813  7.037  -16.912 0.8571428657
107311  -32.509  9.096  -16.813 0.8571428657
115391  -29.408  16.778  -16.120 0.2857142985
97175  -31.609  -1.661  -20.243 0.8571428657
116244  -30.440  18.808  -17.099 0.2857142985
116245  -31.157  18.802  -17.361 0.2857142985
116238  -34.423  18.249  -16.615 0.2857142985
116247  -32.969  18.808  -17.060 0.2857142985
114612  -33.800  16.605  -16.351 0.2857142985
114597  -34.869  16.123  -15.822 0.2857142985
113837  -37.163  15.380  -16.908 0.1428571492
113821  -36.702  15.158  -15.982 0.1428571492
114630  -36.832  16.279  -16.878 0.1428571492
115397  -35.511  17.359  -16.483 0.1428571492
111262  -36.128  12.442  -15.386 0.1428571492
112948  -34.687  14.384  -15.616 0.4285714328
113800  -33.728  15.216  -15.982 0.5714285970
110242  -37.075  11.400  -15.891 0.1428571492
112951  -36.912  13.817  -15.944 0.2857142985
112121  -34.919  13.475  -15.538 0.4285714328
111260  -34.194  12.593  -15.602 0.5714285970
110237  -32.917  12.088  -16.173 0.7142857313
107301  -34.431  8.663  -15.518 0.4285714328
109276  -34.849  10.600  -15.422 0.5714285970
106250  -35.343  6.977  -15.524 0.5714285970
107313  -34.076  8.171  -15.669 0.7142857313
107300  -33.876  8.945  -15.615 0.7142857313
108301  -33.333  9.554  -15.965 0.7142857313
105189  -33.114  6.706  -16.747 0.8571428657
102344  -29.571  2.711  -20.193 0.5714285970
102330  -28.395  3.566  -19.927 0.4285714328
101317  -27.663  2.394  -20.115 0.4285714328
104224  -33.827  4.776  -16.489 0.8571428657
102279  -35.496  3.386  -16.115 0.5714285970
97173  -29.934  -1.621  -20.487 0.7142857313
99211  -28.144  0.475  -20.555 0.5714285970
98177  -26.855  -0.745  -19.815 0.4285714328
98175  -25.490  -0.460  -18.866 0.2857142985
99214  -30.766  -0.129  -20.164 0.7142857313
99213  -30.198  0.421  -20.357 0.8571428657
101289  -34.870  2.238  -16.670 0.5714285970
93985  -28.656  -4.639  -20.349 0.5714285970
98166  -36.058  -0.923  -17.423 0.4285714328
99187  -37.374  0.452  -18.247 0.2857142985
94011  -37.148  -5.439  -22.414 0.2857142985
93990  -36.742  -4.501  -21.710 0.4285714328
87352  -35.812  -10.910  -21.439 0.2857142985
87354  -36.569  -10.063  -21.265 0.2857142985
91789  -37.474  -6.864  -22.276 0.2857142985
90716  -37.321  -7.075  -22.376 0.2857142985
90702  -37.540  -7.303  -22.061 0.2857142985
95044  -37.018  -3.518  -21.845 0.4285714328
84000  -35.509  -13.609  -19.403 0.1428571492
86182  -36.087  -11.869  -20.750 0.2857142985
89518  -37.849  -8.375  -20.638 0.2857142985
85083  -36.273  -12.722  -19.418 0.1428571492
87313  -36.993  -10.627  -19.602 0.2857142985
87314  -37.764  -10.102  -19.054 0.2857142985
76412  -30.754  -20.032  -18.217 0.1428571492
77564  -31.637  -19.363  -17.766 0.1428571492
115377  -30.049  17.944  -14.882 0.1428571492
78668  -31.958  -18.740  -18.008 0.1428571492
79717  -32.900  -17.586  -18.317 0.1428571492
115376  -29.578  17.319  -15.140 0.1428571492
109298  -30.216  10.243  -17.390 0.5714285970
107324  -28.921  8.343  -17.866 0.4285714328
108308  -29.203  8.842  -17.718 0.4285714328
108309  -29.719  9.320  -17.630 0.5714285970
106266  -28.724  7.933  -18.097 0.4285714328
109299  -31.176  10.417  -17.237 0.4285714328
105257  -28.585  5.813  -18.962 0.4285714328
106291  -29.525  7.116  -18.572 0.4285714328
105236  -28.060  6.611  -18.767 0.4285714328
106290  -28.609  7.432  -18.469 0.5714285970
106267  -29.290  7.767  -18.165 0.5714285970
107325  -29.669  8.360  -17.850 0.5714285970
103284  -28.764  4.344  -19.681 0.5714285970
92863  -40.139  -4.893  -19.618 0.1428571492
93991  -39.639  -4.571  -20.997 0.1428571492
85078  -29.204  -12.486  -19.453 0.2857142985
92879  -39.068  -5.543  -21.142 0.1428571492
92828  -40.404  -5.423  -17.929 0.1428571492
92842  -40.375  -5.218  -19.056 0.1428571492
93941  -40.720  -4.239  -17.728 0.1428571492
90643  -39.086  -7.417  -19.041 0.1428571492
91710  -39.985  -6.188  -18.317 0.1428571492
91746  -38.934  -6.518  -20.002 0.1428571492
92827  -40.258  -5.697  -18.585 0.1428571492
92815  -40.917  -5.010  -16.049 0.1428571492
96021  -41.309  -2.355  -14.672 0.1428571492
94995  -41.140  -3.291  -16.025 0.1428571492
94968  -41.395  -3.056  -15.198 0.1428571492
83996  -28.879  -13.373  -19.184 0.2857142985
85064  -27.834  -12.820  -18.816 0.2857142985
88385  -38.401  -9.280  -18.336 0.1428571492
89478  -38.801  -8.700  -18.074 0.1428571492
89492  -38.656  -8.430  -18.848 0.1428571492
88409  -38.013  -9.151  -18.981 0.1428571492
90616  -40.231  -7.096  -16.635 0.1428571492
90615  -39.763  -7.629  -17.198 0.1428571492
91674  -40.659  -6.008  -15.959 0.1428571492
90628  -39.969  -7.139  -17.345 0.1428571492
92789  -40.982  -5.181  -15.453 0.1428571492
93875  -41.505  -4.043  -14.233 0.1428571492
94926  -41.625  -3.252  -13.711 0.1428571492
93897  -41.294  -4.026  -15.162 0.1428571492
83985  -27.485  -13.570  -18.580 0.2857142985
82880  -28.097  -14.488  -18.631 0.2857142985
87285  -37.801  -10.800  -18.350 0.1428571492
88373  -38.778  -9.464  -17.525 0.1428571492
89479  -39.302  -8.363  -17.510 0.1428571492
91658  -40.781  -6.407  -15.198 0.1428571492
92768  -41.334  -4.833  -14.655 0.1428571492
91675  -40.887  -5.878  -15.285 0.1428571492
96011  -41.871  -2.483  -13.098 0.1428571492
96010  -41.428  -2.396  -13.875 0.1428571492
87286  -38.350  -10.226  -18.170 0.1428571492
86149  -38.055  -11.044  -17.764 0.1428571492
88363  -39.528  -9.435  -16.224 0.1428571492
87245  -39.245  -10.630  -16.132 0.1428571492
89453  -40.399  -7.883  -15.188 0.1428571492
88374  -39.249  -9.083  -16.902 0.1428571492
90597  -40.425  -7.054  -15.556 0.1428571492
89468  -39.773  -8.325  -16.558 0.1428571492
90581  -40.782  -7.166  -14.656 0.1428571492
93864  -41.728  -3.954  -13.590 0.1428571492
91659  -41.253  -5.923  -14.619 0.1428571492
94927  -42.001  -3.342  -13.078 0.1428571492
86132  -38.112  -11.787  -17.283 0.1428571492
87200  -39.913  -10.918  -14.599 0.1428571492
87221  -39.685  -10.848  -15.207 0.1428571492
87244  -38.900  -11.126  -16.437 0.1428571492
88351  -39.780  -9.906  -15.437 0.1428571492
87262  -38.584  -10.729  -17.030 0.1428571492
89440  -41.122  -7.628  -13.899 0.1428571492
89439  -40.541  -8.543  -14.323 0.1428571492
91646  -41.618  -6.032  -13.596 0.1428571492
92756  -41.590  -4.888  -13.818 0.1428571492
86078  -40.170  -11.466  -13.800 0.1428571492
86092  -39.668  -11.588  -14.552 0.1428571492
86120  -39.070  -11.328  -16.185 0.1428571492
88321  -40.767  -9.971  -13.380 0.1428571492
87179  -40.485  -10.613  -13.540 0.1428571492
89417  -41.272  -8.476  -13.231 0.1428571492
89416  -40.813  -9.284  -13.548 0.1428571492
90563  -41.527  -7.168  -13.164 0.1428571492
88341  -40.408  -9.834  -14.068 0.1428571492
87263  -38.997  -9.849  -16.727 0.1428571492
89452  -40.072  -8.779  -15.506 0.1428571492
89469  -40.252  -7.855  -15.915 0.1428571492
89519  -38.235  -8.413  -19.686 0.1428571492
97068  -41.776  -1.409  -13.302 0.1428571492
92814  -40.670  -5.036  -16.660 0.1428571492
93975  -40.021  -4.470  -20.107 0.1428571492
92757  -42.033  -5.173  -13.088 0.1428571492
93865  -42.054  -4.195  -13.108 0.1428571492
95996  -42.428  -2.627  -12.553 0.1428571492
97067  -41.388  -1.628  -14.128 0.1428571492
94939  -41.474  -3.204  -14.488 0.1428571492
94994  -40.918  -2.949  -16.900 0.1428571492
96049  -41.189  -2.304  -15.507 0.1428571492
95045  -40.226  -3.973  -19.996 0.1428571492
95075  -38.236  -3.677  -22.235 0.1428571492
109297  -29.088  10.272  -17.393 0.4285714328
110252  -30.115  11.576  -16.959 0.4285714328
110263  -31.038  10.963  -17.268 0.4285714328
82890  -28.661  -13.910  -18.835 0.2857142985
116248  -35.800  18.693  -17.315 0.1428571492
92862  -39.739  -5.437  -19.838 0.1428571492
87315  -38.178  -9.733  -18.647 0.1428571492
86148  -37.463  -11.698  -18.039 0.1428571492
90666  -38.604  -7.213  -19.606 0.1428571492
96104  -37.555  -2.731  -20.949 0.1428571492
91727  -39.684  -6.495  -19.047 0.1428571492
93957  -40.661  -4.404  -18.768 0.1428571492
92841  -40.236  -5.919  -19.017 0.1428571492
93976  -40.358  -4.420  -19.530 0.1428571492
95026  -40.984  -3.426  -18.613 0.1428571492
93926  -40.883  -3.881  -16.827 0.1428571492
90627  -39.557  -7.200  -17.997 0.1428571492
91711  -40.071  -6.510  -17.504 0.1428571492
93927  -40.981  -4.421  -16.026 0.1428571492
91697  -40.367  -6.011  -16.914 0.1428571492
89493  -39.171  -8.075  -18.324 0.1428571492
86119  -38.691  -11.764  -16.404 0.1428571492
88340  -40.114  -10.304  -14.768 0.1428571492
87201  -40.146  -10.705  -14.164 0.1428571492
89438  -40.227  -9.486  -14.848 0.1428571492
90582  -41.231  -6.771  -13.963 0.1428571492
90564  -42.184  -7.250  -12.624 0.1428571492
77561  -26.228  -19.482  -17.267 0.1428571492
77574  -27.793  -19.333  -17.918 0.1428571492
78650  -25.572  -18.450  -16.797 0.1428571492
78666  -26.670  -18.608  -17.601 0.1428571492
78667  -27.424  -18.594  -17.857 0.1428571492
80784  -27.549  -16.423  -18.413 0.1428571492
80783  -26.817  -16.410  -18.102 0.1428571492
81801  -27.334  -15.496  -18.383 0.1428571492
81802  -28.156  -15.584  -18.577 0.1428571492
80772  -26.080  -16.529  -17.612 0.1428571492
81800  -26.551  -15.532  -17.913 0.1428571492
82879  -27.010  -14.552  -18.333 0.1428571492
83983  -26.028  -13.748  -17.521 0.1428571492
85063  -27.072  -12.566  -18.575 0.1428571492
85077  -28.397  -12.462  -19.279 0.1428571492
85076  -27.753  -12.164  -18.976 0.1428571492
86159  -28.853  -11.461  -19.856 0.1428571492
87307  -29.245  -10.425  -20.223 0.2857142985
90677  -28.067  -7.218  -20.088 0.4285714328
91759  -29.875  -6.768  -20.567 0.4285714328
91758  -29.231  -6.522  -20.458 0.4285714328
103283  -27.864  4.336  -19.615 0.2857142985
104246  -27.453  5.131  -19.313 0.2857142985
104248  -29.106  5.107  -19.352 0.2857142985
107342  -27.077  8.495  -18.126 0.2857142985
109305  -28.958  9.514  -17.559 0.2857142985
109304  -28.326  9.737  -17.544 0.4285714328
83995  -28.284  -13.407  -18.813 0.1428571492
86145  -26.556  -11.552  -18.211 0.1428571492
86146  -27.335  -11.489  -18.788 0.2857142985
86176  -29.453  -11.074  -20.233 0.1428571492
79715  -26.534  -17.503  -17.815 0.1428571492
81789  -25.937  -15.595  -17.415 0.1428571492
82868  -25.742  -14.664  -17.286 0.1428571492
83984  -26.655  -13.626  -18.162 0.1428571492
85062  -26.308  -12.650  -17.740 0.1428571492
87283  -26.865  -10.521  -18.527 0.2857142985
87284  -27.733  -10.549  -18.959 0.2857142985
87306  -28.356  -10.422  -19.683 0.2857142985
89512  -29.127  -9.119  -19.904 0.4285714328
89531  -28.723  -7.988  -20.173 0.4285714328
90658  -27.344  -7.337  -19.683 0.2857142985
102329  -27.488  3.356  -19.805 0.2857142985
103281  -26.336  3.829  -19.197 0.2857142985
103268  -26.482  4.847  -18.894 0.2857142985
104245  -26.857  5.302  -18.987 0.2857142985
106289  -27.469  7.538  -18.410 0.2857142985
106288  -26.182  7.834  -18.064 0.2857142985
107343  -28.119  8.320  -18.132 0.2857142985
88384  -27.942  -9.933  -19.188 0.2857142985
102328  -26.615  3.322  -19.516 0.2857142985
103267  -25.963  4.323  -18.699 0.2857142985
102316  -25.324  3.328  -18.604 0.2857142985
104235  -26.248  5.404  -18.518 0.2857142985
105234  -25.643  6.383  -17.994 0.2857142985
105255  -27.250  5.642  -18.991 0.2857142985
105235  -26.921  6.335  -18.619 0.2857142985
104234  -25.533  5.235  -18.018 0.2857142985
104233  -24.905  5.322  -17.651 0.2857142985
105233  -25.270  5.754  -17.750 0.2857142985
90679  -29.358  -7.437  -20.345 0.4285714328
82881  -28.602  -15.017  -18.689 0.1428571492
88403  -29.389  -9.535  -20.060 0.4285714328
79729  -27.104  -16.969  -18.193 0.1428571492
79716  -27.076  -18.031  -17.812 0.1428571492
86158  -28.048  -11.455  -19.347 0.1428571492
77562  -27.056  -19.578  -17.551 0.1428571492
79714  -25.584  -17.533  -17.418 0.1428571492
82878  -26.303  -14.620  -17.728 0.1428571492
89530  -28.318  -7.666  -20.168 0.4285714328
89511  -28.705  -8.795  -19.866 0.4285714328
92872  -27.572  -5.534  -19.740 0.2857142985
91757  -28.507  -6.418  -20.238 0.2857142985
117946  -34.433  20.861  -18.142 0.1428571492
117947  -35.501  20.461  -18.179 0.1428571492
117928  -34.363  20.260  -17.509 0.1428571492
117078  -34.403  19.574  -17.133 0.1428571492
117079  -35.424  19.317  -17.380 0.1428571492
118771  -34.410  21.714  -18.616 0.1428571492
117076  -32.134  19.638  -17.401 0.1428571492
118757  -30.843  21.075  -18.072 0.1428571492
93984  -27.931  -4.679  -20.009 0.2857142985
93967  -27.291  -4.667  -19.615 0.2857142985
117067  -34.976  18.758  -16.830 0.1428571492
117929  -34.997  19.978  -17.454 0.1428571492
117066  -34.408  18.923  -16.872 0.1428571492
117927  -33.213  20.549  -17.665 0.1428571492
118758  -31.812  20.959  -17.910 0.1428571492
117926  -31.948  20.342  -17.582 0.1428571492
117065  -33.702  19.063  -16.957 0.1428571492
117077  -33.293  19.572  -17.222 0.1428571492
117945  -33.809  21.136  -18.153 0.1428571492
103251  -23.900  4.473  -17.516 0.1428571492
103266  -24.868  4.343  -18.015 0.1428571492
105157  -24.573  6.397  -16.674 0.1428571492
105212  -25.118  6.770  -17.343 0.1428571492
102327  -25.961  3.307  -19.177 0.1428571492
106264  -25.128  7.516  -17.019 0.1428571492
106265  -25.515  8.192  -17.239 0.1428571492
107309  -26.186  8.764  -16.603 0.2857142985
97160  -27.213  -1.611  -19.810 0.2857142985
96097  -26.063  -2.032  -19.373 0.1428571492
100270  -24.599  1.370  -18.478 0.1428571492
100271  -25.260  1.469  -18.975 0.1428571492
102315  -24.580  3.236  -18.177 0.1428571492
101270  -36.951  3.013  -16.644 0.1428571492
103252  -24.478  4.945  -17.607 0.1428571492
108306  -26.772  9.246  -17.588 0.1428571492
107323  -26.166  8.800  -17.414 0.1428571492
109295  -27.532  10.287  -17.112 0.2857142985
110235  -27.826  11.919  -15.424 0.2857142985
109266  -27.434  11.625  -14.689 0.2857142985
111253  -28.597  12.947  -15.192 0.2857142985
114585  -29.201  16.537  -14.840 0.1428571492
112109  -29.701  13.927  -13.319 0.1428571492
109296  -28.197  10.309  -17.314 0.2857142985
108297  -26.664  9.559  -16.770 0.2857142985
109286  -28.160  10.663  -16.838 0.2857142985
110250  -28.260  11.234  -16.208 0.2857142985
110234  -27.649  11.165  -15.232 0.2857142985
111275  -29.323  12.420  -16.528 0.2857142985
109274  -27.461  11.260  -14.917 0.2857142985
111258  -28.540  12.810  -15.944 0.2857142985
112114  -28.707  13.651  -14.795 0.1428571492
110228  -27.129  11.495  -13.479 0.2857142985
114569  -30.288  16.483  -13.918 0.1428571492
109265  -26.930  11.067  -14.328 0.1428571492
109257  -26.441  10.151  -14.217 0.1428571492
110229  -27.521  12.190  -14.262 0.2857142985
112113  -28.424  13.256  -14.281 0.1428571492
111252  -28.237  12.949  -14.488 0.2857142985
112108  -29.206  13.654  -13.861 0.1428571492
111240  -28.525  12.479  -12.985 0.1428571492
106245  -25.483  7.201  -16.840 0.2857142985
110223  -27.436  11.329  -12.625 0.1428571492
111242  -30.247  12.774  -12.261 0.1428571492
105159  -26.197  6.104  -16.843 0.1428571492
101271  -37.334  3.221  -16.938 0.1428571492
99181  -25.039  0.467  -18.689 0.1428571492
101300  -24.198  2.268  -18.141 0.1428571492
101292  -37.490  2.598  -17.480 0.1428571492
102314  -23.912  3.231  -17.743 0.1428571492
104219  -23.655  5.343  -16.977 0.1428571492
104220  -24.286  5.587  -17.320 0.1428571492
105183  -24.542  6.408  -17.104 0.1428571492
106287  -25.462  7.368  -17.541 0.1428571492
107341  -26.586  8.701  -17.849 0.1428571492
106246  -25.805  8.021  -16.719 0.2857142985
108298  -27.105  10.062  -16.921 0.1428571492
109284  -26.791  9.736  -16.025 0.1428571492
109285  -27.426  10.243  -16.189 0.2857142985
109273  -27.146  10.689  -15.184 0.1428571492
110249  -27.830  10.948  -15.562 0.1428571492
110218  -27.817  11.163  -11.940 0.1428571492
110224  -27.892  11.993  -13.190 0.1428571492
111248  -28.752  13.014  -13.264 0.1428571492
111241  -29.247  12.846  -12.660 0.1428571492
112100  -29.541  13.598  -13.085 0.1428571492
110236  -28.268  12.542  -15.405 0.2857142985
114568  -29.683  16.298  -14.186 0.1428571492
110261  -29.809  10.891  -17.266 0.2857142985
99194  -25.653  0.571  -19.291 0.1428571492
101315  -26.251  2.471  -19.524 0.1428571492
110251  -29.025  11.169  -16.821 0.2857142985
108317  -27.557  9.238  -17.808 0.1428571492
109303  -27.719  9.905  -17.443 0.1428571492
103265  -24.324  3.828  -17.846 0.1428571492
105211  -24.954  6.062  -17.492 0.1428571492
101301  -24.911  2.359  -18.600 0.1428571492
101283  -23.345  2.108  -17.624 0.1428571492
109287  -28.597  10.628  -17.129 0.2857142985
108307  -27.146  9.798  -17.353 0.2857142985
110230  -28.137  12.477  -14.940 0.2857142985
112101  -30.147  13.830  -12.833 0.1428571492
111274  -28.704  11.776  -16.532 0.2857142985
111257  -28.389  12.119  -16.282 0.2857142985
109264  -26.401  10.349  -14.803 0.1428571492
112107  -28.609  13.391  -14.161 0.1428571492
114586  -29.819  16.981  -14.532 0.1428571492
111247  -28.235  12.989  -13.745 0.2857142985
108288  -26.504  9.394  -15.849 0.1428571492
109272  -26.399  10.100  -15.525 0.2857142985
87257  -25.504  -10.679  -17.266 0.1428571492
88382  -26.309  -9.578  -18.521 0.1428571492
87256  -25.036  -9.922  -17.114 0.1428571492
88369  -24.770  -9.105  -17.564 0.1428571492
89489  -24.972  -8.357  -18.252 0.1428571492
88381  -25.447  -9.359  -18.107 0.1428571492
89491  -26.530  -9.042  -18.969 0.1428571492
88383  -27.277  -9.505  -18.970 0.1428571492
90639  -24.601  -7.362  -18.096 0.1428571492
90656  -26.109  -7.846  -18.792 0.1428571492
89510  -27.897  -8.219  -19.904 0.1428571492
90657  -26.528  -7.336  -19.021 0.1428571492
90625  -24.240  -7.134  -17.605 0.1428571492
91725  -25.006  -6.484  -18.288 0.1428571492
91738  -27.184  -6.414  -19.359 0.1428571492
92855  -26.984  -5.502  -19.215 0.1428571492
95021  -26.436  -3.714  -19.003 0.1428571492
95036  -27.074  -3.726  -19.434 0.1428571492
88401  -28.082  -9.326  -19.545 0.1428571492
86130  -25.635  -11.588  -17.074 0.1428571492
87236  -25.336  -10.696  -16.913 0.1428571492
96099  -27.685  -2.836  -19.797 0.1428571492
91756  -27.847  -6.415  -19.852 0.1428571492
87282  -26.028  -10.426  -17.848 0.1428571492
88400  -27.506  -8.866  -19.471 0.1428571492
87281  -25.322  -9.894  -17.517 0.1428571492
88358  -24.538  -9.297  -16.885 0.1428571492
89490  -25.945  -8.539  -18.744 0.1428571492
90640  -25.608  -7.418  -18.568 0.1428571492
89509  -26.866  -8.382  -19.299 0.1428571492
90641  -26.164  -6.869  -18.728 0.1428571492
89475  -24.339  -7.337  -17.499 0.1428571492
86112  -25.685  -11.594  -16.796 0.1428571492
78691  -31.402  -17.782  -19.390 0.4285714328
78693  -32.233  -17.902  -19.036 0.1428571492
79743  -30.490  -16.945  -19.466 0.4285714328
79746  -32.220  -17.478  -19.324 0.4285714328
80800  -33.127  -16.327  -19.695 0.1428571492
80808  -32.226  -15.973  -20.283 0.2857142985
80810  -32.825  -16.299  -19.956 0.2857142985
81826  -32.011  -15.595  -20.214 0.4285714328
82906  -33.325  -14.913  -20.252 0.1428571492
83987  -36.121  -13.316  -18.719 0.1428571492
84007  -32.350  -13.561  -19.830 0.1428571492
85082  -35.874  -13.067  -19.679 0.1428571492
86103  -39.253  -11.690  -15.629 0.1428571492
86197  -35.544  -11.406  -21.329 0.2857142985
87308  -29.608  -9.937  -20.234 0.4285714328
87331  -29.634  -10.738  -20.383 0.2857142985
87334  -34.578  -10.627  -20.918 0.2857142985
87353  -36.078  -10.290  -21.483 0.2857142985
88402  -28.821  -9.610  -19.880 0.1428571492
88424  -30.377  -9.449  -19.895 0.4285714328
88427  -35.609  -9.471  -21.528 0.2857142985
88428  -36.966  -9.700  -21.251 0.2857142985
88446  -37.132  -9.177  -21.487 0.2857142985
89461  -24.453  -7.556  -17.031 0.1428571492
89508  -26.366  -8.036  -18.935 0.1428571492
89534  -31.191  -8.348  -20.042 0.7142857313
89551  -35.887  -8.572  -21.970 0.4285714328
89566  -36.074  -8.031  -22.193 0.2857142985
89568  -36.696  -8.265  -22.219 0.2857142985
90678  -28.686  -7.213  -20.277 0.4285714328
90685  -35.874  -7.389  -21.015 0.5714285970
90713  -35.902  -7.984  -22.006 0.4285714328
90714  -36.319  -7.614  -22.067 0.5714285970
91778  -37.794  -6.488  -22.070 0.2857142985
91788  -37.262  -6.577  -22.392 0.2857142985
92788  -40.809  -5.313  -16.022 0.1428571492
92854  -26.351  -5.479  -18.742 0.1428571492
92874  -29.000  -5.579  -20.480 0.5714285970
92891  -37.630  -5.719  -22.365 0.2857142985
92901  -36.929  -5.944  -22.306 0.2857142985
92902  -37.318  -5.836  -22.392 0.2857142985
93955  -35.535  -4.139  -18.726 0.5714285970
94012  -37.384  -5.435  -22.465 0.2857142985
95040  -33.796  -3.689  -18.654 0.7142857313
95060  -30.587  -3.535  -20.411 0.7142857313
97162  -32.341  -1.450  -19.674 0.8571428657
97176  -32.013  -1.203  -20.124 0.8571428657
98161  -24.667  -0.567  -18.576 0.1428571492
98179  -31.818  -0.488  -19.841 1.0000000000
98195  -31.279  -0.656  -20.194 0.7142857313
99186  -34.831  -0.101  -17.333 0.4285714328
99210  -27.350  0.629  -20.329 0.5714285970
100259  -34.471  1.465  -17.036 0.7142857313
100269  -23.945  1.225  -17.960 0.1428571492
100285  -27.265  1.850  -20.025 0.5714285970
100287  -31.142  1.553  -19.495 1.0000000000
100297  -27.777  1.468  -20.392 0.5714285970
100299  -29.566  1.347  -20.485 0.5714285970
101288  -33.878  2.406  -17.095 0.7142857313
101293  -37.643  2.971  -17.695 0.1428571492
101302  -25.549  2.434  -19.132 0.1428571492
101316  -26.989  2.508  -19.794 0.4285714328
101318  -30.718  2.350  -19.647 1.0000000000
101330  -29.880  2.122  -20.439 0.5714285970
102294  -23.115  3.409  -17.083 0.1428571492
102302  -37.541  3.593  -17.234 0.1428571492
102318  -32.121  3.385  -18.295 0.8571428657
102343  -28.829  2.855  -20.226 0.4285714328
103255  -34.304  4.296  -16.331 0.4285714328
103282  -26.851  4.335  -19.323 0.2857142985
104202  -33.618  5.803  -16.540 0.8571428657
104237  -31.357  5.260  -18.246 0.8571428657
104247  -28.256  5.140  -19.432 0.2857142985
105237  -28.999  6.557  -18.742 0.7142857313
105240  -31.152  6.044  -17.809 1.0000000000
105256  -27.753  5.789  -19.029 0.4285714328
106232  -34.418  8.020  -15.581 0.7142857313
106271  -32.949  7.916  -17.038 0.8571428657
108311  -31.431  9.618  -17.198 1.0000000000
108316  -26.949  8.975  -17.922 0.1428571492
108318  -28.592  9.045  -17.779 0.2857142985
108319  -29.114  9.177  -17.631 0.5714285970
109290  -33.288  10.375  -16.049 0.7142857313
112123  -36.619  13.286  -15.683 0.2857142985
112946  -32.964  14.164  -15.964 0.7142857313
112950  -36.544  14.295  -15.800 0.2857142985
112966  -36.933  14.752  -16.055 0.2857142985
113802  -35.374  15.085  -15.654 0.2857142985
113803  -36.101  15.084  -15.720 0.2857142985
114599  -35.823  15.507  -15.735 0.1428571492
