#!ascii label  , from subject S5_07 vox2ras=TkReg
1362
42444  19.991  -47.039  44.269 0.0000000000
48817  31.870  -42.555  54.919 0.0000000000
76175  40.644  -19.963  34.065 0.0000000000
65436  32.499  -29.180  41.643 0.0000000000
59026  37.035  -33.504  50.098 0.0000000000
91157  51.558  -7.237  30.879 0.0000000000
72693  41.242  -22.410  37.532 0.0000000000
71563  35.578  -23.575  37.298 0.0000000000
43796  15.380  -47.250  43.461 0.0000000000
46425  26.005  -45.002  50.190 0.0000000000
50078  29.725  -41.513  49.339 0.0000000000
46517  22.470  -45.057  42.752 0.0000000000
84331  46.176  -13.604  32.628 0.0000000000
38238  22.155  -49.195  48.622 0.0000000000
40974  18.740  -47.459  50.182 0.0000000000
79507  46.251  -17.146  35.437 0.0000000000
40975  13.649  -47.858  49.910 0.0000000000
36961  10.370  -51.594  46.229 0.0000000000
70359  35.723  -25.184  43.155 0.0000000000
65374  35.752  -30.623  45.429 0.0000000000
58028  35.196  -33.876  43.529 0.0000000000
53449  32.309  -38.333  47.173 0.0000000000
73743  40.542  -21.778  40.743 0.0000000000
72696  38.391  -22.123  37.614 0.0000000000
72655  38.023  -22.725  40.314 0.0000000000
72633  43.395  -21.825  40.657 0.0000000000
45201  18.760  -46.138  40.891 0.0000000000
43832  16.883  -47.184  41.479 0.0000000000
43778  18.139  -45.990  44.278 0.0000000000
43758  22.468  -46.911  45.800 0.0000000000
46470  23.279  -44.884  46.313 0.0000000000
43827  21.962  -46.200  42.365 0.0000000000
45221  21.203  -46.207  40.347 0.0000000000
78404  40.785  -18.433  33.462 0.0000000000
75003  43.653  -21.020  35.665 0.0000000000
77316  43.696  -19.011  35.265 0.0000000000
80653  43.631  -16.260  33.946 0.0000000000
39544  18.260  -48.691  52.779 0.0000000000
43664  16.182  -46.608  50.645 0.0000000000
40912  15.546  -48.161  53.538 0.0000000000
35636  9.299  -52.234  51.940 0.0000000000
36912  10.462  -51.031  50.035 0.0000000000
35699  9.015  -52.596  47.340 0.0000000000
34389  7.291  -53.757  46.229 0.0000000000
33065  6.793  -54.363  48.720 0.0000000000
65304  36.305  -30.502  49.477 0.0000000000
63969  37.675  -31.460  47.901 0.0000000000
64043  36.512  -31.389  43.864 0.0000000000
59080  37.010  -34.218  46.497 0.0000000000
51281  26.626  -40.187  45.880 0.0000000000
51243  31.543  -39.393  48.349 0.0000000000
53471  29.008  -38.855  45.662 0.0000000000
54611  30.512  -37.258  44.386 0.0000000000
69126  33.657  -26.670  42.832 0.0000000000
69162  33.224  -26.377  39.737 0.0000000000
66662  31.497  -28.719  39.238 0.0000000000
93430  54.588  -5.393  30.292 0.0000000000
92314  52.540  -6.381  28.215 0.0000000000
72752  40.706  -22.190  35.311 0.0000000000
72737  38.413  -23.251  34.578 0.0000000000
72707  44.329  -21.591  37.571 0.0000000000
46392  29.137  -44.728  51.633 0.0000000000
48866  31.273  -42.026  51.734 0.0000000000
47686  27.258  -43.241  49.281 0.0000000000
50095  25.101  -41.839  47.183 0.0000000000
50140  23.245  -41.927  43.369 0.0000000000
81872  49.252  -14.494  34.724 0.0000000000
85520  49.341  -12.218  33.426 0.0000000000
88950  48.648  -10.112  31.499 0.0000000000
90031  49.418  -8.304  30.095 0.0000000000
41078  20.994  -47.868  45.641 0.0000000000
42414  19.393  -46.847  47.069 0.0000000000
39612  20.635  -48.670  48.705 0.0000000000
41010  23.635  -47.677  49.365 0.0000000000
81875  46.555  -15.077  34.116 0.0000000000
45106  17.268  -46.375  47.247 0.0000000000
43720  14.370  -47.390  47.012 0.0000000000
41064  13.136  -49.183  45.822 0.0000000000
40915  12.285  -48.830  51.987 0.0000000000
38225  11.539  -50.635  47.688 0.0000000000
30508  4.208  -56.387  48.453 0.0000000000
70373  37.935  -24.304  43.205 0.0000000000
66579  34.061  -28.261  45.976 0.0000000000
65336  34.873  -29.237  47.769 0.0000000000
65411  34.046  -29.733  43.323 0.0000000000
62733  35.778  -31.540  42.101 0.0000000000
60275  36.125  -33.345  41.044 0.0000000000
56943  32.415  -34.658  40.753 0.0000000000
51214  33.053  -40.213  51.094 0.0000000000
53417  33.794  -38.440  50.501 0.0000000000
56833  34.020  -35.602  49.541 0.0000000000
56883  33.493  -35.903  46.201 0.0000000000
55762  31.427  -36.232  42.853 0.0000000000
70402  35.350  -24.100  39.979 0.0000000000
70445  34.156  -25.305  36.287 0.0000000000
72602  40.669  -22.536  42.592 0.0000000000
73744  39.646  -22.368  40.949 0.0000000000
72603  39.590  -22.960  42.678 0.0000000000
72601  41.774  -22.372  42.567 0.0000000000
43809  19.647  -46.342  42.661 0.0000000000
43810  18.652  -45.748  42.399 0.0000000000
42445  18.886  -46.516  44.088 0.0000000000
42443  20.931  -47.123  44.211 0.0000000000
43791  21.737  -46.542  43.944 0.0000000000
43807  21.037  -46.592  42.767 0.0000000000
43830  20.073  -46.383  41.889 0.0000000000
77319  40.918  -19.228  33.900 0.0000000000
75020  42.434  -20.825  34.819 0.0000000000
76187  43.358  -19.882  35.442 0.0000000000
77304  42.095  -19.364  34.630 0.0000000000
78403  41.700  -18.129  33.902 0.0000000000
35646  8.552  -52.477  51.492 0.0000000000
35657  9.255  -52.304  50.011 0.0000000000
34353  8.392  -53.045  49.091 0.0000000000
35700  8.301  -53.141  47.450 0.0000000000
34370  7.708  -53.729  47.725 0.0000000000
33103  6.593  -54.346  46.307 0.0000000000
63954  38.154  -31.582  49.185 0.0000000000
62633  38.192  -31.919  48.176 0.0000000000
62669  37.819  -32.116  46.754 0.0000000000
59063  37.111  -33.645  47.817 0.0000000000
50000  33.034  -41.411  54.846 0.0000000000
52378  24.809  -39.934  44.472 0.0000000000
52365  27.857  -39.493  45.723 0.0000000000
53487  25.828  -38.933  44.322 0.0000000000
53499  26.817  -38.110  43.953 0.0000000000
67803  32.850  -28.086  42.526 0.0000000000
67835  32.587  -27.732  41.014 0.0000000000
90022  52.038  -7.973  32.039 0.0000000000
91152  52.395  -7.287  32.095 0.0000000000
91156  52.537  -6.759  31.012 0.0000000000
92303  52.761  -6.113  30.409 0.0000000000
92308  51.794  -6.584  29.850 0.0000000000
71590  40.774  -22.652  36.220 0.0000000000
72753  39.765  -22.418  34.844 0.0000000000
71591  39.900  -22.872  35.980 0.0000000000
71562  36.806  -22.751  37.328 0.0000000000
71594  37.302  -23.422  35.309 0.0000000000
71595  36.261  -23.693  35.061 0.0000000000
72651  42.399  -21.815  39.359 0.0000000000
72691  42.730  -21.641  37.871 0.0000000000
72719  42.395  -22.148  36.497 0.0000000000
43812  16.305  -46.893  42.234 0.0000000000
42446  14.883  -47.786  43.473 0.0000000000
46406  27.791  -45.399  50.669 0.0000000000
47658  28.605  -44.017  50.908 0.0000000000
47671  26.996  -44.364  49.986 0.0000000000
46502  22.617  -44.876  44.346 0.0000000000
48917  24.045  -43.238  47.104 0.0000000000
48946  23.434  -42.957  45.212 0.0000000000
50126  23.967  -41.886  45.328 0.0000000000
48963  22.964  -43.119  43.878 0.0000000000
47775  22.650  -44.417  42.060 0.0000000000
62765  35.303  -31.813  40.186 0.0000000000
83136  47.757  -14.308  33.970 0.0000000000
83153  49.263  -13.879  34.375 0.0000000000
84330  47.223  -13.114  32.609 0.0000000000
86723  47.520  -11.122  30.658 0.0000000000
87861  47.585  -10.114  29.978 0.0000000000
88953  48.882  -8.828  30.792 0.0000000000
39646  21.560  -48.378  47.084 0.0000000000
39648  20.764  -48.246  47.701 0.0000000000
38255  21.136  -48.969  48.566 0.0000000000
41012  22.497  -48.579  48.262 0.0000000000
41058  21.980  -48.315  46.455 0.0000000000
80639  48.117  -16.108  35.428 0.0000000000
80641  46.603  -16.420  34.944 0.0000000000
81878  43.123  -15.633  33.192 0.0000000000
41014  19.238  -47.186  48.752 0.0000000000
42400  18.860  -46.841  47.738 0.0000000000
42385  18.335  -46.816  48.610 0.0000000000
42350  14.531  -47.256  50.690 0.0000000000
42375  15.316  -46.754  48.923 0.0000000000
42376  14.314  -47.522  48.415 0.0000000000
41040  13.599  -48.622  46.372 0.0000000000
41016  12.791  -49.120  47.523 0.0000000000
39512  11.124  -49.384  53.349 0.0000000000
36937  10.093  -51.673  48.081 0.0000000000
39594  11.080  -50.672  48.798 0.0000000000
38244  11.156  -51.040  47.335 0.0000000000
38256  11.703  -50.500  46.304 0.0000000000
67749  34.211  -27.270  46.061 0.0000000000
65334  36.583  -30.596  47.340 0.0000000000
65319  35.582  -30.044  48.653 0.0000000000
65335  35.771  -30.012  47.537 0.0000000000
65357  34.909  -29.686  46.667 0.0000000000
65393  35.032  -30.373  44.145 0.0000000000
65410  34.817  -30.215  42.861 0.0000000000
64024  35.753  -30.783  43.793 0.0000000000
61457  36.778  -32.428  43.391 0.0000000000
62746  36.280  -32.353  42.032 0.0000000000
60269  36.028  -33.226  41.722 0.0000000000
59142  34.555  -34.099  40.600 0.0000000000
58030  34.028  -34.348  42.674 0.0000000000
48881  30.947  -41.616  50.379 0.0000000000
50057  31.942  -41.229  51.364 0.0000000000
50075  31.576  -40.745  50.011 0.0000000000
52326  32.184  -39.043  48.063 0.0000000000
52320  32.495  -39.026  49.440 0.0000000000
53433  33.146  -38.481  48.982 0.0000000000
55679  33.829  -37.165  50.263 0.0000000000
55711  33.600  -36.791  47.968 0.0000000000
56858  33.797  -35.830  47.877 0.0000000000
55725  33.295  -36.801  47.054 0.0000000000
54638  28.801  -36.788  42.756 0.0000000000
54624  31.260  -36.606  43.719 0.0000000000
70358  36.519  -24.682  43.371 0.0000000000
70384  36.657  -24.156  42.435 0.0000000000
70386  35.305  -24.972  41.369 0.0000000000
69193  32.978  -26.346  37.497 0.0000000000
70432  33.594  -25.773  37.937 0.0000000000
93444  55.319  -5.373  28.120 0.0000000000
73770  40.801  -21.626  39.084 0.0000000000
72694  40.275  -22.226  37.447 0.0000000000
73772  39.274  -21.805  39.114 0.0000000000
73788  38.126  -22.245  39.192 0.0000000000
72677  36.858  -22.707  38.427 0.0000000000
72599  43.487  -22.075  42.696 0.0000000000
72634  42.517  -21.741  40.489 0.0000000000
45202  17.912  -46.396  40.792 0.0000000000
43794  16.975  -45.804  43.307 0.0000000000
45161  16.404  -46.176  43.743 0.0000000000
45104  23.774  -45.967  48.414 0.0000000000
46440  24.731  -44.845  48.999 0.0000000000
45140  22.735  -45.587  45.813 0.0000000000
45159  22.422  -45.752  44.379 0.0000000000
45196  22.334  -45.797  42.363 0.0000000000
45197  22.107  -45.975  41.599 0.0000000000
43846  21.184  -46.131  41.285 0.0000000000
45222  20.269  -46.255  40.340 0.0000000000
84344  45.259  -13.366  31.351 0.0000000000
38200  21.822  -49.561  50.197 0.0000000000
76155  45.356  -20.316  36.219 0.0000000000
77301  45.139  -18.862  35.705 0.0000000000
78386  44.800  -17.979  35.487 0.0000000000
79521  44.800  -16.833  34.582 0.0000000000
79532  43.020  -17.095  34.216 0.0000000000
79533  41.895  -17.042  33.602 0.0000000000
40952  18.918  -48.423  51.781 0.0000000000
42360  17.786  -47.016  50.543 0.0000000000
42332  17.572  -47.313  51.898 0.0000000000
40934  15.803  -47.537  52.572 0.0000000000
42335  14.156  -47.497  51.647 0.0000000000
38159  10.317  -50.629  52.374 0.0000000000
36899  9.601  -51.625  51.313 0.0000000000
35669  10.092  -52.027  48.921 0.0000000000
35698  9.639  -52.254  47.186 0.0000000000
35717  8.515  -52.890  46.282 0.0000000000
65317  37.200  -31.062  48.092 0.0000000000
65333  37.164  -31.117  47.219 0.0000000000
65373  36.392  -31.203  45.500 0.0000000000
64002  37.241  -31.663  46.250 0.0000000000
61435  37.462  -32.427  44.969 0.0000000000
59102  36.698  -34.447  44.799 0.0000000000
51256  28.105  -40.951  47.315 0.0000000000
51238  31.157  -40.519  49.261 0.0000000000
51263  29.320  -39.833  47.002 0.0000000000
52350  30.465  -39.020  46.969 0.0000000000
52349  31.149  -38.818  46.793 0.0000000000
54592  32.187  -37.780  46.372 0.0000000000
53483  29.748  -38.188  45.140 0.0000000000
54640  27.219  -37.481  42.756 0.0000000000
69125  34.056  -26.032  42.414 0.0000000000
69124  34.725  -25.542  41.883 0.0000000000
69150  33.414  -26.801  40.864 0.0000000000
69175  32.454  -26.886  39.247 0.0000000000
92301  54.306  -5.960  31.213 0.0000000000
92306  53.265  -5.641  29.639 0.0000000000
75022  40.333  -21.165  34.536 0.0000000000
75023  39.383  -21.207  33.862 0.0000000000
73850  40.093  -21.885  34.522 0.0000000000
71592  39.109  -22.810  35.702 0.0000000000
71610  37.999  -23.611  34.756 0.0000000000
72631  45.100  -21.652  41.141 0.0000000000
72668  44.831  -21.401  39.021 0.0000000000
73799  45.562  -21.702  37.709 0.0000000000
73819  44.128  -21.628  36.998 0.0000000000
72750  42.274  -21.971  35.782 0.0000000000
46371  30.874  -44.095  53.353 0.0000000000
48842  31.940  -42.417  53.156 0.0000000000
47649  29.907  -43.047  52.099 0.0000000000
47656  29.797  -42.692  51.241 0.0000000000
48897  28.515  -42.037  49.308 0.0000000000
48886  25.435  -43.584  48.698 0.0000000000
48914  26.495  -42.176  48.230 0.0000000000
50093  27.351  -41.409  47.670 0.0000000000
51267  25.709  -40.952  46.123 0.0000000000
51297  24.468  -40.688  44.365 0.0000000000
51313  23.705  -41.134  42.746 0.0000000000
85518  50.906  -11.958  34.205 0.0000000000
85533  47.440  -12.284  31.765 0.0000000000
86713  48.798  -11.331  32.000 0.0000000000
87841  49.996  -10.702  32.575 0.0000000000
87845  50.176  -9.633  32.292 0.0000000000
90024  50.510  -8.613  31.702 0.0000000000
91162  50.633  -7.296  30.213 0.0000000000
91166  50.724  -7.480  29.031 0.0000000000
41096  20.582  -47.458  45.123 0.0000000000
42429  19.480  -46.546  45.553 0.0000000000
41080  20.102  -47.289  46.286 0.0000000000
41038  19.845  -47.499  47.995 0.0000000000
39591  20.079  -48.315  49.389 0.0000000000
38202  21.183  -49.129  50.354 0.0000000000
39558  19.805  -48.742  51.530 0.0000000000
38156  19.473  -49.443  53.144 0.0000000000
47603  31.239  -44.130  54.957 0.0000000000
46372  30.343  -44.506  53.413 0.0000000000
45048  28.693  -45.671  51.673 0.0000000000
45063  26.543  -46.156  50.541 0.0000000000
43680  25.739  -46.798  50.613 0.0000000000
43699  24.451  -46.553  49.322 0.0000000000
42412  22.692  -47.200  46.987 0.0000000000
41076  21.915  -47.654  45.331 0.0000000000
81845  49.910  -15.534  35.856 0.0000000000
81874  47.547  -15.027  34.208 0.0000000000
83137  46.791  -14.342  33.724 0.0000000000
81861  44.803  -15.978  34.215 0.0000000000
83139  45.155  -14.566  33.398 0.0000000000
83168  45.014  -13.881  32.179 0.0000000000
42430  18.103  -46.272  45.170 0.0000000000
43759  17.344  -46.160  45.466 0.0000000000
43760  16.316  -46.271  45.677 0.0000000000
42374  16.551  -46.432  49.339 0.0000000000
45094  15.851  -46.471  47.688 0.0000000000
43782  14.703  -47.360  44.659 0.0000000000
42431  14.125  -48.108  44.938 0.0000000000
41082  13.206  -49.278  44.832 0.0000000000
40914  13.019  -48.122  52.434 0.0000000000
40935  12.805  -48.333  51.608 0.0000000000
39560  11.794  -49.664  50.316 0.0000000000
39592  12.381  -49.665  48.020 0.0000000000
39614  12.490  -49.610  47.105 0.0000000000
31821  5.435  -55.443  48.627 0.0000000000
71478  39.308  -23.686  43.497 0.0000000000
69091  34.954  -25.625  44.099 0.0000000000
69075  34.583  -26.566  45.188 0.0000000000
69093  33.591  -27.295  44.085 0.0000000000
66614  33.314  -28.378  43.552 0.0000000000
65358  34.392  -28.912  46.742 0.0000000000
65394  33.956  -29.363  44.506 0.0000000000
65423  33.126  -29.242  42.501 0.0000000000
65422  33.975  -30.065  42.333 0.0000000000
64074  34.925  -31.038  40.775 0.0000000000
62748  35.558  -31.587  41.233 0.0000000000
64057  36.567  -31.206  43.065 0.0000000000
62747  36.101  -32.007  41.597 0.0000000000
61489  35.821  -32.930  39.851 0.0000000000
60277  34.940  -33.607  39.817 0.0000000000
58064  32.909  -34.472  39.509 0.0000000000
57924  37.197  -34.914  50.748 0.0000000000
50029  32.788  -41.000  53.221 0.0000000000
51181  33.536  -40.133  53.321 0.0000000000
52275  33.989  -39.458  52.358 0.0000000000
51226  32.343  -40.135  50.049 0.0000000000
52291  33.767  -39.392  51.490 0.0000000000
54505  34.462  -38.108  51.794 0.0000000000
55639  34.328  -37.205  51.698 0.0000000000
57913  34.959  -35.031  51.471 0.0000000000
57939  36.096  -34.241  49.634 0.0000000000
57971  35.956  -34.528  47.760 0.0000000000
58002  35.805  -34.882  46.033 0.0000000000
58011  34.844  -34.791  44.789 0.0000000000
54599  32.477  -36.756  45.137 0.0000000000
55750  32.612  -35.947  44.557 0.0000000000
56907  33.328  -35.226  43.935 0.0000000000
56934  31.594  -35.476  42.067 0.0000000000
71509  37.945  -23.412  42.063 0.0000000000
71521  36.504  -23.832  40.751 0.0000000000
71540  35.433  -23.842  38.667 0.0000000000
70394  34.499  -25.116  40.013 0.0000000000
70413  34.712  -24.393  38.021 0.0000000000
70430  34.783  -24.507  36.775 0.0000000000
91165  51.352  -7.132  28.451 0.0000000000
72582  40.101  -23.111  43.350 0.0000000000
72581  40.989  -22.867  43.462 0.0000000000
43792  19.084  -46.174  43.330 0.0000000000
42460  20.625  -46.762  43.461 0.0000000000
42459  21.192  -46.716  43.653 0.0000000000
42461  20.166  -46.677  43.248 0.0000000000
43808  20.386  -46.596  42.618 0.0000000000
77306  40.888  -19.706  34.113 0.0000000000
77320  40.297  -19.404  33.655 0.0000000000
76191  40.135  -20.382  33.970 0.0000000000
76158  41.537  -20.753  34.948 0.0000000000
76173  41.982  -20.214  34.983 0.0000000000
77305  41.382  -19.545  34.356 0.0000000000
34314  7.993  -52.844  51.039 0.0000000000
35658  8.628  -52.604  50.527 0.0000000000
34339  8.295  -53.268  49.476 0.0000000000
34354  7.938  -53.407  48.774 0.0000000000
33085  7.385  -54.013  48.409 0.0000000000
60184  37.663  -32.725  49.982 0.0000000000
61388  38.228  -32.238  48.859 0.0000000000
60199  37.640  -32.713  48.766 0.0000000000
60211  37.604  -32.867  47.627 0.0000000000
59045  37.083  -33.829  49.082 0.0000000000
48798  32.811  -42.212  55.905 0.0000000000
48809  32.457  -41.938  55.300 0.0000000000
52392  24.573  -39.680  43.638 0.0000000000
53488  25.321  -39.342  44.321 0.0000000000
53501  24.978  -39.153  43.524 0.0000000000
53500  25.804  -38.194  43.406 0.0000000000
66629  32.649  -28.511  42.350 0.0000000000
66640  32.390  -28.494  41.688 0.0000000000
91153  51.822  -7.657  31.745 0.0000000000
92304  52.181  -6.507  30.347 0.0000000000
71557  41.419  -22.391  37.052 0.0000000000
71558  40.744  -22.355  36.957 0.0000000000
71579  36.475  -23.328  36.160 0.0000000000
71580  35.576  -24.074  35.974 0.0000000000
72671  42.233  -21.979  38.435 0.0000000000
72670  43.048  -21.557  38.600 0.0000000000
72692  42.072  -22.235  37.759 0.0000000000
71573  41.836  -22.379  36.900 0.0000000000
43795  16.086  -46.677  43.209 0.0000000000
43813  15.672  -47.461  42.761 0.0000000000
43797  14.963  -47.453  43.943 0.0000000000
45074  26.930  -45.289  50.492 0.0000000000
46423  27.463  -44.815  50.448 0.0000000000
46438  26.416  -44.579  49.901 0.0000000000
46516  22.508  -44.672  43.517 0.0000000000
47742  22.915  -43.989  44.742 0.0000000000
47761  22.651  -44.126  43.894 0.0000000000
47774  22.687  -43.995  42.929 0.0000000000
47792  22.803  -43.682  41.968 0.0000000000
62782  35.520  -32.617  39.562 0.0000000000
84313  46.989  -13.735  33.423 0.0000000000
83155  47.691  -13.677  33.561 0.0000000000
88957  48.023  -9.666  29.921 0.0000000000
39628  21.556  -48.681  48.006 0.0000000000
38240  21.507  -49.125  48.661 0.0000000000
39608  22.307  -48.881  48.401 0.0000000000
39626  22.118  -48.516  47.574 0.0000000000
78371  46.525  -17.936  35.900 0.0000000000
79506  47.201  -17.215  35.899 0.0000000000
80629  47.052  -16.631  35.522 0.0000000000
79519  46.011  -16.826  34.990 0.0000000000
40994  19.058  -47.291  49.353 0.0000000000
42363  14.492  -47.344  49.494 0.0000000000
40995  13.578  -48.076  48.856 0.0000000000
41015  13.520  -48.336  47.544 0.0000000000
40996  12.687  -48.761  48.360 0.0000000000
38124  11.166  -49.782  55.056 0.0000000000
36949  10.138  -51.819  47.309 0.0000000000
36948  10.594  -51.429  47.773 0.0000000000
38258  10.777  -51.375  45.528 0.0000000000
65356  35.766  -30.293  46.490 0.0000000000
65375  35.019  -29.868  45.484 0.0000000000
59125  36.368  -33.487  43.530 0.0000000000
60268  36.182  -33.061  42.268 0.0000000000
59127  35.322  -33.702  42.785 0.0000000000
59135  35.465  -33.854  41.973 0.0000000000
58029  34.652  -34.004  43.189 0.0000000000
50077  30.333  -41.395  49.522 0.0000000000
50069  31.427  -41.259  50.378 0.0000000000
50076  31.091  -41.072  49.722 0.0000000000
52334  32.196  -38.915  47.366 0.0000000000
53441  32.652  -38.402  48.141 0.0000000000
54566  33.612  -37.688  49.095 0.0000000000
54577  33.190  -37.689  48.031 0.0000000000
54584  32.850  -37.606  47.107 0.0000000000
70375  36.359  -24.759  42.654 0.0000000000
70376  35.585  -25.238  42.258 0.0000000000
73755  40.749  -21.704  39.684 0.0000000000
73771  40.242  -21.621  39.122 0.0000000000
73756  39.894  -21.883  40.006 0.0000000000
72636  38.819  -22.875  41.091 0.0000000000
73757  38.958  -22.399  40.420 0.0000000000
73774  37.922  -22.377  39.386 0.0000000000
72676  37.799  -22.307  38.748 0.0000000000
72656  37.531  -22.728  39.833 0.0000000000
72616  41.417  -21.868  41.509 0.0000000000
72615  42.576  -21.929  41.629 0.0000000000
72635  41.545  -21.653  40.158 0.0000000000
43793  18.205  -45.793  43.222 0.0000000000
43811  17.478  -46.049  41.933 0.0000000000
45160  16.765  -45.909  43.859 0.0000000000
43757  22.636  -46.474  46.284 0.0000000000
45122  23.311  -45.794  46.835 0.0000000000
43777  22.383  -46.491  45.207 0.0000000000
43806  21.655  -46.457  43.180 0.0000000000
43790  21.996  -46.350  44.050 0.0000000000
43805  22.066  -46.105  42.877 0.0000000000
45176  22.262  -45.759  43.321 0.0000000000
43826  22.166  -46.065  42.273 0.0000000000
43828  21.509  -46.311  42.014 0.0000000000
45200  19.664  -46.023  41.136 0.0000000000
45199  20.322  -46.057  41.276 0.0000000000
74986  45.090  -21.124  36.356 0.0000000000
75001  44.666  -20.858  36.078 0.0000000000
76186  44.022  -19.794  35.690 0.0000000000
77315  44.429  -18.958  35.599 0.0000000000
77302  45.009  -18.258  35.698 0.0000000000
78400  44.160  -18.107  35.229 0.0000000000
79530  44.654  -17.666  35.032 0.0000000000
78401  43.397  -18.095  34.778 0.0000000000
79534  41.382  -17.696  33.408 0.0000000000
40931  18.463  -48.834  52.221 0.0000000000
40932  18.299  -48.015  52.379 0.0000000000
39545  17.837  -48.170  53.008 0.0000000000
40933  16.960  -47.811  52.864 0.0000000000
42334  15.215  -47.101  51.812 0.0000000000
42319  14.733  -47.578  52.539 0.0000000000
36864  9.652  -51.151  53.801 0.0000000000
36881  9.734  -51.366  52.637 0.0000000000
35670  9.397  -52.311  49.140 0.0000000000
35683  9.564  -52.052  48.144 0.0000000000
35716  9.358  -52.423  46.437 0.0000000000
34388  7.846  -53.529  46.744 0.0000000000
34406  7.826  -53.428  45.647 0.0000000000
33086  6.933  -54.412  47.613 0.0000000000
31850  6.021  -54.829  46.377 0.0000000000
31837  6.155  -54.953  47.038 0.0000000000
63968  38.101  -31.648  48.441 0.0000000000
63955  37.782  -31.313  48.683 0.0000000000
65354  37.000  -31.268  46.448 0.0000000000
63985  37.598  -31.551  47.076 0.0000000000
60222  37.462  -32.954  46.682 0.0000000000
61424  37.435  -32.384  45.809 0.0000000000
60236  37.377  -33.068  45.736 0.0000000000
60243  37.014  -33.071  44.762 0.0000000000
59094  36.826  -34.299  45.696 0.0000000000
51265  27.663  -40.375  46.658 0.0000000000
51255  28.667  -40.583  47.381 0.0000000000
51264  28.775  -40.058  46.958 0.0000000000
53472  28.466  -39.038  45.628 0.0000000000
52364  29.074  -39.395  46.011 0.0000000000
52363  29.780  -39.072  46.306 0.0000000000
53470  29.760  -38.747  45.720 0.0000000000
53469  30.444  -38.564  45.762 0.0000000000
53484  28.940  -38.285  45.228 0.0000000000
54629  26.941  -37.716  43.439 0.0000000000
69139  33.426  -26.613  42.013 0.0000000000
67853  31.977  -27.708  39.933 0.0000000000
69163  32.628  -27.034  40.327 0.0000000000
67872  31.854  -27.651  38.653 0.0000000000
92307  52.477  -6.150  29.406 0.0000000000
92313  53.436  -5.780  28.343 0.0000000000
73849  40.925  -21.687  35.139 0.0000000000
72736  39.347  -22.785  35.348 0.0000000000
72754  38.735  -22.747  34.315 0.0000000000
72695  39.355  -22.059  37.418 0.0000000000
71576  39.530  -22.640  36.266 0.0000000000
71577  38.600  -22.645  36.161 0.0000000000
71621  37.613  -23.684  34.019 0.0000000000
72613  44.242  -21.598  41.939 0.0000000000
72612  45.068  -21.591  42.186 0.0000000000
72632  44.228  -21.685  40.866 0.0000000000
72669  43.975  -21.426  38.777 0.0000000000
72688  45.379  -21.552  38.412 0.0000000000
73800  44.930  -21.747  37.649 0.0000000000
73809  44.831  -21.706  37.254 0.0000000000
73810  44.195  -21.617  37.280 0.0000000000
72734  41.482  -22.404  35.944 0.0000000000
72733  42.741  -22.064  36.033 0.0000000000
72751  41.616  -22.049  35.682 0.0000000000
73848  41.856  -22.198  35.748 0.0000000000
46379  29.707  -44.459  52.480 0.0000000000
47641  30.638  -43.853  52.702 0.0000000000
46391  29.539  -44.080  52.045 0.0000000000
47669  28.434  -43.565  50.348 0.0000000000
47657  29.182  -43.339  51.044 0.0000000000
47668  28.936  -42.863  50.309 0.0000000000
48884  28.809  -42.562  49.813 0.0000000000
48885  28.342  -43.001  49.507 0.0000000000
46441  24.179  -44.655  48.284 0.0000000000
47688  25.487  -44.049  48.913 0.0000000000
47673  24.706  -43.660  48.360 0.0000000000
48932  24.163  -42.496  46.713 0.0000000000
48915  25.559  -42.342  47.860 0.0000000000
48913  27.227  -42.114  48.532 0.0000000000
50094  26.052  -41.624  47.460 0.0000000000
50109  26.420  -41.219  46.776 0.0000000000
50110  25.481  -41.340  46.687 0.0000000000
50127  23.476  -42.061  44.437 0.0000000000
51284  23.994  -41.509  44.720 0.0000000000
51298  23.791  -41.123  43.921 0.0000000000
50159  23.438  -41.588  43.014 0.0000000000
45220  21.807  -45.873  40.425 0.0000000000
81855  49.807  -14.709  35.309 0.0000000000
84328  48.893  -13.176  33.796 0.0000000000
84327  49.752  -13.129  33.993 0.0000000000
85508  50.807  -12.505  34.306 0.0000000000
85534  46.688  -12.401  31.416 0.0000000000
87848  48.421  -10.621  31.344 0.0000000000
87847  49.012  -10.468  31.823 0.0000000000
86712  49.540  -10.976  32.302 0.0000000000
87846  49.668  -10.060  32.252 0.0000000000
87840  50.532  -10.245  32.947 0.0000000000
88949  48.975  -9.636  31.612 0.0000000000
88952  49.551  -8.477  31.067 0.0000000000
90028  49.497  -8.368  30.751 0.0000000000
90027  50.142  -7.960  30.998 0.0000000000
41079  20.328  -47.464  45.666 0.0000000000
41061  20.603  -47.753  46.912 0.0000000000
39630  20.553  -48.372  48.186 0.0000000000
41037  20.411  -47.827  47.610 0.0000000000
39631  20.188  -48.216  48.568 0.0000000000
41013  19.666  -47.932  48.853 0.0000000000
39613  20.192  -48.423  48.872 0.0000000000
38201  21.481  -49.354  50.207 0.0000000000
38184  21.045  -49.419  51.110 0.0000000000
38204  20.469  -48.834  51.200 0.0000000000
38186  20.384  -49.247  51.679 0.0000000000
38173  20.012  -49.352  52.212 0.0000000000
46345  31.071  -44.818  54.713 0.0000000000
45061  27.957  -45.901  50.816 0.0000000000
42372  24.440  -47.196  49.727 0.0000000000
43698  25.350  -46.477  49.970 0.0000000000
42383  23.790  -47.031  49.223 0.0000000000
43717  23.027  -46.897  48.306 0.0000000000
42398  22.813  -47.316  47.943 0.0000000000
41059  21.550  -48.239  46.302 0.0000000000
41057  22.314  -47.789  46.262 0.0000000000
41077  21.501  -47.866  45.565 0.0000000000
41095  20.911  -47.504  44.919 0.0000000000
81858  47.138  -15.692  34.629 0.0000000000
81857  48.169  -15.532  35.045 0.0000000000
80643  45.096  -16.463  34.497 0.0000000000
80652  44.472  -16.314  34.328 0.0000000000
81896  43.290  -15.004  32.276 0.0000000000
81877  44.351  -15.306  33.580 0.0000000000
81895  43.952  -14.647  32.731 0.0000000000
83158  44.528  -14.265  32.735 0.0000000000
42415  18.512  -46.311  46.297 0.0000000000
43718  17.754  -46.287  47.762 0.0000000000
43738  17.449  -46.335  46.673 0.0000000000
45123  16.249  -46.335  46.371 0.0000000000
43662  17.297  -46.909  50.935 0.0000000000
42361  17.051  -46.335  50.187 0.0000000000
42386  14.868  -47.063  48.076 0.0000000000
43702  15.503  -46.644  48.130 0.0000000000
43719  14.956  -46.855  47.267 0.0000000000
43740  15.155  -46.889  46.292 0.0000000000
43762  14.595  -47.410  45.616 0.0000000000
42416  13.982  -48.023  45.923 0.0000000000
41063  13.747  -48.790  45.390 0.0000000000
39661  12.831  -49.846  44.201 0.0000000000
39511  11.877  -48.613  53.771 0.0000000000
40894  12.218  -48.450  52.866 0.0000000000
40936  12.334  -48.968  51.094 0.0000000000
38175  10.447  -50.584  51.289 0.0000000000
38188  10.575  -50.639  50.636 0.0000000000
39593  11.690  -50.315  48.395 0.0000000000
39573  11.348  -50.429  49.346 0.0000000000
39572  12.209  -49.544  49.142 0.0000000000
39615  11.958  -50.100  47.459 0.0000000000
31802  5.343  -55.404  49.545 0.0000000000
30518  4.461  -56.145  47.476 0.0000000000
70337  37.473  -25.005  44.370 0.0000000000
69074  35.492  -25.813  45.299 0.0000000000
67764  34.042  -27.502  45.200 0.0000000000
67765  33.656  -27.697  44.522 0.0000000000
67784  33.418  -27.731  43.816 0.0000000000
66598  33.495  -28.452  44.309 0.0000000000
65376  34.292  -29.170  45.768 0.0000000000
65412  33.409  -29.083  43.503 0.0000000000
64059  35.118  -30.854  42.072 0.0000000000
65391  36.171  -31.214  44.438 0.0000000000
65409  36.012  -30.992  44.077 0.0000000000
61473  36.199  -32.861  41.390 0.0000000000
62763  36.131  -32.558  41.280 0.0000000000
62764  35.792  -32.393  40.657 0.0000000000
60290  35.814  -33.145  40.115 0.0000000000
60291  35.580  -33.444  39.476 0.0000000000
60276  35.463  -33.557  40.373 0.0000000000
58047  33.807  -34.474  40.635 0.0000000000
59143  33.836  -34.293  40.144 0.0000000000
58048  33.067  -34.641  40.421 0.0000000000
58049  32.322  -34.656  40.289 0.0000000000
48856  31.496  -42.449  52.611 0.0000000000
48841  32.427  -41.716  53.165 0.0000000000
48855  31.905  -41.848  52.534 0.0000000000
50056  32.399  -40.673  51.603 0.0000000000
50042  32.366  -40.691  52.405 0.0000000000
51199  32.676  -40.190  51.957 0.0000000000
52263  33.709  -39.595  52.883 0.0000000000
51198  33.304  -39.787  52.145 0.0000000000
51244  31.013  -39.965  48.764 0.0000000000
51237  31.619  -40.257  49.371 0.0000000000
51236  31.882  -39.414  49.017 0.0000000000
52308  33.234  -38.966  50.497 0.0000000000
53398  34.056  -38.705  51.208 0.0000000000
53383  34.491  -38.982  52.087 0.0000000000
55619  34.598  -37.227  52.392 0.0000000000
54530  34.357  -38.031  50.917 0.0000000000
55680  33.897  -36.514  49.925 0.0000000000
56801  34.034  -35.854  51.290 0.0000000000
57927  34.281  -34.924  50.252 0.0000000000
59015  35.012  -34.545  50.401 0.0000000000
59030  34.902  -34.602  49.892 0.0000000000
57953  36.046  -34.331  48.686 0.0000000000
57955  34.642  -35.042  48.489 0.0000000000
58004  33.991  -35.417  46.292 0.0000000000
57990  34.305  -35.427  46.914 0.0000000000
58003  34.802  -34.878  45.899 0.0000000000
56882  33.996  -35.110  45.506 0.0000000000
53481  31.174  -37.710  44.972 0.0000000000
54600  32.152  -37.479  45.753 0.0000000000
53480  31.494  -37.285  44.888 0.0000000000
54623  31.632  -36.395  43.719 0.0000000000
54608  32.304  -36.311  44.643 0.0000000000
55751  32.320  -36.041  44.087 0.0000000000
56921  32.620  -35.780  42.974 0.0000000000
56920  33.176  -34.834  42.404 0.0000000000
70372  38.611  -24.240  43.526 0.0000000000
71496  38.522  -23.537  42.752 0.0000000000
71497  37.562  -23.828  42.639 0.0000000000
70392  35.848  -24.286  40.758 0.0000000000
71511  36.375  -24.081  41.277 0.0000000000
71530  36.254  -23.558  39.583 0.0000000000
71531  35.430  -23.995  39.418 0.0000000000
69149  34.096  -25.801  40.249 0.0000000000
69137  34.575  -25.377  40.984 0.0000000000
69161  33.746  -25.781  39.202 0.0000000000
70431  34.187  -25.219  37.422 0.0000000000
70414  34.140  -25.396  38.574 0.0000000000
93435  55.480  -5.178  29.301 0.0000000000
93443  56.396  -5.063  28.309 0.0000000000
90033  50.782  -7.576  27.884 0.0000000000
72617  40.151  -22.369  41.731 0.0000000000
72618  39.042  -22.803  41.783 0.0000000000
72619  38.425  -23.134  41.518 0.0000000000
45178  19.157  -45.809  41.725 0.0000000000
45179  18.341  -45.861  41.518 0.0000000000
42441  21.815  -46.991  44.536 0.0000000000
42440  22.102  -46.916  44.890 0.0000000000
42458  21.533  -46.678  43.946 0.0000000000
43829  20.757  -46.393  41.836 0.0000000000
75019  43.199  -20.803  35.460 0.0000000000
75018  43.751  -20.500  35.676 0.0000000000
76188  42.895  -19.972  35.300 0.0000000000
77318  42.469  -19.791  35.013 0.0000000000
77317  42.811  -19.166  34.771 0.0000000000
78402  42.453  -18.013  34.378 0.0000000000
78388  42.130  -18.753  34.473 0.0000000000
78389  41.504  -18.858  34.188 0.0000000000
39506  18.144  -49.076  54.259 0.0000000000
39527  17.313  -48.451  53.688 0.0000000000
39507  17.530  -49.142  54.295 0.0000000000
35671  8.768  -52.837  49.565 0.0000000000
35684  8.681  -52.812  48.465 0.0000000000
35685  8.141  -53.279  48.103 0.0000000000
34371  7.374  -54.078  46.951 0.0000000000
63984  37.957  -31.742  47.785 0.0000000000
62649  37.968  -31.950  47.184 0.0000000000
61399  38.086  -32.295  47.899 0.0000000000
59078  37.385  -33.298  47.261 0.0000000000
59079  37.383  -33.695  46.807 0.0000000000
52367  25.736  -39.900  45.388 0.0000000000
51280  27.245  -39.968  45.883 0.0000000000
52377  25.806  -39.442  44.878 0.0000000000
52376  26.695  -39.196  44.983 0.0000000000
53486  26.658  -38.574  44.513 0.0000000000
53485  27.848  -38.431  44.930 0.0000000000
67802  33.186  -27.543  42.774 0.0000000000
67818  32.989  -27.282  41.638 0.0000000000
67819  32.573  -27.876  42.069 0.0000000000
90023  51.346  -8.294  31.922 0.0000000000
90017  52.215  -8.327  32.836 0.0000000000
92299  53.843  -6.288  31.844 0.0000000000
91155  53.010  -6.411  30.924 0.0000000000
91160  51.891  -6.679  28.905 0.0000000000
71607  40.863  -22.687  35.978 0.0000000000
72735  40.404  -22.573  35.610 0.0000000000
72721  40.170  -22.799  35.905 0.0000000000
72722  39.695  -22.825  35.833 0.0000000000
71608  39.354  -22.807  35.658 0.0000000000
71561  37.963  -22.394  36.921 0.0000000000
71578  37.544  -22.803  36.141 0.0000000000
71611  37.092  -23.804  34.430 0.0000000000
72649  44.155  -21.731  39.803 0.0000000000
72690  43.583  -21.508  37.821 0.0000000000
72708  43.356  -21.678  37.127 0.0000000000
71572  42.454  -22.007  37.109 0.0000000000
72720  41.692  -22.380  36.288 0.0000000000
42463  14.935  -48.258  42.810 0.0000000000
42447  14.365  -48.184  43.772 0.0000000000
46405  28.327  -44.857  50.904 0.0000000000
46404  28.783  -44.278  51.148 0.0000000000
46422  27.924  -44.211  50.451 0.0000000000
47670  27.628  -43.713  49.795 0.0000000000
46487  23.081  -44.866  45.257 0.0000000000
47708  23.872  -43.630  47.219 0.0000000000
47723  23.367  -44.013  45.747 0.0000000000
48933  23.708  -43.180  46.273 0.0000000000
48945  23.849  -42.365  46.020 0.0000000000
50111  24.573  -41.695  46.309 0.0000000000
48982  23.078  -42.879  42.431 0.0000000000
47793  22.743  -44.026  41.097 0.0000000000
64093  34.591  -31.466  39.793 0.0000000000
83135  48.239  -14.413  34.195 0.0000000000
81893  48.947  -14.301  34.435 0.0000000000
83154  48.440  -14.042  34.152 0.0000000000
84329  48.082  -13.170  33.383 0.0000000000
85521  48.509  -12.470  33.123 0.0000000000
86724  47.124  -11.518  30.684 0.0000000000
87851  47.122  -10.886  30.296 0.0000000000
88954  48.322  -9.798  31.045 0.0000000000
88956  48.685  -8.825  29.468 0.0000000000
41060  21.019  -48.115  46.484 0.0000000000
39647  21.024  -48.314  47.433 0.0000000000
39629  21.084  -48.660  48.165 0.0000000000
39611  20.919  -48.745  48.493 0.0000000000
41011  23.050  -48.088  48.564 0.0000000000
41034  22.732  -47.796  47.234 0.0000000000
41035  22.340  -48.368  47.437 0.0000000000
39645  21.859  -48.394  46.793 0.0000000000
80628  47.789  -16.604  35.673 0.0000000000
80640  47.499  -16.142  35.223 0.0000000000
81859  46.175  -15.768  34.467 0.0000000000
42399  19.397  -47.035  47.654 0.0000000000
42349  15.925  -46.708  51.137 0.0000000000
42362  15.839  -46.697  50.157 0.0000000000
42387  14.320  -47.524  47.536 0.0000000000
42401  14.002  -47.902  46.806 0.0000000000
41041  13.054  -49.107  46.766 0.0000000000
39529  11.536  -49.239  52.562 0.0000000000
36936  10.403  -51.530  48.553 0.0000000000
38205  10.666  -50.879  49.426 0.0000000000
38206  10.624  -50.989  48.896 0.0000000000
38226  11.077  -51.025  48.224 0.0000000000
38243  11.578  -50.512  46.936 0.0000000000
38257  11.214  -51.030  46.250 0.0000000000
69050  34.800  -26.490  46.121 0.0000000000
69025  34.949  -26.461  46.865 0.0000000000
67732  34.462  -27.109  46.879 0.0000000000
66558  34.484  -28.036  46.751 0.0000000000
65318  36.470  -30.575  48.351 0.0000000000
64045  35.603  -30.578  43.149 0.0000000000
62730  37.061  -32.029  43.754 0.0000000000
62731  36.705  -31.853  43.097 0.0000000000
61458  36.497  -32.607  42.590 0.0000000000
61464  36.109  -32.775  41.925 0.0000000000
59141  35.540  -33.935  41.175 0.0000000000
59136  34.759  -34.219  41.688 0.0000000000
58039  33.105  -34.655  41.281 0.0000000000
48874  31.186  -41.890  50.896 0.0000000000
48865  31.636  -41.659  52.117 0.0000000000
50058  31.644  -41.497  50.913 0.0000000000
50068  31.935  -40.871  50.490 0.0000000000
50067  32.482  -40.736  50.845 0.0000000000
51242  31.825  -39.189  48.366 0.0000000000
52319  32.998  -38.760  49.712 0.0000000000
53432  33.465  -38.402  49.782 0.0000000000
54551  33.895  -37.866  50.062 0.0000000000
54565  33.728  -38.095  49.607 0.0000000000
54552  33.760  -37.187  49.657 0.0000000000
55693  33.603  -36.407  48.982 0.0000000000
56843  34.087  -35.483  48.652 0.0000000000
56872  33.656  -35.995  47.034 0.0000000000
54610  31.195  -37.083  44.371 0.0000000000
54637  29.316  -36.596  42.628 0.0000000000
55772  29.834  -36.404  42.318 0.0000000000
55771  30.604  -35.953  41.998 0.0000000000
55784  29.812  -35.801  41.337 0.0000000000
70357  37.362  -24.679  43.583 0.0000000000
70374  37.053  -24.279  42.989 0.0000000000
70385  36.151  -24.460  41.813 0.0000000000
70393  34.912  -24.740  40.462 0.0000000000
69174  33.178  -26.112  38.618 0.0000000000
69173  33.624  -25.729  38.719 0.0000000000
93446  54.055  -5.489  28.381 0.0000000000
93436  54.619  -5.314  29.155 0.0000000000
72652  41.451  -21.721  39.025 0.0000000000
72653  40.756  -21.824  38.643 0.0000000000
72674  39.606  -21.873  38.064 0.0000000000
72675  38.739  -21.955  38.162 0.0000000000
73787  38.507  -22.036  38.905 0.0000000000
72697  37.456  -22.435  37.810 0.0000000000
72698  36.997  -22.553  37.847 0.0000000000
71539  36.108  -23.189  38.271 0.0000000000
72614  43.404  -21.772  41.743 0.0000000000
72600  42.692  -22.279  42.580 0.0000000000
43831  17.412  -46.994  41.063 0.0000000000
45162  15.850  -46.544  43.776 0.0000000000
45091  24.533  -45.821  49.005 0.0000000000
45090  25.031  -45.232  49.438 0.0000000000
46454  23.990  -45.354  48.377 0.0000000000
46455  23.476  -44.864  47.555 0.0000000000
45141  22.564  -45.887  45.196 0.0000000000
46503  22.413  -45.254  43.654 0.0000000000
46533  22.463  -45.139  41.526 0.0000000000
45198  21.564  -46.041  41.143 0.0000000000
43847  20.775  -46.038  41.011 0.0000000000
84332  45.462  -13.735  32.256 0.0000000000
84343  46.428  -13.035  31.752 0.0000000000
38221  21.876  -49.452  49.397 0.0000000000
38199  22.277  -49.712  50.256 0.0000000000
74978  46.225  -20.856  36.847 0.0000000000
76146  46.109  -20.029  36.404 0.0000000000
75017  44.249  -20.425  35.876 0.0000000000
76172  44.790  -19.932  35.936 0.0000000000
77286  45.935  -18.789  35.838 0.0000000000
77287  45.341  -18.322  35.750 0.0000000000
78372  45.607  -17.800  35.625 0.0000000000
79520  45.335  -17.231  34.953 0.0000000000
79531  44.216  -17.232  34.591 0.0000000000
79549  41.734  -16.776  32.817 0.0000000000
40973  19.260  -48.150  50.760 0.0000000000
40953  18.378  -47.675  51.211 0.0000000000
42347  17.664  -47.199  51.169 0.0000000000
42348  16.967  -46.952  51.356 0.0000000000
42333  16.435  -47.204  51.950 0.0000000000
40954  13.630  -47.676  50.518 0.0000000000
38160  10.239  -50.841  53.007 0.0000000000
36898  9.976  -51.074  51.693 0.0000000000
36913  10.170  -51.207  50.383 0.0000000000
35656  9.769  -51.844  49.644 0.0000000000
35682  10.041  -51.834  48.476 0.0000000000
35715  9.875  -52.066  46.603 0.0000000000
35732  9.222  -52.571  45.353 0.0000000000
65303  37.238  -30.866  49.053 0.0000000000
65355  36.521  -30.807  46.405 0.0000000000
65392  35.852  -30.916  44.461 0.0000000000
65372  36.838  -31.423  46.028 0.0000000000
64022  36.630  -31.454  44.866 0.0000000000
62650  37.667  -31.797  46.688 0.0000000000
64021  37.232  -31.733  45.288 0.0000000000
62713  37.320  -31.955  44.478 0.0000000000
61445  37.079  -32.484  44.118 0.0000000000
60250  36.753  -33.257  43.979 0.0000000000
59103  36.314  -34.351  44.350 0.0000000000
50084  29.183  -41.104  48.739 0.0000000000
50083  30.073  -40.879  49.099 0.0000000000
51246  29.816  -40.514  48.659 0.0000000000
51245  30.326  -40.234  48.683 0.0000000000
51253  30.552  -39.830  47.991 0.0000000000
52352  28.921  -39.739  46.451 0.0000000000
52351  29.745  -39.438  46.970 0.0000000000
51252  31.150  -39.572  47.886 0.0000000000
52336  31.202  -39.272  47.316 0.0000000000
52335  31.867  -39.137  47.322 0.0000000000
53450  32.112  -38.743  47.117 0.0000000000
53459  32.196  -37.932  46.667 0.0000000000
53461  31.446  -38.532  46.681 0.0000000000
53468  31.157  -38.305  46.008 0.0000000000
54612  29.705  -37.432  44.496 0.0000000000
54614  28.387  -37.980  44.749 0.0000000000
54628  27.889  -37.567  43.992 0.0000000000
54627  28.850  -37.248  43.709 0.0000000000
54639  28.055  -37.238  42.802 0.0000000000
69108  34.813  -25.588  42.868 0.0000000000
69138  34.011  -25.996  41.413 0.0000000000
69151  32.928  -27.221  40.820 0.0000000000
69194  32.339  -26.842  38.090 0.0000000000
92302  53.583  -5.974  30.737 0.0000000000
93431  53.925  -5.343  29.788 0.0000000000
76190  40.639  -20.771  34.583 0.0000000000
73851  39.081  -22.054  34.102 0.0000000000
71559  39.915  -22.328  36.821 0.0000000000
71609  38.738  -23.083  35.238 0.0000000000
71593  38.252  -23.059  35.469 0.0000000000
72738  37.991  -23.508  34.187 0.0000000000
72648  45.039  -21.713  40.045 0.0000000000
73818  44.611  -21.415  36.603 0.0000000000
72731  43.856  -21.423  36.104 0.0000000000
72718  43.516  -21.694  36.512 0.0000000000
72732  43.547  -21.615  36.050 0.0000000000
73832  43.316  -21.436  35.765 0.0000000000
73847  43.024  -21.782  35.830 0.0000000000
75021  41.285  -21.240  34.479 0.0000000000
47613  31.450  -43.290  54.532 0.0000000000
48828  31.968  -42.552  54.059 0.0000000000
47629  31.261  -43.477  53.159 0.0000000000
47640  30.933  -42.950  52.386 0.0000000000
47648  30.741  -42.600  51.961 0.0000000000
47650  29.413  -43.827  51.766 0.0000000000
48867  30.737  -42.338  51.511 0.0000000000
48876  29.807  -42.326  50.715 0.0000000000
48883  29.470  -42.069  50.094 0.0000000000
48896  29.154  -41.827  49.480 0.0000000000
46439  25.623  -44.692  49.636 0.0000000000
47687  26.556  -43.814  49.411 0.0000000000
48888  24.773  -43.315  48.214 0.0000000000
48900  25.808  -43.051  48.705 0.0000000000
48899  26.864  -42.776  48.947 0.0000000000
48898  27.728  -42.546  49.074 0.0000000000
50085  28.155  -41.655  48.568 0.0000000000
50092  28.466  -41.106  47.910 0.0000000000
50108  27.090  -41.045  46.721 0.0000000000
51266  26.547  -40.673  46.331 0.0000000000
51268  25.154  -41.231  46.056 0.0000000000
51283  24.847  -41.062  45.144 0.0000000000
51282  25.767  -40.489  45.717 0.0000000000
52393  24.217  -40.204  43.275 0.0000000000
46534  22.211  -45.438  40.670 0.0000000000
65435  33.226  -29.758  41.642 0.0000000000
86697  51.331  -11.439  34.288 0.0000000000
84342  46.990  -12.750  31.806 0.0000000000
85522  47.917  -12.628  32.611 0.0000000000
85532  48.303  -12.093  32.170 0.0000000000
86714  47.846  -11.403  31.301 0.0000000000
85531  48.853  -11.939  32.695 0.0000000000
86705  49.313  -11.572  32.700 0.0000000000
86703  50.743  -11.265  33.815 0.0000000000
87827  51.753  -11.032  34.370 0.0000000000
88947  50.658  -9.188  32.279 0.0000000000
88948  49.835  -9.037  31.619 0.0000000000
90026  50.908  -7.667  31.188 0.0000000000
91161  51.248  -6.934  29.560 0.0000000000
42428  19.903  -47.100  45.152 0.0000000000
41062  20.026  -47.234  46.956 0.0000000000
41039  19.513  -47.380  48.482 0.0000000000
40993  19.519  -47.941  49.750 0.0000000000
38222  21.486  -49.292  49.425 0.0000000000
38241  21.015  -48.959  48.895 0.0000000000
38242  20.905  -48.869  49.136 0.0000000000
36924  21.323  -49.523  50.825 0.0000000000
39570  20.506  -48.611  49.822 0.0000000000
39571  20.114  -48.426  50.415 0.0000000000
39543  18.976  -49.140  52.432 0.0000000000
39525  18.980  -49.250  52.997 0.0000000000
39526  18.506  -48.955  53.604 0.0000000000
48810  32.017  -42.620  55.680 0.0000000000
47602  31.517  -43.345  55.304 0.0000000000
47614  31.076  -43.875  54.185 0.0000000000
45030  29.433  -45.104  52.414 0.0000000000
46380  29.383  -45.007  52.123 0.0000000000
46393  28.672  -45.338  51.345 0.0000000000
45062  27.170  -45.847  50.602 0.0000000000
45075  26.271  -45.674  50.363 0.0000000000
43679  26.510  -46.655  50.816 0.0000000000
43697  26.071  -46.335  50.530 0.0000000000
45077  24.996  -46.158  49.426 0.0000000000
43716  23.580  -46.527  48.653 0.0000000000
43737  23.072  -46.544  47.652 0.0000000000
42413  22.503  -47.254  46.231 0.0000000000
42427  22.086  -47.334  45.141 0.0000000000
41094  21.413  -47.446  44.821 0.0000000000
76192  39.251  -20.480  33.357 0.0000000000
81856  49.081  -15.099  35.190 0.0000000000
81846  48.966  -15.866  35.468 0.0000000000
81873  48.457  -14.738  34.431 0.0000000000
84314  46.506  -13.859  33.348 0.0000000000
80642  45.775  -16.449  34.678 0.0000000000
81876  45.583  -15.145  33.965 0.0000000000
83138  45.948  -14.477  33.607 0.0000000000
83157  45.440  -13.953  32.949 0.0000000000
43779  17.147  -45.942  44.355 0.0000000000
43780  16.519  -46.231  44.686 0.0000000000
43781  15.558  -46.679  44.450 0.0000000000
42373  17.861  -46.802  49.530 0.0000000000
43700  17.139  -46.316  48.460 0.0000000000
45080  15.977  -46.452  48.138 0.0000000000
45093  16.495  -46.372  47.557 0.0000000000
45124  15.741  -46.474  46.115 0.0000000000
43761  15.293  -46.782  45.450 0.0000000000
41081  13.724  -48.814  44.344 0.0000000000
40913  14.053  -47.877  53.120 0.0000000000
42320  13.752  -47.850  52.206 0.0000000000
42336  13.342  -47.888  51.550 0.0000000000
40955  12.947  -48.291  50.631 0.0000000000
39530  10.874  -49.889  52.725 0.0000000000
38158  10.964  -49.993  51.874 0.0000000000
39546  11.679  -49.495  51.458 0.0000000000
38187  10.840  -50.701  50.096 0.0000000000
40956  12.379  -48.992  50.522 0.0000000000
39559  12.420  -49.015  50.019 0.0000000000
40976  12.819  -48.534  49.470 0.0000000000
39632  12.583  -49.614  46.241 0.0000000000
39633  12.086  -50.089  46.499 0.0000000000
39650  12.297  -50.000  45.897 0.0000000000
39649  12.502  -49.775  45.293 0.0000000000
31820  6.130  -54.908  48.117 0.0000000000
31838  5.410  -55.487  47.509 0.0000000000
30507  4.810  -55.780  48.195 0.0000000000
70338  36.599  -24.777  44.118 0.0000000000
70339  35.856  -24.860  43.855 0.0000000000
70317  35.856  -25.153  44.476 0.0000000000
69109  34.150  -26.262  43.362 0.0000000000
69092  34.010  -26.800  44.328 0.0000000000
69110  33.604  -27.025  43.553 0.0000000000
66628  33.098  -28.482  42.877 0.0000000000
66597  33.898  -28.448  45.062 0.0000000000
65395  33.384  -28.900  44.033 0.0000000000
65434  33.879  -30.261  41.533 0.0000000000
65421  34.568  -30.414  42.313 0.0000000000
64060  34.358  -30.494  41.947 0.0000000000
64075  34.426  -30.531  41.260 0.0000000000
64044  36.158  -30.939  43.514 0.0000000000
64058  35.977  -31.134  42.788 0.0000000000
62732  36.285  -31.693  42.506 0.0000000000
60300  36.091  -33.226  39.133 0.0000000000
60292  34.979  -33.715  38.952 0.0000000000
59168  34.288  -34.060  38.485 0.0000000000
59157  33.531  -34.250  39.325 0.0000000000
57937  37.002  -34.217  50.730 0.0000000000
48816  32.531  -41.959  54.446 0.0000000000
50014  33.165  -41.442  54.015 0.0000000000
50028  33.485  -40.824  53.801 0.0000000000
50043  31.954  -41.161  52.150 0.0000000000
53370  34.189  -38.885  53.367 0.0000000000
51227  31.879  -40.494  49.987 0.0000000000
52309  32.879  -39.622  50.416 0.0000000000
51213  33.365  -39.733  51.405 0.0000000000
54486  34.347  -38.348  53.253 0.0000000000
55640  33.973  -36.681  51.413 0.0000000000
56800  34.452  -36.071  51.895 0.0000000000
57890  35.426  -35.475  52.209 0.0000000000
57912  36.322  -34.616  51.561 0.0000000000
57925  36.397  -34.138  50.635 0.0000000000
57951  36.747  -33.994  49.630 0.0000000000
57952  36.585  -34.175  49.088 0.0000000000
57970  36.537  -34.038  47.985 0.0000000000
57987  36.562  -34.539  47.095 0.0000000000
57973  34.454  -35.173  47.726 0.0000000000
57988  35.957  -35.031  46.955 0.0000000000
58001  36.469  -34.673  46.268 0.0000000000
58009  36.406  -34.787  45.481 0.0000000000
58010  35.888  -34.848  44.971 0.0000000000
58017  35.603  -34.281  44.101 0.0000000000
54591  32.548  -37.404  46.200 0.0000000000
55734  33.075  -36.640  46.151 0.0000000000
54609  31.831  -36.710  44.603 0.0000000000
55743  32.881  -36.255  45.227 0.0000000000
56895  33.427  -35.656  45.257 0.0000000000
56894  33.980  -34.870  44.598 0.0000000000
56906  34.002  -34.715  44.024 0.0000000000
58019  34.112  -34.487  43.578 0.0000000000
56933  32.585  -34.911  41.554 0.0000000000
56945  30.647  -35.343  40.977 0.0000000000
56944  31.670  -34.796  40.604 0.0000000000
71508  38.459  -23.207  42.071 0.0000000000
72620  37.894  -23.331  41.349 0.0000000000
71498  37.034  -23.925  42.556 0.0000000000
71510  37.046  -23.733  41.671 0.0000000000
71520  37.003  -23.416  40.387 0.0000000000
71529  36.960  -23.187  39.775 0.0000000000
70403  34.805  -24.571  39.346 0.0000000000
91164  51.971  -6.866  27.899 0.0000000000
91171  51.591  -7.486  27.546 0.0000000000
34325  8.351  -53.257  50.180 0.0000000000
36880  9.950  -51.037  52.240 0.0000000000
36882  8.899  -51.938  52.785 0.0000000000
36911  20.862  -49.753  51.627 0.0000000000
36925  10.449  -51.090  49.791 0.0000000000
36926  10.325  -51.448  49.366 0.0000000000
36960  10.688  -51.381  47.001 0.0000000000
38141  10.044  -50.845  53.481 0.0000000000
38157  19.096  -49.079  53.989 0.0000000000
38223  21.194  -49.101  49.556 0.0000000000
38224  20.893  -48.872  49.734 0.0000000000
38239  21.958  -49.319  48.730 0.0000000000
38254  21.284  -48.865  48.403 0.0000000000
39495  11.200  -49.244  54.185 0.0000000000
39574  10.874  -50.722  49.123 0.0000000000
39590  20.549  -48.628  49.211 0.0000000000
39607  22.740  -48.774  48.617 0.0000000000
39609  22.021  -48.787  48.176 0.0000000000
39610  21.826  -49.018  48.420 0.0000000000
39627  21.872  -48.523  47.442 0.0000000000
41036  22.106  -48.439  47.148 0.0000000000
41056  22.579  -47.573  46.641 0.0000000000
41075  22.156  -47.555  45.546 0.0000000000
41093  21.664  -47.311  44.727 0.0000000000
42321  13.221  -48.059  51.953 0.0000000000
42351  13.630  -47.599  51.018 0.0000000000
42384  23.241  -47.279  48.698 0.0000000000
42426  22.300  -47.242  45.553 0.0000000000
42442  21.426  -47.038  44.312 0.0000000000
43663  16.672  -46.694  50.906 0.0000000000
43681  17.113  -46.661  50.653 0.0000000000
43682  16.496  -46.536  50.511 0.0000000000
43683  16.131  -46.566  50.405 0.0000000000
43701  16.142  -46.445  48.544 0.0000000000
43736  23.393  -46.202  48.185 0.0000000000
43739  16.677  -46.267  46.388 0.0000000000
43741  14.509  -47.414  46.478 0.0000000000
43776  22.486  -46.082  45.649 0.0000000000
45031  29.110  -45.538  52.206 0.0000000000
45049  28.374  -45.809  51.234 0.0000000000
45076  25.439  -45.605  49.692 0.0000000000
45078  16.815  -46.127  47.986 0.0000000000
45079  16.413  -46.312  48.086 0.0000000000
45092  17.072  -46.178  47.689 0.0000000000
45105  23.429  -45.794  47.863 0.0000000000
45107  16.733  -46.402  46.939 0.0000000000
45108  15.843  -46.443  46.876 0.0000000000
45142  16.827  -45.904  44.103 0.0000000000
45143  16.603  -46.001  44.138 0.0000000000
45144  16.118  -46.234  44.141 0.0000000000
45158  22.725  -45.425  44.973 0.0000000000
45177  19.689  -46.087  41.860 0.0000000000
46357  30.797  -44.256  53.903 0.0000000000
46424  26.691  -44.907  50.315 0.0000000000
47628  31.500  -43.152  53.782 0.0000000000
47630  30.904  -44.064  53.071 0.0000000000
47672  25.119  -43.784  48.633 0.0000000000
47674  24.510  -43.525  48.071 0.0000000000
47689  24.684  -44.149  48.575 0.0000000000
47690  24.127  -43.889  47.774 0.0000000000
47691  24.020  -43.670  47.408 0.0000000000
47707  23.614  -43.953  46.867 0.0000000000
48827  32.596  -41.926  53.623 0.0000000000
48843  31.591  -42.814  52.987 0.0000000000
48875  30.440  -42.215  50.963 0.0000000000
48882  30.366  -41.737  50.189 0.0000000000
48887  25.169  -43.376  48.487 0.0000000000
48901  25.044  -42.911  48.150 0.0000000000
48902  24.478  -43.272  47.732 0.0000000000
48903  24.160  -43.480  47.430 0.0000000000
48916  24.701  -42.588  47.395 0.0000000000
48918  24.021  -43.453  47.226 0.0000000000
50030  32.249  -41.467  52.744 0.0000000000
50082  30.760  -40.737  49.150 0.0000000000
50086  27.617  -41.884  48.508 0.0000000000
50091  29.035  -40.748  47.936 0.0000000000
50096  24.563  -42.082  46.958 0.0000000000
50141  23.439  -41.620  43.278 0.0000000000
51182  32.861  -40.269  52.625 0.0000000000
51251  31.505  -39.336  47.687 0.0000000000
51254  29.608  -40.165  47.782 0.0000000000
51299  23.509  -41.508  43.485 0.0000000000
51314  23.582  -41.400  43.274 0.0000000000
52274  33.947  -39.319  52.970 0.0000000000
52292  33.315  -39.627  50.947 0.0000000000
52327  31.889  -39.218  47.976 0.0000000000
52337  30.601  -39.432  47.443 0.0000000000
52338  30.156  -39.624  47.554 0.0000000000
52348  31.652  -38.782  46.854 0.0000000000
52353  28.316  -39.877  46.467 0.0000000000
52361  30.769  -38.596  46.343 0.0000000000
52362  30.387  -38.773  46.401 0.0000000000
52366  26.658  -39.671  45.478 0.0000000000
52368  25.233  -40.310  45.229 0.0000000000
52375  27.293  -38.963  45.011 0.0000000000
52379  24.322  -40.488  44.011 0.0000000000
53371  34.296  -38.743  52.790 0.0000000000
53382  34.166  -39.132  52.686 0.0000000000
53460  31.848  -38.243  46.634 0.0000000000
53467  31.653  -37.651  45.500 0.0000000000
53482  30.523  -38.051  45.036 0.0000000000
53498  27.360  -37.925  44.105 0.0000000000
53502  24.510  -39.596  43.228 0.0000000000
53509  25.646  -38.127  42.465 0.0000000000
54487  34.414  -38.072  52.688 0.0000000000
54613  28.906  -37.714  44.635 0.0000000000
54625  30.628  -36.781  43.685 0.0000000000
54626  29.732  -36.805  43.440 0.0000000000
54630  26.365  -37.822  43.329 0.0000000000
55662  33.911  -37.340  50.907 0.0000000000
55663  33.748  -36.596  50.751 0.0000000000
55761  31.980  -36.173  43.537 0.0000000000
55763  30.696  -36.439  42.960 0.0000000000
55764  30.227  -36.516  43.153 0.0000000000
55770  31.160  -35.862  42.218 0.0000000000
55774  27.979  -36.527  41.978 0.0000000000
56821  33.994  -35.801  50.458 0.0000000000
56834  34.302  -35.341  49.057 0.0000000000
56844  34.288  -35.418  48.837 0.0000000000
56908  32.725  -35.736  43.917 0.0000000000
56922  31.981  -36.015  42.842 0.0000000000
56932  33.139  -34.718  41.675 0.0000000000
56935  30.996  -35.677  41.847 0.0000000000
57914  34.194  -35.154  50.975 0.0000000000
57926  34.642  -34.753  50.883 0.0000000000
57938  36.703  -34.037  50.166 0.0000000000
57940  35.540  -34.478  49.276 0.0000000000
57941  34.703  -34.874  49.358 0.0000000000
57942  34.490  -35.264  48.876 0.0000000000
57954  35.340  -34.588  48.522 0.0000000000
57956  34.405  -35.324  48.653 0.0000000000
57969  36.902  -34.002  48.690 0.0000000000
57972  35.203  -34.727  47.676 0.0000000000
57989  35.070  -34.934  46.843 0.0000000000
58018  34.649  -34.448  43.959 0.0000000000
58038  33.709  -34.529  41.415 0.0000000000
59004  35.565  -34.296  50.981 0.0000000000
59005  35.048  -34.592  50.996 0.0000000000
59014  35.702  -34.289  50.216 0.0000000000
59016  34.666  -34.679  49.991 0.0000000000
59027  36.818  -33.843  49.919 0.0000000000
59028  35.673  -34.368  49.721 0.0000000000
59029  35.263  -34.489  49.808 0.0000000000
59044  37.232  -33.286  48.442 0.0000000000
59062  37.363  -33.284  47.685 0.0000000000
59064  37.044  -34.089  47.217 0.0000000000
59093  37.291  -33.795  46.020 0.0000000000
59101  36.922  -33.724  45.262 0.0000000000
59111  36.766  -33.761  44.515 0.0000000000
59112  36.664  -33.941  44.032 0.0000000000
59113  36.184  -33.812  43.969 0.0000000000
59126  35.837  -33.601  43.304 0.0000000000
59128  34.862  -34.017  42.430 0.0000000000
59133  36.243  -33.348  42.870 0.0000000000
59134  35.884  -33.394  42.320 0.0000000000
59140  35.884  -33.513  41.608 0.0000000000
60223  37.389  -33.403  46.317 0.0000000000
60235  37.470  -32.691  46.181 0.0000000000
60251  36.538  -33.475  43.708 0.0000000000
60263  36.764  -32.802  43.664 0.0000000000
60264  36.572  -33.118  43.186 0.0000000000
60274  36.119  -33.031  41.597 0.0000000000
61410  37.830  -32.370  47.085 0.0000000000
61423  37.602  -32.368  46.490 0.0000000000
61474  36.045  -32.900  40.733 0.0000000000
62620  38.332  -31.848  48.960 0.0000000000
62670  37.534  -32.005  46.248 0.0000000000
62691  37.496  -32.055  45.298 0.0000000000
62714  36.932  -31.778  43.900 0.0000000000
64003  36.840  -31.500  45.621 0.0000000000
64023  35.978  -30.917  43.870 0.0000000000
64042  36.970  -31.684  44.453 0.0000000000
65408  36.175  -31.109  43.921 0.0000000000
65424  32.483  -28.908  42.130 0.0000000000
67834  33.042  -27.306  41.053 0.0000000000
69148  34.507  -25.248  40.442 0.0000000000
70404  34.287  -25.348  39.475 0.0000000000
70415  33.599  -25.731  38.498 0.0000000000
71554  42.991  -21.536  37.560 0.0000000000
71555  42.554  -21.886  37.428 0.0000000000
71556  41.982  -22.369  37.272 0.0000000000
71560  39.003  -22.247  36.781 0.0000000000
71571  43.000  -21.609  37.306 0.0000000000
71574  41.137  -22.439  36.659 0.0000000000
71575  40.354  -22.590  36.432 0.0000000000
71588  42.190  -22.249  36.787 0.0000000000
71589  41.623  -22.397  36.513 0.0000000000
71606  41.283  -22.527  36.206 0.0000000000
72637  38.343  -22.972  40.799 0.0000000000
72638  37.663  -23.218  40.709 0.0000000000
72654  40.073  -21.712  38.490 0.0000000000
72657  37.039  -22.862  39.297 0.0000000000
72672  41.421  -22.202  38.226 0.0000000000
72673  40.576  -22.216  38.071 0.0000000000
72689  44.722  -21.647  38.075 0.0000000000
72709  42.564  -21.990  36.890 0.0000000000
72717  43.931  -21.471  36.326 0.0000000000
73745  39.150  -22.686  41.044 0.0000000000
73758  38.401  -22.598  40.332 0.0000000000
73773  38.329  -22.350  39.697 0.0000000000
73786  38.984  -21.827  38.514 0.0000000000
73820  41.943  -21.087  35.060 0.0000000000
73821  41.554  -21.299  34.988 0.0000000000
73830  44.150  -21.239  36.157 0.0000000000
73831  43.770  -21.284  35.915 0.0000000000
73833  42.054  -20.987  34.923 0.0000000000
73834  41.835  -21.196  34.883 0.0000000000
74987  41.914  -20.929  35.165 0.0000000000
74988  41.645  -20.987  35.088 0.0000000000
75002  44.055  -20.915  35.872 0.0000000000
75004  42.065  -20.833  35.150 0.0000000000
75005  41.868  -20.650  35.070 0.0000000000
76157  41.766  -20.718  35.084 0.0000000000
76171  44.988  -20.505  36.119 0.0000000000
76174  41.157  -20.381  34.638 0.0000000000
76189  42.617  -19.978  35.179 0.0000000000
77303  42.360  -19.096  34.593 0.0000000000
78373  45.117  -17.996  35.730 0.0000000000
78387  44.867  -18.027  35.713 0.0000000000
78390  41.160  -19.030  33.956 0.0000000000
79508  45.734  -17.385  35.334 0.0000000000
81860  45.292  -15.835  34.299 0.0000000000
81894  48.765  -14.468  34.464 0.0000000000
83152  49.861  -13.625  34.509 0.0000000000
83156  46.154  -13.989  33.310 0.0000000000
85519  50.310  -12.233  33.913 0.0000000000
86704  50.022  -11.365  33.050 0.0000000000
87852  46.817  -11.146  30.240 0.0000000000
91158  50.780  -7.488  30.843 0.0000000000
93437  53.948  -5.470  28.969 0.0000000000
