#!ascii label  , from subject S5_07 vox2ras=TkReg
2129
29142  9.021  -59.352  47.290 0.0000000000
69255  46.638  -27.063  33.017 0.0000000000
43774  29.429  -47.695  44.137 0.0000000000
46416  39.740  -45.626  48.348 0.0000000000
37012  21.817  -53.236  41.870 0.0000000000
31743  15.637  -56.983  52.362 0.0000000000
81921  54.164  -14.895  29.488 0.0000000000
72629  57.245  -23.814  40.787 0.0000000000
60267  43.268  -33.298  41.348 0.0000000000
86801  58.178  -11.362  22.095 0.0000000000
33021  28.128  -56.077  50.774 0.0000000000
31782  11.615  -57.416  50.503 0.0000000000
77283  56.325  -19.923  35.214 0.0000000000
75016  52.060  -21.564  32.729 0.0000000000
67862  46.628  -28.184  38.883 0.0000000000
69121  52.218  -27.309  42.528 0.0000000000
67891  41.548  -28.281  37.476 0.0000000000
52419  34.802  -40.373  40.284 0.0000000000
47720  34.001  -44.985  45.336 0.0000000000
29082  24.341  -58.614  50.331 0.0000000000
29009  20.629  -59.521  54.443 0.0000000000
33099  19.161  -55.438  46.861 0.0000000000
35749  14.823  -54.110  44.350 0.0000000000
39682  25.809  -50.385  42.616 0.0000000000
85530  59.709  -12.806  31.372 0.0000000000
78353  60.280  -19.144  36.661 0.0000000000
69188  53.574  -26.617  36.999 0.0000000000
66596  42.976  -29.412  43.331 0.0000000000
55741  39.025  -38.104  44.680 0.0000000000
84403  55.146  -13.829  26.113 0.0000000000
86766  61.533  -10.933  26.692 0.0000000000
86792  64.714  -11.837  22.859 0.0000000000
30391  26.474  -57.748  53.661 0.0000000000
30515  10.599  -58.201  47.849 0.0000000000
29037  9.908  -58.596  53.408 0.0000000000
27611  8.007  -59.880  52.790 0.0000000000
78445  50.404  -18.551  30.251 0.0000000000
66623  46.488  -28.876  42.097 0.0000000000
67759  49.413  -27.797  44.392 0.0000000000
24894  3.651  -62.215  46.975 0.0000000000
66758  41.215  -29.178  34.007 0.0000000000
50177  29.465  -43.468  41.094 0.0000000000
51310  31.730  -43.069  41.327 0.0000000000
46484  31.323  -45.759  44.320 0.0000000000
33095  23.682  -56.373  46.220 0.0000000000
30505  22.045  -57.595  48.917 0.0000000000
34417  21.117  -54.855  44.160 0.0000000000
36992  24.254  -52.895  42.896 0.0000000000
33093  25.371  -55.434  46.355 0.0000000000
30436  18.453  -58.005  52.628 0.0000000000
84353  56.570  -13.654  29.984 0.0000000000
81851  59.864  -15.329  34.696 0.0000000000
80649  57.430  -16.373  33.904 0.0000000000
73782  57.763  -22.324  38.523 0.0000000000
73764  59.750  -22.201  39.525 0.0000000000
71639  46.732  -24.689  32.045 0.0000000000
71618  49.924  -24.768  33.073 0.0000000000
69225  50.744  -27.016  35.312 0.0000000000
65479  39.428  -29.654  38.403 0.0000000000
67832  40.668  -28.484  40.189 0.0000000000
62711  42.762  -31.331  42.845 0.0000000000
50103  38.386  -42.999  45.084 0.0000000000
54607  37.545  -39.092  42.775 0.0000000000
50081  40.914  -42.486  46.723 0.0000000000
85562  52.155  -13.738  27.468 0.0000000000
85602  52.784  -12.597  25.733 0.0000000000
85574  53.531  -13.495  27.480 0.0000000000
86755  56.552  -11.788  27.863 0.0000000000
86852  62.430  -11.488  19.249 0.0000000000
85645  61.989  -13.087  21.634 0.0000000000
86785  63.833  -11.296  24.412 0.0000000000
84435  60.669  -13.342  23.605 0.0000000000
38252  29.190  -51.828  46.392 0.0000000000
39621  31.487  -50.351  46.699 0.0000000000
34323  30.481  -54.459  50.578 0.0000000000
31762  13.620  -56.886  51.173 0.0000000000
28991  14.263  -58.584  55.595 0.0000000000
30378  11.968  -57.963  54.335 0.0000000000
81924  51.699  -15.759  28.964 0.0000000000
79548  54.879  -17.461  32.165 0.0000000000
79557  53.027  -18.255  30.923 0.0000000000
76170  53.794  -20.679  33.694 0.0000000000
72705  55.610  -23.654  36.612 0.0000000000
67940  46.795  -27.900  36.014 0.0000000000
67883  49.578  -27.279  37.505 0.0000000000
67824  49.278  -27.448  40.383 0.0000000000
58060  41.025  -35.357  38.879 0.0000000000
47647  41.660  -44.407  50.111 0.0000000000
27712  7.601  -59.686  45.802 0.0000000000
26267  7.121  -61.450  50.453 0.0000000000
23572  5.372  -62.717  49.350 0.0000000000
68000  44.219  -27.606  32.682 0.0000000000
66755  43.967  -28.939  34.497 0.0000000000
67889  44.001  -28.802  37.735 0.0000000000
66637  44.700  -28.898  41.492 0.0000000000
52445  31.751  -40.669  39.219 0.0000000000
51296  34.562  -42.905  42.437 0.0000000000
47704  36.387  -44.888  46.436 0.0000000000
40988  33.867  -49.795  47.934 0.0000000000
43675  35.955  -47.837  49.100 0.0000000000
29005  24.259  -59.265  53.844 0.0000000000
26187  23.219  -60.024  54.448 0.0000000000
29030  22.481  -59.329  53.288 0.0000000000
30473  20.119  -57.749  50.499 0.0000000000
33039  17.559  -56.400  49.368 0.0000000000
35765  18.241  -53.554  43.071 0.0000000000
35712  16.872  -54.365  45.996 0.0000000000
34351  15.256  -55.375  48.076 0.0000000000
33083  13.671  -55.709  46.989 0.0000000000
31847  12.101  -56.755  45.610 0.0000000000
31870  10.842  -56.900  44.061 0.0000000000
47809  27.380  -44.397  40.347 0.0000000000
45219  25.892  -46.711  39.918 0.0000000000
41073  27.675  -49.700  43.871 0.0000000000
35694  27.183  -53.956  46.813 0.0000000000
30452  26.454  -57.569  51.013 0.0000000000
76149  60.364  -19.971  36.066 0.0000000000
77280  58.422  -19.236  36.572 0.0000000000
75048  48.630  -21.440  31.381 0.0000000000
71603  53.078  -24.647  34.428 0.0000000000
70400  55.702  -25.302  39.489 0.0000000000
69158  52.401  -27.044  39.331 0.0000000000
70383  54.791  -25.966  41.407 0.0000000000
67893  39.283  -27.649  37.573 0.0000000000
67830  42.092  -27.794  40.681 0.0000000000
66576  44.409  -28.988  45.301 0.0000000000
56930  38.388  -37.278  41.563 0.0000000000
56889  42.518  -37.117  44.068 0.0000000000
52307  40.598  -40.339  48.856 0.0000000000
55706  42.374  -37.875  47.181 0.0000000000
58000  44.275  -35.400  45.269 0.0000000000
60209  44.482  -33.491  47.534 0.0000000000
62606  44.600  -31.292  48.605 0.0000000000
85611  56.804  -13.034  23.756 0.0000000000
84400  58.283  -13.287  26.027 0.0000000000
87869  59.522  -11.050  28.676 0.0000000000
26216  26.114  -60.120  53.448 0.0000000000
30527  10.036  -58.447  47.004 0.0000000000
29087  9.066  -58.964  50.656 0.0000000000
27649  8.644  -59.669  49.491 0.0000000000
66573  47.243  -29.053  44.865 0.0000000000
66572  48.057  -28.632  44.469 0.0000000000
23609  2.847  -62.395  44.485 0.0000000000
47760  29.745  -45.436  42.183 0.0000000000
48962  30.229  -44.888  41.986 0.0000000000
45121  30.447  -47.301  44.516 0.0000000000
35741  23.098  -54.406  43.795 0.0000000000
33113  22.065  -55.821  45.629 0.0000000000
34430  21.729  -54.614  43.666 0.0000000000
39720  23.686  -50.922  40.019 0.0000000000
37011  23.181  -52.865  41.998 0.0000000000
34414  24.029  -54.696  44.454 0.0000000000
30437  17.242  -57.628  52.563 0.0000000000
30394  16.527  -58.326  54.391 0.0000000000
83185  55.496  -14.378  29.742 0.0000000000
83167  56.963  -14.883  31.704 0.0000000000
81903  56.039  -15.840  31.653 0.0000000000
72644  57.644  -23.267  39.833 0.0000000000
73750  58.539  -22.939  40.114 0.0000000000
70473  47.399  -25.986  32.612 0.0000000000
70472  48.595  -26.003  32.942 0.0000000000
69236  48.873  -27.195  34.296 0.0000000000
60289  42.546  -33.077  39.519 0.0000000000
62761  41.852  -31.370  40.027 0.0000000000
64091  40.884  -30.308  40.388 0.0000000000
61455  42.997  -32.198  42.013 0.0000000000
47681  39.076  -44.730  47.020 0.0000000000
48906  40.177  -43.375  46.018 0.0000000000
47662  41.039  -44.399  47.971 0.0000000000
84367  52.586  -14.124  28.191 0.0000000000
85561  52.954  -13.745  27.797 0.0000000000
85554  53.477  -13.678  28.278 0.0000000000
85552  54.961  -13.172  29.005 0.0000000000
85664  61.539  -12.611  20.731 0.0000000000
85647  60.058  -12.635  21.514 0.0000000000
85630  61.932  -12.964  23.162 0.0000000000
84449  59.695  -13.106  22.621 0.0000000000
34360  28.784  -54.425  48.083 0.0000000000
35680  29.961  -53.847  48.296 0.0000000000
33034  29.417  -55.302  50.650 0.0000000000
31763  12.753  -57.136  51.077 0.0000000000
30420  12.465  -57.269  53.041 0.0000000000
30421  11.637  -57.434  52.871 0.0000000000
27576  8.725  -59.553  55.407 0.0000000000
28980  10.174  -58.886  55.893 0.0000000000
81925  50.587  -16.181  28.915 0.0000000000
80688  51.998  -16.920  29.959 0.0000000000
80689  51.010  -16.936  29.844 0.0000000000
77335  51.445  -20.401  31.668 0.0000000000
77346  52.359  -19.694  31.607 0.0000000000
75014  53.373  -21.320  33.543 0.0000000000
73814  55.196  -22.616  35.557 0.0000000000
73827  53.543  -22.692  34.124 0.0000000000
67886  46.757  -28.012  37.844 0.0000000000
67885  47.733  -27.873  37.724 0.0000000000
67825  48.316  -27.556  40.548 0.0000000000
83205  50.519  -14.573  27.920 0.0000000000
26310  6.504  -60.808  46.742 0.0000000000
26305  5.107  -61.258  46.548 0.0000000000
68001  43.523  -27.665  32.417 0.0000000000
66765  44.810  -28.666  33.899 0.0000000000
66767  42.819  -28.909  33.349 0.0000000000
67943  41.028  -28.839  35.446 0.0000000000
66703  42.660  -28.942  35.832 0.0000000000
67890  42.820  -28.722  37.351 0.0000000000
67846  44.323  -28.584  39.550 0.0000000000
67847  43.287  -28.073  39.588 0.0000000000
53536  30.575  -40.087  39.089 0.0000000000
48943  32.745  -44.253  43.790 0.0000000000
50153  33.608  -43.300  42.154 0.0000000000
48941  34.288  -44.037  44.310 0.0000000000
48929  35.482  -44.196  45.119 0.0000000000
47705  35.314  -45.229  46.185 0.0000000000
38196  31.982  -52.244  48.918 0.0000000000
41008  32.346  -49.843  47.047 0.0000000000
38194  33.369  -51.065  49.147 0.0000000000
40948  35.389  -49.730  50.486 0.0000000000
45059  37.077  -47.153  49.244 0.0000000000
29048  24.522  -58.916  52.325 0.0000000000
29029  23.441  -59.233  53.238 0.0000000000
29067  22.717  -58.980  51.624 0.0000000000
33056  20.347  -56.566  47.986 0.0000000000
30488  21.069  -57.674  49.469 0.0000000000
31815  19.633  -56.634  48.857 0.0000000000
31795  18.484  -56.739  49.527 0.0000000000
33081  18.378  -55.611  47.544 0.0000000000
36995  18.569  -53.545  42.321 0.0000000000
36983  15.626  -53.695  43.530 0.0000000000
35747  16.337  -53.838  44.404 0.0000000000
35729  15.926  -54.053  45.276 0.0000000000
35695  16.323  -54.710  46.573 0.0000000000
35697  15.491  -54.889  46.487 0.0000000000
34369  14.459  -55.372  47.066 0.0000000000
34404  14.646  -54.758  45.234 0.0000000000
31860  11.566  -56.724  44.942 0.0000000000
50198  27.294  -42.901  39.440 0.0000000000
49036  26.672  -43.637  39.256 0.0000000000
41118  25.507  -49.605  41.269 0.0000000000
42457  26.081  -48.946  41.605 0.0000000000
43824  26.700  -47.847  41.459 0.0000000000
39670  26.788  -50.270  43.566 0.0000000000
38265  27.605  -51.684  45.579 0.0000000000
36969  26.461  -52.375  45.402 0.0000000000
30484  24.944  -57.832  49.321 0.0000000000
31772  26.066  -57.265  49.679 0.0000000000
29064  25.278  -58.454  50.792 0.0000000000
29027  25.197  -58.364  53.033 0.0000000000
27570  22.170  -59.963  54.773 0.0000000000
26254  6.277  -62.044  52.077 0.0000000000
26239  6.393  -61.501  52.828 0.0000000000
84308  60.335  -13.701  33.421 0.0000000000
80622  60.076  -16.607  35.495 0.0000000000
79499  60.424  -17.358  35.555 0.0000000000
76140  60.323  -20.384  36.758 0.0000000000
74971  60.465  -21.033  37.438 0.0000000000
78397  55.218  -18.250  33.458 0.0000000000
79517  56.349  -17.624  34.086 0.0000000000
77282  57.042  -19.531  35.491 0.0000000000
72642  60.046  -22.494  39.345 0.0000000000
69233  52.305  -26.230  34.540 0.0000000000
71605  51.254  -24.832  33.694 0.0000000000
69208  53.708  -26.194  36.188 0.0000000000
70429  54.967  -25.442  37.376 0.0000000000
69167  54.364  -26.377  37.731 0.0000000000
69160  50.724  -27.038  39.850 0.0000000000
69170  51.530  -27.005  38.524 0.0000000000
69134  52.313  -27.262  41.399 0.0000000000
67921  37.086  -27.747  36.440 0.0000000000
67816  41.620  -28.380  41.418 0.0000000000
67831  41.342  -28.118  40.515 0.0000000000
67815  42.057  -27.864  41.639 0.0000000000
67814  42.851  -27.887  41.687 0.0000000000
67763  43.534  -29.010  43.500 0.0000000000
54659  33.697  -38.912  39.006 0.0000000000
54658  34.745  -38.423  39.684 0.0000000000
54598  38.685  -38.364  43.706 0.0000000000
55768  37.535  -37.710  41.654 0.0000000000
56919  38.719  -37.600  42.900 0.0000000000
56917  40.637  -37.068  42.198 0.0000000000
56891  40.593  -37.597  44.480 0.0000000000
50054  41.520  -42.416  50.167 0.0000000000
55688  43.068  -37.604  48.194 0.0000000000
55704  44.215  -37.122  46.720 0.0000000000
56856  44.459  -36.348  47.397 0.0000000000
60233  44.554  -34.110  46.052 0.0000000000
57968  44.725  -35.513  48.131 0.0000000000
84416  53.552  -13.234  25.761 0.0000000000
84427  56.247  -13.502  24.417 0.0000000000
84412  57.877  -13.696  25.204 0.0000000000
84401  57.200  -13.532  26.011 0.0000000000
86733  57.758  -12.016  29.368 0.0000000000
87871  57.673  -11.382  28.493 0.0000000000
86720  59.819  -12.174  30.459 0.0000000000
86719  60.777  -11.761  30.619 0.0000000000
86809  64.144  -11.974  20.980 0.0000000000
86775  62.664  -11.024  25.513 0.0000000000
87891  62.971  -10.502  26.563 0.0000000000
87879  61.723  -10.533  27.593 0.0000000000
31740  27.106  -57.072  52.261 0.0000000000
33012  28.301  -56.208  51.813 0.0000000000
29003  26.676  -58.224  54.013 0.0000000000
31800  11.066  -57.727  49.140 0.0000000000
30442  10.907  -57.665  51.854 0.0000000000
30461  10.049  -57.943  51.254 0.0000000000
29056  9.141  -58.889  52.794 0.0000000000
27588  7.857  -59.916  54.750 0.0000000000
78446  49.388  -18.616  30.143 0.0000000000
77349  49.465  -20.085  30.955 0.0000000000
66646  46.555  -28.518  40.335 0.0000000000
67811  48.173  -27.582  41.508 0.0000000000
66607  47.949  -28.216  42.998 0.0000000000
67748  48.755  -28.181  45.016 0.0000000000
24910  4.401  -61.373  45.747 0.0000000000
24911  3.722  -61.895  45.371 0.0000000000
23589  2.552  -62.796  46.229 0.0000000000
67990  41.294  -28.775  32.777 0.0000000000
67944  39.956  -28.668  35.077 0.0000000000
52407  30.314  -41.660  40.426 0.0000000000
51312  30.164  -43.040  41.101 0.0000000000
47757  31.643  -44.567  43.263 0.0000000000
47722  32.215  -45.464  44.935 0.0000000000
30503  23.827  -57.821  48.482 0.0000000000
29100  23.073  -58.581  50.251 0.0000000000
31831  22.637  -56.828  47.189 0.0000000000
33097  21.417  -56.091  46.449 0.0000000000
34381  20.186  -55.421  45.903 0.0000000000
34420  14.291  -54.589  44.482 0.0000000000
35768  14.133  -54.317  42.973 0.0000000000
39719  24.539  -50.419  40.598 0.0000000000
38295  25.117  -52.022  43.285 0.0000000000
36970  25.616  -52.660  45.022 0.0000000000
36971  24.992  -53.247  44.767 0.0000000000
33094  24.688  -55.769  45.956 0.0000000000
30413  19.429  -58.630  53.472 0.0000000000
84352  57.703  -13.562  30.855 0.0000000000
84309  59.417  -13.912  33.393 0.0000000000
84326  57.902  -14.174  32.417 0.0000000000
81852  58.783  -15.663  34.376 0.0000000000
80623  59.225  -16.742  35.389 0.0000000000
74975  56.896  -21.652  36.668 0.0000000000
76134  57.768  -20.886  37.227 0.0000000000
73765  58.950  -22.205  39.398 0.0000000000
72626  59.405  -23.285  40.012 0.0000000000
73863  47.971  -22.995  31.709 0.0000000000
71637  48.474  -24.643  32.429 0.0000000000
70464  50.073  -26.367  33.542 0.0000000000
69210  51.604  -27.209  36.310 0.0000000000
69104  53.327  -26.914  43.481 0.0000000000
66684  37.314  -28.385  37.381 0.0000000000
67870  38.345  -28.065  38.190 0.0000000000
66660  39.540  -28.628  39.354 0.0000000000
65433  41.362  -29.631  41.198 0.0000000000
64040  42.750  -30.622  43.392 0.0000000000
51293  36.791  -41.489  43.052 0.0000000000
52401  36.501  -40.082  42.031 0.0000000000
51276  38.579  -41.642  44.092 0.0000000000
51262  39.805  -41.439  44.850 0.0000000000
53457  39.731  -39.971  45.853 0.0000000000
85577  50.847  -12.585  26.851 0.0000000000
86770  51.541  -11.563  26.152 0.0000000000
85592  51.734  -12.458  26.293 0.0000000000
84405  53.287  -13.389  26.440 0.0000000000
84388  54.894  -13.385  26.978 0.0000000000
85589  55.690  -13.393  26.689 0.0000000000
85573  54.807  -12.813  27.833 0.0000000000
86735  55.619  -12.487  28.611 0.0000000000
86853  61.390  -11.532  19.595 0.0000000000
85662  63.315  -12.437  21.065 0.0000000000
86800  63.905  -11.960  22.383 0.0000000000
86784  64.599  -11.573  23.994 0.0000000000
85617  63.351  -11.851  23.343 0.0000000000
84421  62.467  -12.332  24.239 0.0000000000
85608  61.550  -12.401  25.009 0.0000000000
41032  29.408  -49.737  45.484 0.0000000000
42397  30.258  -49.155  45.496 0.0000000000
38251  30.315  -51.439  46.614 0.0000000000
35678  31.173  -53.055  48.803 0.0000000000
35643  31.490  -53.595  50.896 0.0000000000
31761  14.475  -56.636  51.347 0.0000000000
30417  15.245  -57.563  53.410 0.0000000000
30418  14.167  -57.477  53.469 0.0000000000
28992  13.441  -58.513  55.564 0.0000000000
29016  10.808  -58.234  54.079 0.0000000000
28970  11.180  -59.009  56.377 0.0000000000
81923  52.672  -15.398  29.173 0.0000000000
80685  54.575  -16.555  30.610 0.0000000000
80686  53.878  -16.563  30.178 0.0000000000
78428  53.865  -18.003  31.345 0.0000000000
78398  54.445  -18.704  33.112 0.0000000000
78444  51.393  -18.412  30.400 0.0000000000
77332  53.415  -19.718  32.607 0.0000000000
76168  55.064  -20.549  34.659 0.0000000000
74983  55.828  -21.645  35.582 0.0000000000
72704  56.283  -23.161  37.172 0.0000000000
71527  56.664  -24.021  39.281 0.0000000000
67965  46.978  -27.943  34.884 0.0000000000
67938  49.016  -27.527  35.471 0.0000000000
67884  48.652  -27.491  37.597 0.0000000000
67841  49.346  -27.376  39.386 0.0000000000
67808  50.745  -27.310  41.413 0.0000000000
67810  49.145  -27.523  41.436 0.0000000000
67794  49.999  -27.428  42.553 0.0000000000
69106  51.276  -26.984  43.943 0.0000000000
58042  42.569  -34.842  40.028 0.0000000000
46385  41.222  -45.369  49.541 0.0000000000
85578  49.865  -12.350  27.087 0.0000000000
84392  50.418  -13.193  27.237 0.0000000000
84368  51.836  -14.344  28.090 0.0000000000
90062  58.448  -8.525  23.409 0.0000000000
90063  57.761  -8.901  23.749 0.0000000000
27711  8.240  -59.640  46.250 0.0000000000
27666  8.057  -60.356  48.476 0.0000000000
26302  7.466  -60.890  48.197 0.0000000000
24875  6.723  -62.063  50.023 0.0000000000
23553  5.553  -63.030  51.024 0.0000000000
24885  4.692  -62.330  48.053 0.0000000000
70492  46.269  -25.779  32.291 0.0000000000
70494  43.998  -25.808  31.988 0.0000000000
69256  45.573  -27.257  32.907 0.0000000000
67966  46.182  -28.117  34.301 0.0000000000
66753  45.881  -28.486  35.048 0.0000000000
66700  45.228  -28.420  36.725 0.0000000000
66756  43.039  -29.287  34.291 0.0000000000
66701  44.251  -28.644  36.292 0.0000000000
67863  45.585  -28.490  38.693 0.0000000000
66647  45.745  -28.815  40.478 0.0000000000
66636  45.644  -28.939  41.353 0.0000000000
66610  45.499  -28.791  43.342 0.0000000000
52421  33.249  -41.020  39.786 0.0000000000
52406  31.376  -41.941  39.997 0.0000000000
51326  33.321  -42.319  40.972 0.0000000000
51307  35.177  -41.839  42.296 0.0000000000
50122  35.822  -42.677  44.186 0.0000000000
48909  37.464  -44.079  46.170 0.0000000000
47665  37.919  -45.565  47.757 0.0000000000
43734  31.417  -47.868  45.642 0.0000000000
43733  32.384  -47.782  46.406 0.0000000000
45101  33.339  -46.776  46.384 0.0000000000
39554  34.421  -50.618  50.062 0.0000000000
42369  34.977  -48.792  48.403 0.0000000000
45088  34.625  -46.878  47.197 0.0000000000
46435  35.873  -46.009  47.643 0.0000000000
46419  37.137  -46.161  48.522 0.0000000000
46388  38.475  -46.584  49.805 0.0000000000
26203  24.700  -60.015  54.141 0.0000000000
27582  23.773  -59.825  54.086 0.0000000000
29007  22.346  -59.591  53.983 0.0000000000
29031  21.610  -59.241  53.413 0.0000000000
29085  22.159  -58.742  51.180 0.0000000000
29069  21.170  -58.893  52.153 0.0000000000
29053  20.327  -58.778  53.214 0.0000000000
30456  19.251  -57.814  51.517 0.0000000000
30457  18.064  -57.581  51.823 0.0000000000
33023  16.697  -56.406  49.791 0.0000000000
35763  20.099  -54.409  42.714 0.0000000000
35744  19.298  -54.667  43.886 0.0000000000
35726  18.562  -54.631  44.704 0.0000000000
36981  16.787  -53.373  43.601 0.0000000000
35727  17.456  -54.466  45.101 0.0000000000
34403  17.496  -54.686  45.653 0.0000000000
34348  17.405  -55.444  47.836 0.0000000000
34336  16.452  -55.463  48.424 0.0000000000
33024  15.793  -56.323  49.720 0.0000000000
33042  14.837  -55.697  48.980 0.0000000000
33043  13.917  -56.009  48.952 0.0000000000
33063  13.117  -56.104  47.837 0.0000000000
34405  13.908  -55.159  45.053 0.0000000000
33084  12.966  -56.267  46.752 0.0000000000
31817  12.405  -56.665  47.556 0.0000000000
31835  11.690  -57.160  47.030 0.0000000000
30535  10.453  -57.754  46.021 0.0000000000
30536  9.654  -58.276  45.607 0.0000000000
30537  8.705  -58.524  45.148 0.0000000000
30550  7.715  -58.163  44.011 0.0000000000
51349  27.980  -42.257  39.597 0.0000000000
49001  28.621  -44.127  41.262 0.0000000000
46515  28.304  -45.992  41.777 0.0000000000
46532  27.133  -45.839  40.728 0.0000000000
45175  27.597  -47.164  41.941 0.0000000000
42437  28.423  -48.170  43.449 0.0000000000
39642  28.374  -50.277  45.274 0.0000000000
36947  28.018  -52.895  46.579 0.0000000000
33053  27.737  -55.387  48.552 0.0000000000
34363  26.431  -54.914  46.961 0.0000000000
33054  26.808  -55.800  48.270 0.0000000000
31770  27.358  -56.471  50.525 0.0000000000
30392  25.828  -57.862  53.364 0.0000000000
29004  25.465  -58.513  53.908 0.0000000000
26252  7.458  -60.549  51.655 0.0000000000
27612  7.463  -60.366  53.202 0.0000000000
81850  60.483  -15.374  34.462 0.0000000000
80667  55.794  -16.613  32.583 0.0000000000
79502  57.463  -17.690  34.940 0.0000000000
78345  59.948  -19.477  37.261 0.0000000000
76124  59.267  -20.503  38.157 0.0000000000
77252  60.281  -20.267  38.078 0.0000000000
74963  60.350  -21.331  38.090 0.0000000000
78434  47.972  -19.360  30.555 0.0000000000
76202  50.209  -21.109  31.919 0.0000000000
73861  49.773  -22.946  32.390 0.0000000000
72746  51.208  -23.214  33.037 0.0000000000
73828  52.373  -22.612  33.489 0.0000000000
71585  54.596  -24.624  35.984 0.0000000000
70428  55.454  -24.890  37.608 0.0000000000
71518  56.762  -24.258  40.258 0.0000000000
67910  49.724  -27.477  36.501 0.0000000000
69190  51.583  -27.048  37.475 0.0000000000
69157  53.372  -26.953  39.061 0.0000000000
69133  53.298  -27.100  41.169 0.0000000000
69132  54.131  -26.681  40.842 0.0000000000
69143  54.226  -26.782  39.846 0.0000000000
70390  55.386  -25.506  40.708 0.0000000000
71507  56.069  -24.875  41.513 0.0000000000
67945  38.717  -27.977  35.204 0.0000000000
67892  40.397  -27.803  37.549 0.0000000000
67869  39.190  -27.765  38.558 0.0000000000
67868  40.206  -27.615  38.659 0.0000000000
67867  41.307  -27.783  38.625 0.0000000000
67829  43.036  -27.903  40.654 0.0000000000
66611  44.551  -28.747  43.500 0.0000000000
66575  45.262  -29.003  45.297 0.0000000000
54646  36.345  -38.374  40.925 0.0000000000
56938  40.149  -36.303  40.345 0.0000000000
56927  41.714  -36.421  41.205 0.0000000000
58027  43.104  -35.976  42.297 0.0000000000
48872  41.465  -43.322  49.044 0.0000000000
51234  40.779  -41.203  47.985 0.0000000000
53440  39.729  -38.797  46.680 0.0000000000
55709  40.138  -38.457  47.628 0.0000000000
55731  40.198  -37.602  45.715 0.0000000000
55730  42.057  -37.699  45.639 0.0000000000
56888  43.480  -36.627  43.919 0.0000000000
59110  43.886  -34.622  43.786 0.0000000000
60241  44.025  -33.411  44.342 0.0000000000
61421  44.061  -32.528  45.051 0.0000000000
62648  43.705  -31.096  45.688 0.0000000000
60182  45.066  -33.996  49.304 0.0000000000
61387  44.283  -32.147  48.185 0.0000000000
65353  43.678  -30.095  45.684 0.0000000000
65351  44.405  -29.874  46.434 0.0000000000
87907  56.956  -10.133  23.951 0.0000000000
85622  57.583  -12.667  23.110 0.0000000000
84437  58.233  -13.219  23.609 0.0000000000
84410  59.750  -13.369  25.380 0.0000000000
85585  59.943  -12.256  26.302 0.0000000000
85571  56.961  -12.250  27.333 0.0000000000
86769  59.049  -11.744  27.238 0.0000000000
87880  60.803  -10.811  27.922 0.0000000000
87855  61.141  -10.971  29.217 0.0000000000
26217  25.294  -60.356  53.641 0.0000000000
29159  9.522  -58.976  46.614 0.0000000000
29141  9.718  -58.895  47.629 0.0000000000
29123  9.140  -59.290  48.273 0.0000000000
66552  47.062  -28.975  46.022 0.0000000000
46501  29.229  -46.141  42.396 0.0000000000
46500  29.874  -46.199  42.870 0.0000000000
45155  29.753  -46.670  43.519 0.0000000000
35761  22.509  -54.317  43.242 0.0000000000
35778  22.205  -53.792  42.462 0.0000000000
35777  23.063  -53.743  42.630 0.0000000000
35760  23.582  -53.884  43.224 0.0000000000
31742  16.682  -57.188  52.091 0.0000000000
30416  16.349  -57.827  53.597 0.0000000000
30438  16.123  -57.402  52.817 0.0000000000
83186  54.758  -14.512  29.501 0.0000000000
81910  56.203  -15.008  30.673 0.0000000000
81911  55.623  -15.479  30.526 0.0000000000
72628  57.933  -23.400  40.675 0.0000000000
72609  58.141  -23.605  41.554 0.0000000000
70474  46.619  -26.389  32.594 0.0000000000
69254  47.935  -27.008  33.502 0.0000000000
60288  42.774  -33.325  39.981 0.0000000000
61487  41.888  -32.059  39.219 0.0000000000
61471  42.803  -32.721  40.468 0.0000000000
61463  42.594  -31.844  41.277 0.0000000000
47664  38.921  -45.395  47.679 0.0000000000
47680  40.150  -44.497  47.033 0.0000000000
46415  40.622  -45.195  48.358 0.0000000000
83187  53.918  -14.428  29.176 0.0000000000
84366  53.614  -13.942  28.679 0.0000000000
84365  54.480  -13.750  29.020 0.0000000000
85666  59.881  -12.156  20.913 0.0000000000
85648  59.266  -12.115  21.499 0.0000000000
85631  60.002  -12.961  22.172 0.0000000000
85633  58.482  -12.246  22.258 0.0000000000
33052  28.519  -55.219  49.106 0.0000000000
34335  29.087  -55.011  49.381 0.0000000000
33035  28.807  -55.437  50.044 0.0000000000
31781  12.325  -57.168  50.169 0.0000000000
31747  12.216  -57.088  51.795 0.0000000000
31764  11.927  -57.212  51.168 0.0000000000
81916  50.869  -16.527  29.529 0.0000000000
80699  50.495  -16.702  29.527 0.0000000000
76199  52.342  -20.494  32.120 0.0000000000
75015  52.704  -21.578  33.197 0.0000000000
74999  53.125  -21.925  33.747 0.0000000000
67861  47.604  -27.795  38.717 0.0000000000
67843  47.526  -27.778  39.701 0.0000000000
27700  6.059  -60.122  45.753 0.0000000000
69274  42.174  -26.983  31.815 0.0000000000
68002  42.539  -27.946  32.250 0.0000000000
67989  43.002  -28.345  32.685 0.0000000000
66777  42.396  -28.631  32.769 0.0000000000
67917  41.855  -28.917  36.240 0.0000000000
67865  43.565  -28.424  38.567 0.0000000000
67866  42.427  -28.230  38.580 0.0000000000
47738  33.103  -44.733  44.528 0.0000000000
48942  33.615  -44.300  44.150 0.0000000000
48931  34.058  -44.398  44.703 0.0000000000
47719  34.854  -44.739  45.458 0.0000000000
47706  34.479  -45.473  45.987 0.0000000000
36918  32.335  -52.340  50.257 0.0000000000
38195  32.630  -51.813  49.405 0.0000000000
38181  32.916  -51.919  50.603 0.0000000000
27604  24.067  -59.210  51.804 0.0000000000
29049  23.652  -59.236  52.275 0.0000000000
29066  23.576  -59.014  51.446 0.0000000000
33080  19.535  -55.902  47.560 0.0000000000
33057  19.891  -56.423  48.146 0.0000000000
33058  18.695  -56.255  48.631 0.0000000000
33100  18.590  -55.328  46.992 0.0000000000
35748  15.608  -53.906  44.344 0.0000000000
35730  15.288  -54.333  45.249 0.0000000000
35714  15.677  -54.599  45.950 0.0000000000
34386  15.088  -55.032  46.152 0.0000000000
39701  25.481  -50.178  42.010 0.0000000000
42476  25.828  -48.595  40.950 0.0000000000
41106  26.168  -49.571  42.266 0.0000000000
41105  26.614  -49.130  42.588 0.0000000000
39671  26.263  -50.592  43.347 0.0000000000
38280  26.743  -51.489  44.665 0.0000000000
38281  26.180  -51.812  44.258 0.0000000000
29081  24.903  -58.328  49.824 0.0000000000
30470  25.606  -57.888  49.904 0.0000000000
27585  21.534  -59.833  54.630 0.0000000000
24855  5.209  -62.546  52.202 0.0000000000
24840  5.684  -62.171  52.520 0.0000000000
84339  60.235  -13.159  31.872 0.0000000000
84323  60.854  -13.032  32.655 0.0000000000
84324  59.777  -13.490  32.675 0.0000000000
79487  60.182  -18.181  36.148 0.0000000000
77269  60.357  -19.888  37.188 0.0000000000
78384  55.326  -18.664  34.003 0.0000000000
78383  56.207  -18.628  34.638 0.0000000000
77297  56.410  -19.248  35.053 0.0000000000
69209  52.836  -26.847  36.159 0.0000000000
69223  53.068  -26.215  35.317 0.0000000000
69187  54.249  -26.142  36.795 0.0000000000
69135  51.273  -27.318  41.528 0.0000000000
69146  51.456  -27.050  40.578 0.0000000000
66613  42.706  -28.988  42.641 0.0000000000
67801  41.969  -28.315  42.362 0.0000000000
67783  42.380  -28.293  42.725 0.0000000000
67782  42.907  -28.491  42.902 0.0000000000
66595  43.364  -29.314  43.822 0.0000000000
54649  33.911  -39.403  39.451 0.0000000000
54636  34.844  -39.532  40.269 0.0000000000
55742  38.959  -38.210  43.977 0.0000000000
55748  38.440  -37.955  43.426 0.0000000000
56905  39.203  -38.054  44.023 0.0000000000
56904  39.772  -37.731  43.666 0.0000000000
56892  39.778  -37.695  44.862 0.0000000000
55675  43.197  -37.366  48.992 0.0000000000
56857  43.854  -37.057  47.755 0.0000000000
56841  44.238  -36.485  48.663 0.0000000000
84415  54.541  -13.439  25.313 0.0000000000
85601  53.813  -12.639  25.261 0.0000000000
84428  55.264  -13.293  24.582 0.0000000000
84414  55.656  -13.709  25.254 0.0000000000
84413  56.741  -13.747  25.175 0.0000000000
84402  56.147  -13.684  26.011 0.0000000000
85540  59.088  -12.694  30.796 0.0000000000
86732  58.936  -11.697  29.536 0.0000000000
85539  59.841  -12.466  31.095 0.0000000000
86711  60.191  -12.351  31.112 0.0000000000
86799  64.383  -12.125  21.810 0.0000000000
85643  64.660  -12.088  21.047 0.0000000000
85627  64.870  -12.223  21.966 0.0000000000
85616  65.092  -12.145  22.637 0.0000000000
86765  62.271  -10.790  26.343 0.0000000000
87892  62.265  -10.502  26.935 0.0000000000
87878  62.641  -10.490  27.464 0.0000000000
30410  27.053  -57.226  53.386 0.0000000000
31819  11.157  -57.679  48.510 0.0000000000
30491  10.798  -57.969  49.694 0.0000000000
30492  10.175  -58.191  50.146 0.0000000000
29071  9.061  -58.846  51.706 0.0000000000
27596  8.525  -59.398  53.306 0.0000000000
27587  8.535  -59.485  54.353 0.0000000000
27597  7.923  -59.875  53.772 0.0000000000
78447  48.337  -18.636  30.154 0.0000000000
78433  48.939  -19.355  30.504 0.0000000000
66622  47.150  -28.488  41.817 0.0000000000
67797  47.635  -28.112  42.240 0.0000000000
66608  47.396  -28.531  42.785 0.0000000000
24919  4.341  -61.398  44.875 0.0000000000
23597  2.553  -62.896  45.341 0.0000000000
23590  2.040  -63.255  45.853 0.0000000000
52409  29.138  -42.120  39.891 0.0000000000
52408  29.674  -41.999  40.035 0.0000000000
50176  29.927  -43.107  41.097 0.0000000000
47740  30.960  -45.397  43.821 0.0000000000
48961  30.667  -44.573  42.416 0.0000000000
47758  31.084  -44.809  43.276 0.0000000000
47739  31.884  -44.953  44.245 0.0000000000
46468  31.747  -45.907  44.971 0.0000000000
31830  23.777  -56.782  47.069 0.0000000000
31811  23.331  -57.344  47.919 0.0000000000
31846  23.245  -56.646  46.666 0.0000000000
34399  21.569  -55.466  44.844 0.0000000000
33114  21.018  -55.693  45.721 0.0000000000
33115  20.449  -55.530  45.828 0.0000000000
34400  20.389  -55.279  45.257 0.0000000000
38311  24.018  -52.147  41.734 0.0000000000
39703  24.177  -51.080  40.935 0.0000000000
38330  24.238  -51.475  41.508 0.0000000000
39702  24.844  -50.653  41.494 0.0000000000
38310  24.660  -51.692  42.297 0.0000000000
36979  24.923  -52.788  44.108 0.0000000000
35739  24.567  -53.917  44.450 0.0000000000
33111  24.007  -55.795  45.411 0.0000000000
34396  24.611  -54.991  45.033 0.0000000000
33076  24.420  -56.374  46.607 0.0000000000
31810  24.508  -57.426  48.116 0.0000000000
30414  18.810  -58.431  53.452 0.0000000000
29035  18.443  -58.674  54.145 0.0000000000
84341  57.945  -13.880  31.896 0.0000000000
83176  57.404  -14.297  31.432 0.0000000000
81890  57.300  -15.266  32.711 0.0000000000
81853  57.891  -16.050  34.079 0.0000000000
80636  58.694  -16.432  34.913 0.0000000000
80637  57.866  -16.654  34.496 0.0000000000
73796  57.395  -21.965  37.782 0.0000000000
74967  57.287  -21.761  37.327 0.0000000000
72627  58.740  -23.683  40.657 0.0000000000
72768  46.326  -23.714  31.523 0.0000000000
72767  47.392  -23.850  31.899 0.0000000000
71638  47.693  -24.800  32.248 0.0000000000
69235  50.079  -26.866  34.020 0.0000000000
69252  49.766  -26.533  33.510 0.0000000000
69234  51.305  -26.566  34.332 0.0000000000
65492  37.730  -29.096  37.257 0.0000000000
65480  38.773  -29.108  38.288 0.0000000000
66670  38.504  -28.433  38.341 0.0000000000
65465  39.821  -29.424  39.326 0.0000000000
62729  42.535  -31.170  41.656 0.0000000000
65432  41.894  -30.027  41.321 0.0000000000
64056  42.548  -30.529  41.954 0.0000000000
65419  42.320  -29.687  41.875 0.0000000000
64041  42.615  -30.481  42.643 0.0000000000
51277  37.423  -41.988  43.776 0.0000000000
50120  37.982  -42.594  44.331 0.0000000000
48892  40.767  -43.261  46.512 0.0000000000
51274  39.889  -42.335  44.978 0.0000000000
51250  40.663  -41.815  46.100 0.0000000000
52346  39.778  -40.687  45.292 0.0000000000
52332  40.694  -40.977  46.137 0.0000000000
85576  51.703  -13.259  26.983 0.0000000000
85590  53.039  -13.603  26.896 0.0000000000
84390  53.448  -13.569  27.003 0.0000000000
84389  53.966  -13.503  27.099 0.0000000000
84363  56.188  -13.093  29.539 0.0000000000
86736  55.088  -12.779  28.539 0.0000000000
85542  57.287  -12.910  30.193 0.0000000000
85663  62.598  -12.598  20.874 0.0000000000
86810  63.789  -12.160  21.402 0.0000000000
85644  63.171  -12.637  21.843 0.0000000000
85628  63.308  -12.132  22.920 0.0000000000
84434  61.709  -13.084  23.709 0.0000000000
84433  62.351  -12.677  23.938 0.0000000000
84422  61.949  -12.640  24.390 0.0000000000
84423  61.058  -13.125  24.532 0.0000000000
39623  29.800  -50.679  46.178 0.0000000000
38236  29.974  -52.204  46.896 0.0000000000
35668  29.973  -54.136  49.098 0.0000000000
36934  30.644  -52.754  48.018 0.0000000000
35667  30.568  -53.855  49.387 0.0000000000
35654  31.352  -53.392  49.961 0.0000000000
35655  30.918  -53.986  50.308 0.0000000000
31744  14.681  -56.738  52.217 0.0000000000
31745  13.785  -56.714  52.125 0.0000000000
30398  12.550  -57.649  53.896 0.0000000000
30397  13.378  -57.680  54.120 0.0000000000
28993  12.560  -58.422  55.414 0.0000000000
28977  12.630  -58.811  56.145 0.0000000000
28978  11.769  -58.710  56.015 0.0000000000
29036  10.550  -58.113  52.983 0.0000000000
30422  11.041  -57.693  52.572 0.0000000000
29017  9.846  -58.776  54.512 0.0000000000
81913  53.318  -15.937  29.698 0.0000000000
81914  52.322  -16.146  29.640 0.0000000000
79566  52.672  -17.766  30.447 0.0000000000
79565  53.575  -17.255  30.551 0.0000000000
79556  53.482  -17.869  30.954 0.0000000000
78418  54.253  -18.250  31.901 0.0000000000
78429  53.454  -18.432  31.345 0.0000000000
79569  49.801  -17.823  29.899 0.0000000000
79568  50.724  -17.736  30.014 0.0000000000
77314  53.181  -20.240  32.734 0.0000000000
78420  52.797  -19.471  31.677 0.0000000000
77313  53.782  -19.841  33.226 0.0000000000
77300  54.181  -20.041  33.841 0.0000000000
76169  54.353  -20.658  34.209 0.0000000000
74996  55.301  -21.279  34.965 0.0000000000
72714  55.365  -23.152  35.953 0.0000000000
73806  55.771  -22.624  36.072 0.0000000000
72687  56.094  -23.683  37.353 0.0000000000
72686  56.585  -23.374  37.778 0.0000000000
71551  56.250  -23.886  37.690 0.0000000000
67939  47.888  -27.636  35.720 0.0000000000
67912  47.761  -27.675  36.746 0.0000000000
67842  48.428  -27.516  39.553 0.0000000000
67860  48.555  -27.507  38.573 0.0000000000
67823  50.100  -27.269  40.142 0.0000000000
67809  50.203  -27.320  41.209 0.0000000000
67795  48.804  -27.614  42.374 0.0000000000
67777  49.202  -27.632  43.363 0.0000000000
67776  50.028  -27.445  43.808 0.0000000000
69123  50.616  -27.125  43.483 0.0000000000
69088  51.963  -26.886  44.658 0.0000000000
59155  41.613  -34.632  38.760 0.0000000000
59154  42.078  -34.048  39.199 0.0000000000
58043  41.866  -35.489  40.009 0.0000000000
83190  51.022  -15.214  28.400 0.0000000000
83204  51.361  -14.579  28.094 0.0000000000
83189  52.059  -14.892  28.454 0.0000000000
88991  58.240  -9.358  23.226 0.0000000000
27683  7.735  -60.372  47.494 0.0000000000
27698  7.641  -60.042  46.601 0.0000000000
26294  6.115  -61.538  47.933 0.0000000000
24883  6.586  -62.060  49.210 0.0000000000
24876  6.025  -62.413  49.635 0.0000000000
24866  6.161  -62.515  50.649 0.0000000000
23563  5.458  -62.824  50.134 0.0000000000
24900  4.459  -61.597  46.420 0.0000000000
24886  3.938  -62.375  47.623 0.0000000000
71640  45.733  -24.846  31.814 0.0000000000
71641  44.709  -24.972  31.596 0.0000000000
69273  43.272  -26.844  31.997 0.0000000000
69272  44.364  -26.834  32.235 0.0000000000
69271  45.389  -26.603  32.435 0.0000000000
69257  44.854  -27.271  32.660 0.0000000000
67986  45.751  -27.931  33.603 0.0000000000
67987  44.676  -28.006  33.177 0.0000000000
66766  43.838  -28.779  33.644 0.0000000000
66754  44.882  -28.735  34.760 0.0000000000
66729  45.019  -28.540  35.700 0.0000000000
66769  40.901  -29.086  33.309 0.0000000000
66757  42.067  -29.454  34.099 0.0000000000
66683  43.086  -28.872  36.673 0.0000000000
66702  43.342  -28.726  36.085 0.0000000000
66682  43.632  -28.859  36.861 0.0000000000
66681  44.429  -28.744  37.069 0.0000000000
67864  44.571  -28.555  38.575 0.0000000000
66658  45.817  -28.738  39.613 0.0000000000
67828  43.945  -28.547  40.569 0.0000000000
66648  44.890  -28.856  40.542 0.0000000000
66624  45.577  -28.989  42.335 0.0000000000
53535  31.797  -40.098  39.008 0.0000000000
53534  32.989  -39.704  38.782 0.0000000000
53517  32.669  -40.537  39.184 0.0000000000
51328  30.962  -42.593  40.635 0.0000000000
50136  34.227  -43.038  43.100 0.0000000000
51309  32.863  -42.815  41.552 0.0000000000
51308  34.280  -42.581  41.683 0.0000000000
52391  34.144  -41.880  41.333 0.0000000000
51295  34.828  -42.437  42.788 0.0000000000
51294  35.675  -41.986  43.249 0.0000000000
50135  35.150  -42.629  43.563 0.0000000000
48911  35.814  -44.378  45.913 0.0000000000
48928  36.252  -44.012  45.280 0.0000000000
47703  36.850  -44.668  46.485 0.0000000000
48894  37.758  -44.597  46.627 0.0000000000
47683  37.159  -45.015  47.080 0.0000000000
41031  30.495  -49.824  45.949 0.0000000000
42396  31.045  -48.915  45.693 0.0000000000
41030  31.510  -49.738  46.408 0.0000000000
41007  33.190  -49.476  47.436 0.0000000000
42394  32.421  -48.796  46.662 0.0000000000
43715  32.813  -48.288  46.812 0.0000000000
43732  32.958  -47.268  46.438 0.0000000000
43714  33.533  -47.819  46.919 0.0000000000
42355  35.831  -48.680  49.844 0.0000000000
40967  35.539  -49.225  49.753 0.0000000000
43676  35.275  -48.108  48.544 0.0000000000
43695  34.599  -47.803  47.758 0.0000000000
45073  35.324  -46.951  47.688 0.0000000000
46436  35.333  -46.268  46.983 0.0000000000
45072  36.175  -47.095  48.080 0.0000000000
46402  37.339  -46.823  49.134 0.0000000000
46401  37.846  -46.502  49.125 0.0000000000
29006  23.218  -59.606  53.825 0.0000000000
30487  22.512  -58.264  49.771 0.0000000000
30471  22.239  -58.504  50.380 0.0000000000
30454  21.294  -58.610  51.358 0.0000000000
30455  20.610  -58.603  51.688 0.0000000000
29052  20.785  -58.819  52.732 0.0000000000
30434  20.330  -58.742  52.345 0.0000000000
30435  19.766  -58.485  52.745 0.0000000000
33038  18.240  -56.449  49.173 0.0000000000
31775  18.082  -57.036  50.398 0.0000000000
31796  17.798  -56.742  49.888 0.0000000000
31758  17.446  -57.191  51.363 0.0000000000
33022  17.134  -56.469  49.849 0.0000000000
35764  18.862  -54.192  42.881 0.0000000000
35725  19.151  -54.693  44.629 0.0000000000
35745  18.065  -54.235  43.819 0.0000000000
36997  17.173  -52.858  42.943 0.0000000000
36998  16.399  -52.936  42.908 0.0000000000
35728  16.618  -54.119  45.223 0.0000000000
35746  17.105  -53.865  44.283 0.0000000000
35711  17.242  -54.538  45.775 0.0000000000
34384  17.363  -54.880  46.251 0.0000000000
34385  16.735  -54.772  46.454 0.0000000000
34367  15.883  -54.969  47.315 0.0000000000
34350  16.121  -55.294  48.102 0.0000000000
34337  16.030  -55.478  48.687 0.0000000000
34338  15.574  -55.484  48.644 0.0000000000
33025  14.958  -56.211  49.700 0.0000000000
33062  13.880  -55.615  47.997 0.0000000000
33044  13.351  -56.123  48.571 0.0000000000
34421  13.652  -54.838  43.887 0.0000000000
33102  12.584  -56.243  45.610 0.0000000000
33116  12.984  -55.518  44.667 0.0000000000
31834  12.277  -56.769  46.443 0.0000000000
31849  10.987  -57.515  46.426 0.0000000000
31861  10.619  -57.365  45.302 0.0000000000
31862  9.954  -57.635  44.924 0.0000000000
30548  9.487  -57.749  44.430 0.0000000000
30549  8.496  -58.172  44.420 0.0000000000
49020  27.350  -43.708  39.961 0.0000000000
50197  27.871  -43.028  40.208 0.0000000000
49019  27.889  -43.852  40.630 0.0000000000
47773  28.306  -45.108  41.522 0.0000000000
47790  27.708  -44.856  40.933 0.0000000000
46572  26.278  -45.038  39.466 0.0000000000
46551  26.383  -45.670  39.969 0.0000000000
42455  27.189  -48.331  42.465 0.0000000000
45195  27.165  -46.890  41.325 0.0000000000
43803  27.652  -47.751  42.437 0.0000000000
43789  28.241  -47.709  42.836 0.0000000000
42425  28.107  -48.824  43.805 0.0000000000
41054  28.489  -49.622  44.817 0.0000000000
41055  27.884  -50.104  44.552 0.0000000000
36968  27.061  -52.213  45.649 0.0000000000
36957  27.581  -52.532  46.135 0.0000000000
35707  27.621  -53.110  46.549 0.0000000000
34361  28.026  -54.545  47.788 0.0000000000
33072  27.302  -55.180  47.811 0.0000000000
35710  25.577  -54.030  45.910 0.0000000000
35723  25.686  -53.384  45.652 0.0000000000
34379  25.895  -54.677  46.400 0.0000000000
30469  26.165  -57.524  50.304 0.0000000000
31789  26.443  -56.625  48.970 0.0000000000
31771  26.637  -56.964  50.216 0.0000000000
31788  27.065  -56.349  49.692 0.0000000000
31755  26.936  -57.021  51.271 0.0000000000
30432  26.476  -57.497  52.006 0.0000000000
29028  24.411  -58.860  53.249 0.0000000000
27581  24.989  -59.358  54.217 0.0000000000
26205  23.116  -60.387  54.265 0.0000000000
30374  14.771  -58.270  55.242 0.0000000000
30395  15.351  -57.984  54.639 0.0000000000
28990  15.199  -58.577  55.518 0.0000000000
26279  7.476  -60.805  49.990 0.0000000000
27650  8.186  -60.236  49.526 0.0000000000
26266  7.400  -60.894  50.873 0.0000000000
26227  6.323  -61.180  53.772 0.0000000000
26226  6.824  -60.834  53.532 0.0000000000
26213  6.776  -60.779  54.354 0.0000000000
27598  7.310  -60.368  54.141 0.0000000000
83121  59.623  -14.818  34.288 0.0000000000
83129  59.908  -14.204  33.977 0.0000000000
78365  60.566  -18.187  35.539 0.0000000000
80676  54.899  -16.970  31.645 0.0000000000
80675  55.553  -16.461  32.079 0.0000000000
80668  55.259  -16.901  32.220 0.0000000000
78367  57.749  -18.647  35.569 0.0000000000
78366  58.507  -18.747  36.115 0.0000000000
79489  58.974  -18.391  36.223 0.0000000000
78355  59.026  -18.790  36.717 0.0000000000
74953  59.280  -21.388  38.669 0.0000000000
76133  58.375  -20.418  37.491 0.0000000000
74943  59.709  -21.765  39.219 0.0000000000
74941  60.132  -21.883  39.147 0.0000000000
73779  60.250  -22.207  38.600 0.0000000000
76122  60.207  -20.702  38.177 0.0000000000
73780  60.112  -22.747  38.368 0.0000000000
73794  60.377  -21.913  37.984 0.0000000000
77351  47.510  -20.027  30.727 0.0000000000
78435  47.432  -19.455  30.474 0.0000000000
76216  48.945  -20.754  31.140 0.0000000000
76215  49.784  -20.853  31.435 0.0000000000
75047  49.233  -21.210  31.443 0.0000000000
72748  49.524  -23.943  32.577 0.0000000000
73862  48.914  -22.868  31.989 0.0000000000
72765  49.199  -23.404  32.264 0.0000000000
71604  52.161  -24.702  33.983 0.0000000000
72729  51.594  -23.757  33.542 0.0000000000
73829  51.708  -23.000  33.185 0.0000000000
72728  52.674  -23.665  34.063 0.0000000000
72727  53.559  -23.740  34.397 0.0000000000
71586  54.157  -24.579  35.315 0.0000000000
70411  55.691  -24.991  38.285 0.0000000000
70399  56.154  -24.769  39.056 0.0000000000
71528  56.286  -24.660  39.714 0.0000000000
67911  48.751  -27.518  36.582 0.0000000000
67882  50.307  -27.282  37.257 0.0000000000
69169  52.474  -26.901  38.272 0.0000000000
70371  55.154  -25.834  42.557 0.0000000000
69119  54.166  -26.536  41.910 0.0000000000
70391  54.640  -26.117  40.503 0.0000000000
70401  54.848  -25.977  39.662 0.0000000000
67920  38.350  -27.669  36.431 0.0000000000
67919  39.564  -27.816  36.378 0.0000000000
67851  39.318  -28.131  39.266 0.0000000000
67849  41.190  -27.855  39.646 0.0000000000
67848  42.209  -27.870  39.656 0.0000000000
67780  43.933  -28.760  43.588 0.0000000000
67798  43.605  -28.568  42.681 0.0000000000
66593  44.386  -28.816  44.289 0.0000000000
53479  37.314  -39.298  42.618 0.0000000000
54634  36.282  -38.854  41.368 0.0000000000
55760  36.921  -38.482  42.029 0.0000000000
55767  38.170  -37.640  42.175 0.0000000000
55780  37.277  -37.485  40.946 0.0000000000
56941  37.467  -37.181  40.415 0.0000000000
56940  38.526  -36.582  40.304 0.0000000000
56929  39.556  -36.892  41.346 0.0000000000
56902  41.616  -37.058  43.104 0.0000000000
56916  41.739  -36.964  41.926 0.0000000000
56915  42.471  -36.376  41.715 0.0000000000
56901  42.701  -36.593  42.883 0.0000000000
47654  41.429  -44.387  49.081 0.0000000000
48864  41.647  -43.396  49.807 0.0000000000
51212  41.100  -41.157  49.762 0.0000000000
50055  41.223  -41.887  49.652 0.0000000000
51235  40.556  -40.851  48.476 0.0000000000
52317  40.599  -40.555  47.589 0.0000000000
53439  40.122  -39.239  47.157 0.0000000000
55689  42.069  -38.088  48.316 0.0000000000
55690  41.219  -38.281  48.320 0.0000000000
55707  41.301  -37.928  47.303 0.0000000000
55723  39.893  -37.995  46.748 0.0000000000
55722  40.526  -37.708  46.302 0.0000000000
56870  41.001  -37.489  45.763 0.0000000000
55720  42.655  -37.756  46.131 0.0000000000
56868  44.477  -36.332  46.202 0.0000000000
56869  44.183  -36.792  45.767 0.0000000000
56877  44.008  -36.413  45.205 0.0000000000
58008  43.973  -35.582  44.337 0.0000000000
60248  43.814  -33.834  43.289 0.0000000000
59100  44.257  -34.516  44.817 0.0000000000
60220  44.526  -33.834  46.575 0.0000000000
60234  44.321  -33.504  45.695 0.0000000000
60221  44.278  -33.034  46.859 0.0000000000
61422  43.789  -31.725  45.367 0.0000000000
61408  43.931  -32.187  46.314 0.0000000000
59024  44.909  -34.736  49.745 0.0000000000
61375  44.893  -33.113  49.315 0.0000000000
62619  44.350  -31.628  48.216 0.0000000000
62632  44.016  -31.511  47.265 0.0000000000
63953  44.423  -30.894  47.858 0.0000000000
65352  44.078  -30.181  46.429 0.0000000000
65316  44.514  -30.525  48.079 0.0000000000
88982  57.081  -9.258  24.071 0.0000000000
85603  52.051  -11.995  25.778 0.0000000000
87905  51.858  -10.997  26.083 0.0000000000
86780  52.570  -11.648  25.569 0.0000000000
85623  56.578  -12.287  23.424 0.0000000000
87914  56.575  -10.829  23.481 0.0000000000
84438  57.632  -13.169  23.634 0.0000000000
84411  58.969  -13.589  25.282 0.0000000000
84399  59.302  -13.054  25.964 0.0000000000
85599  60.071  -12.860  25.746 0.0000000000
85572  55.854  -12.627  27.448 0.0000000000
85588  56.566  -13.130  26.762 0.0000000000
87870  58.562  -11.039  28.649 0.0000000000
87883  58.207  -11.256  28.129 0.0000000000
87882  58.983  -11.160  28.125 0.0000000000
86752  59.381  -11.446  27.605 0.0000000000
87881  59.926  -11.176  28.124 0.0000000000
87867  61.414  -10.683  28.474 0.0000000000
87868  60.516  -10.962  28.598 0.0000000000
86718  61.587  -11.651  30.664 0.0000000000
86874  63.083  -11.264  18.932 0.0000000000
86851  63.569  -11.679  19.408 0.0000000000
26202  25.637  -59.724  54.099 0.0000000000
29140  10.126  -58.589  48.064 0.0000000000
29104  10.093  -58.506  49.428 0.0000000000
29122  9.784  -58.830  48.583 0.0000000000
29105  9.196  -59.134  49.459 0.0000000000
27625  8.518  -59.470  51.232 0.0000000000
66590  47.270  -28.731  43.824 0.0000000000
49000  29.163  -43.929  41.349 0.0000000000
50157  29.838  -43.829  41.436 0.0000000000
47741  30.696  -45.809  43.552 0.0000000000
46485  30.828  -46.236  43.963 0.0000000000
34397  23.664  -55.379  44.810 0.0000000000
33112  23.106  -55.852  45.554 0.0000000000
34398  22.664  -55.458  44.799 0.0000000000
34416  22.278  -54.774  44.161 0.0000000000
34431  21.341  -54.622  43.661 0.0000000000
38331  23.475  -51.857  41.058 0.0000000000
37010  24.098  -52.463  42.190 0.0000000000
35759  24.164  -53.468  43.805 0.0000000000
35740  23.777  -54.160  44.039 0.0000000000
30415  17.606  -58.206  53.766 0.0000000000
30393  17.170  -58.534  54.469 0.0000000000
29013  16.785  -58.773  54.982 0.0000000000
84354  55.928  -14.103  29.768 0.0000000000
83177  56.773  -14.517  30.820 0.0000000000
81902  56.428  -15.319  31.213 0.0000000000
81891  56.615  -15.699  32.375 0.0000000000
72664  57.560  -23.026  39.179 0.0000000000
73766  58.104  -22.731  39.605 0.0000000000
73751  58.065  -23.004  40.143 0.0000000000
70491  47.022  -25.300  32.293 0.0000000000
69253  49.164  -26.648  33.542 0.0000000000
69226  49.588  -27.073  34.994 0.0000000000
62781  41.246  -31.223  39.125 0.0000000000
64108  40.760  -30.644  39.454 0.0000000000
64109  40.367  -30.028  39.702 0.0000000000
62745  41.473  -30.878  40.464 0.0000000000
61456  42.729  -31.668  41.763 0.0000000000
62728  42.753  -31.464  42.110 0.0000000000
48908  38.544  -44.166  46.298 0.0000000000
48925  38.863  -43.549  45.572 0.0000000000
48907  39.472  -43.798  46.081 0.0000000000
47679  40.774  -43.935  46.877 0.0000000000
48880  41.254  -43.325  47.239 0.0000000000
84377  52.263  -13.934  27.775 0.0000000000
85560  53.957  -13.305  28.078 0.0000000000
85559  54.783  -12.939  28.342 0.0000000000
85553  54.219  -13.389  28.537 0.0000000000
84364  55.553  -13.632  29.392 0.0000000000
85665  60.586  -12.402  20.749 0.0000000000
85629  62.350  -12.875  22.723 0.0000000000
84463  61.190  -13.186  22.099 0.0000000000
84448  60.427  -13.190  22.655 0.0000000000
35692  29.011  -53.800  47.539 0.0000000000
36945  29.567  -52.918  47.256 0.0000000000
35681  29.251  -54.210  48.110 0.0000000000
34345  29.716  -54.303  48.957 0.0000000000
34334  29.779  -54.655  49.752 0.0000000000
31780  13.363  -56.556  49.938 0.0000000000
31731  13.260  -57.007  52.720 0.0000000000
31746  12.843  -56.860  52.105 0.0000000000
30440  12.127  -57.165  52.388 0.0000000000
30399  11.708  -57.766  53.709 0.0000000000
29018  9.174  -59.196  54.879 0.0000000000
28996  9.615  -58.982  55.461 0.0000000000
81915  51.395  -16.368  29.562 0.0000000000
79567  51.646  -17.666  30.159 0.0000000000
78431  51.076  -19.166  30.863 0.0000000000
77347  51.677  -19.773  31.355 0.0000000000
76183  53.250  -20.754  33.148 0.0000000000
74997  54.583  -21.535  34.623 0.0000000000
74998  53.858  -21.562  34.041 0.0000000000
73815  54.415  -22.678  34.893 0.0000000000
72715  54.790  -23.642  35.699 0.0000000000
67913  46.878  -27.884  36.946 0.0000000000
27713  6.724  -59.723  45.270 0.0000000000
27699  6.766  -60.229  46.179 0.0000000000
26304  5.846  -61.436  47.045 0.0000000000
24892  5.445  -61.884  47.757 0.0000000000
67988  43.673  -28.237  32.976 0.0000000000
66733  41.486  -28.996  34.771 0.0000000000
66732  42.254  -29.032  35.111 0.0000000000
67916  42.732  -28.857  36.428 0.0000000000
52446  31.317  -40.611  39.312 0.0000000000
50138  32.176  -43.866  42.520 0.0000000000
50154  32.416  -43.262  42.163 0.0000000000
50137  33.162  -43.797  42.958 0.0000000000
50124  33.937  -43.748  43.722 0.0000000000
50123  34.813  -43.345  44.239 0.0000000000
50107  35.147  -43.819  44.713 0.0000000000
48912  35.233  -44.519  45.559 0.0000000000
39586  31.919  -51.133  47.636 0.0000000000
39604  32.140  -50.429  47.311 0.0000000000
39585  32.403  -50.710  47.704 0.0000000000
39584  33.239  -50.532  48.188 0.0000000000
39566  33.817  -50.522  48.728 0.0000000000
42343  35.645  -49.336  50.900 0.0000000000
43674  36.694  -47.615  49.652 0.0000000000
29050  22.598  -59.151  52.476 0.0000000000
31833  21.036  -56.829  47.995 0.0000000000
31792  20.856  -56.986  48.988 0.0000000000
31793  20.268  -56.964  49.311 0.0000000000
31773  19.813  -57.234  49.860 0.0000000000
30474  19.401  -57.455  50.850 0.0000000000
31794  19.409  -56.871  49.511 0.0000000000
36996  17.934  -53.062  42.514 0.0000000000
36982  16.083  -53.571  43.544 0.0000000000
35713  16.208  -54.397  45.965 0.0000000000
35696  15.811  -54.747  46.601 0.0000000000
34368  15.244  -55.124  47.102 0.0000000000
34352  14.639  -55.400  47.766 0.0000000000
34387  14.256  -55.373  46.077 0.0000000000
33117  12.033  -56.051  44.648 0.0000000000
31859  12.095  -56.433  45.198 0.0000000000
31869  11.415  -56.581  44.297 0.0000000000
43825  26.309  -48.000  41.032 0.0000000000
43844  26.521  -47.405  40.990 0.0000000000
42456  26.646  -48.604  42.063 0.0000000000
42439  26.903  -48.821  42.747 0.0000000000
41090  27.313  -49.298  43.440 0.0000000000
39658  27.594  -50.345  44.393 0.0000000000
39644  27.113  -51.154  44.776 0.0000000000
38266  26.969  -51.618  45.192 0.0000000000
36958  26.692  -52.788  45.999 0.0000000000
31828  25.369  -56.291  47.199 0.0000000000
31809  25.656  -56.589  47.907 0.0000000000
31790  25.444  -57.334  48.960 0.0000000000
30453  26.031  -58.037  50.678 0.0000000000
30433  25.983  -58.095  51.549 0.0000000000
29047  25.266  -58.535  51.983 0.0000000000
24853  6.463  -62.204  51.390 0.0000000000
26253  6.915  -61.432  51.591 0.0000000000
81842  59.580  -16.008  35.101 0.0000000000
81841  60.266  -15.951  34.987 0.0000000000
77278  60.383  -19.452  36.199 0.0000000000
74972  60.092  -21.440  36.879 0.0000000000
79528  55.462  -17.580  33.072 0.0000000000
79518  55.565  -18.007  33.680 0.0000000000
78368  56.909  -18.626  35.088 0.0000000000
77281  57.859  -19.529  36.065 0.0000000000
72643  59.843  -22.861  39.510 0.0000000000
76217  48.007  -20.776  31.179 0.0000000000
70462  51.759  -25.702  33.941 0.0000000000
71617  50.583  -24.804  33.394 0.0000000000
69232  52.811  -25.912  34.706 0.0000000000
70452  53.722  -25.468  35.522 0.0000000000
70442  54.297  -25.537  36.275 0.0000000000
69207  54.097  -26.000  36.413 0.0000000000
70412  55.032  -25.851  38.550 0.0000000000
69171  50.485  -27.129  38.679 0.0000000000
69192  50.185  -26.973  37.866 0.0000000000
69159  51.474  -27.023  39.582 0.0000000000
69145  52.345  -27.082  40.366 0.0000000000
70382  55.412  -25.393  41.858 0.0000000000
67850  40.217  -27.844  39.573 0.0000000000
67799  42.767  -27.981  42.514 0.0000000000
67781  43.361  -28.732  43.135 0.0000000000
66594  43.854  -28.952  44.369 0.0000000000
54606  38.109  -38.772  43.181 0.0000000000
54621  37.645  -38.583  42.717 0.0000000000
55749  38.524  -38.214  43.560 0.0000000000
55758  38.019  -37.778  42.604 0.0000000000
56918  39.602  -37.355  42.497 0.0000000000
56903  40.621  -37.407  43.336 0.0000000000
56890  41.488  -37.442  44.108 0.0000000000
48854  41.947  -43.091  50.593 0.0000000000
50041  41.247  -41.800  50.232 0.0000000000
52306  40.743  -40.620  49.410 0.0000000000
55705  43.428  -37.632  46.969 0.0000000000
57999  44.541  -35.362  45.998 0.0000000000
59092  44.476  -34.578  45.672 0.0000000000
57986  44.742  -35.314  46.968 0.0000000000
59077  44.677  -34.344  47.033 0.0000000000
59061  44.789  -34.509  47.808 0.0000000000
85612  55.826  -12.706  23.932 0.0000000000
84426  57.430  -13.461  24.243 0.0000000000
86742  56.576  -11.866  28.368 0.0000000000
86741  57.060  -11.607  28.276 0.0000000000
87872  57.140  -11.719  28.525 0.0000000000
87858  58.151  -11.220  29.074 0.0000000000
87857  59.156  -11.058  29.215 0.0000000000
87856  60.195  -11.130  29.235 0.0000000000
86731  59.982  -11.485  29.803 0.0000000000
86827  64.192  -12.066  20.194 0.0000000000
86786  63.165  -11.296  24.573 0.0000000000
87900  63.461  -10.707  25.945 0.0000000000
87877  63.308  -10.703  27.287 0.0000000000
31754  27.605  -56.599  51.527 0.0000000000
31739  27.737  -56.637  52.480 0.0000000000
31726  27.857  -56.819  53.217 0.0000000000
27592  26.519  -59.434  53.884 0.0000000000
31799  11.470  -57.433  49.488 0.0000000000
30475  11.054  -57.665  50.377 0.0000000000
30443  10.415  -57.943  51.752 0.0000000000
29055  9.928  -58.389  52.160 0.0000000000
29070  9.558  -58.400  51.122 0.0000000000
29038  9.217  -59.131  53.871 0.0000000000
27577  7.909  -60.115  55.486 0.0000000000
78432  49.999  -19.346  30.608 0.0000000000
77348  50.615  -20.189  31.253 0.0000000000
76201  50.925  -20.917  31.883 0.0000000000
67844  46.880  -28.226  39.842 0.0000000000
67826  47.427  -27.926  40.650 0.0000000000
67796  47.999  -27.686  42.284 0.0000000000
67778  48.363  -27.901  43.031 0.0000000000
66589  47.991  -28.393  43.513 0.0000000000
67760  48.697  -28.155  43.951 0.0000000000
26319  5.054  -60.725  45.201 0.0000000000
26325  4.708  -60.685  44.349 0.0000000000
24901  3.804  -62.045  46.169 0.0000000000
24912  3.137  -62.265  45.030 0.0000000000
24902  3.130  -62.374  45.810 0.0000000000
24895  3.090  -62.393  46.500 0.0000000000
23583  2.630  -62.835  47.122 0.0000000000
66734  40.823  -28.882  34.657 0.0000000000
67918  40.707  -28.262  36.366 0.0000000000
51329  29.947  -42.500  41.035 0.0000000000
51311  30.710  -43.186  41.064 0.0000000000
50156  30.272  -43.486  41.439 0.0000000000
48978  30.705  -43.935  42.074 0.0000000000
50139  31.668  -43.983  42.459 0.0000000000
48944  32.090  -44.393  43.467 0.0000000000
47721  32.801  -45.232  45.027 0.0000000000
46466  33.329  -45.708  45.461 0.0000000000
29098  24.247  -58.380  49.534 0.0000000000
29083  23.593  -58.754  50.658 0.0000000000
30486  23.573  -58.167  49.177 0.0000000000
30504  22.937  -57.746  48.719 0.0000000000
31812  22.307  -57.326  48.103 0.0000000000
33096  22.549  -56.362  46.417 0.0000000000
33078  21.887  -56.529  46.999 0.0000000000
31832  21.647  -56.866  47.689 0.0000000000
33079  20.716  -56.416  47.505 0.0000000000
33098  20.253  -55.738  46.465 0.0000000000
34382  19.636  -55.280  46.035 0.0000000000
35766  15.301  -53.822  43.621 0.0000000000
35750  14.234  -54.179  43.864 0.0000000000
41119  25.018  -50.094  40.907 0.0000000000
39683  25.209  -50.776  42.301 0.0000000000
38309  25.462  -51.143  42.920 0.0000000000
38294  25.815  -51.478  43.584 0.0000000000
38282  25.535  -52.105  43.906 0.0000000000
34380  25.233  -54.800  45.807 0.0000000000
33075  25.073  -56.038  46.739 0.0000000000
31829  24.820  -56.650  47.226 0.0000000000
30485  24.356  -57.925  48.893 0.0000000000
84340  58.932  -13.297  31.635 0.0000000000
84325  58.580  -13.902  32.731 0.0000000000
83130  59.008  -14.628  33.699 0.0000000000
83166  57.522  -14.482  32.095 0.0000000000
83131  58.235  -14.872  33.388 0.0000000000
81843  59.099  -16.177  35.000 0.0000000000
79500  59.782  -17.435  35.874 0.0000000000
76153  56.708  -20.636  35.690 0.0000000000
76143  57.536  -20.523  36.586 0.0000000000
74974  57.438  -21.243  37.097 0.0000000000
74954  58.449  -21.615  38.354 0.0000000000
73749  59.281  -22.862  39.885 0.0000000000
73873  46.712  -22.659  31.244 0.0000000000
72766  48.536  -23.880  32.119 0.0000000000
72749  48.897  -24.349  32.448 0.0000000000
71620  48.232  -25.261  32.598 0.0000000000
70471  49.660  -25.810  33.281 0.0000000000
70470  50.193  -25.298  33.332 0.0000000000
69224  52.015  -26.804  35.260 0.0000000000
69189  52.619  -27.005  37.201 0.0000000000
69105  52.258  -27.037  43.591 0.0000000000
67791  52.830  -27.375  42.892 0.0000000000
67895  37.074  -27.986  37.302 0.0000000000
67871  37.637  -28.065  37.717 0.0000000000
67852  38.675  -28.167  38.808 0.0000000000
67833  39.851  -28.390  39.734 0.0000000000
64092  40.574  -29.800  40.175 0.0000000000
66650  40.051  -28.820  39.898 0.0000000000
66639  41.092  -28.908  41.041 0.0000000000
66627  41.444  -29.061  41.355 0.0000000000
66626  41.733  -28.791  41.705 0.0000000000
65389  43.186  -30.044  43.871 0.0000000000
52389  35.639  -41.139  41.810 0.0000000000
52402  36.021  -40.344  41.623 0.0000000000
52374  36.878  -41.068  42.609 0.0000000000
52373  37.311  -40.720  42.743 0.0000000000
52372  38.052  -40.460  43.409 0.0000000000
50118  39.551  -42.499  44.974 0.0000000000
52359  39.335  -41.246  44.585 0.0000000000
52360  38.796  -40.515  44.240 0.0000000000
53466  38.772  -39.521  44.399 0.0000000000
53458  39.183  -39.468  45.460 0.0000000000
54590  39.071  -38.628  45.659 0.0000000000
85593  51.056  -11.926  26.485 0.0000000000
85575  52.601  -13.625  27.160 0.0000000000
85591  52.532  -13.120  26.500 0.0000000000
84406  52.900  -13.027  26.148 0.0000000000
84417  53.104  -13.066  25.993 0.0000000000
84404  54.151  -13.728  26.279 0.0000000000
86756  55.906  -12.037  27.926 0.0000000000
86757  55.482  -12.015  27.872 0.0000000000
86743  55.867  -12.149  28.317 0.0000000000
86734  56.600  -12.106  28.831 0.0000000000
85541  58.065  -12.681  30.387 0.0000000000
87981  61.597  -10.747  19.182 0.0000000000
86830  61.075  -12.030  20.146 0.0000000000
86829  62.051  -12.114  20.079 0.0000000000
86828  63.321  -12.154  20.323 0.0000000000
86793  63.797  -11.617  23.436 0.0000000000
86794  63.450  -11.439  24.014 0.0000000000
85618  62.961  -12.042  23.739 0.0000000000
85596  62.379  -11.490  25.228 0.0000000000
85597  61.983  -11.713  25.407 0.0000000000
86776  61.747  -11.292  25.977 0.0000000000
42411  29.175  -48.914  44.685 0.0000000000
42410  29.837  -48.709  45.016 0.0000000000
38250  30.853  -51.273  46.802 0.0000000000
36944  30.248  -52.568  47.404 0.0000000000
38235  30.985  -51.765  47.313 0.0000000000
38218  31.235  -52.224  48.025 0.0000000000
36933  31.397  -52.675  48.631 0.0000000000
36919  31.834  -52.653  49.551 0.0000000000
33020  28.904  -55.797  51.127 0.0000000000
33011  28.991  -55.791  52.096 0.0000000000
33019  29.510  -55.406  51.521 0.0000000000
33002  29.609  -55.250  52.927 0.0000000000
34313  30.090  -54.957  51.909 0.0000000000
31760  15.392  -56.635  51.434 0.0000000000
30439  15.576  -57.328  52.855 0.0000000000
31729  14.829  -57.221  52.844 0.0000000000
30396  14.307  -57.741  54.304 0.0000000000
30419  13.294  -57.384  53.348 0.0000000000
28976  13.504  -58.897  56.074 0.0000000000
30441  11.559  -57.306  52.011 0.0000000000
30400  11.134  -57.833  53.267 0.0000000000
28994  11.551  -58.304  55.030 0.0000000000
28995  10.451  -58.615  55.199 0.0000000000
28979  10.916  -58.748  55.868 0.0000000000
81922  53.582  -15.112  29.396 0.0000000000
81912  54.457  -15.571  29.830 0.0000000000
79564  54.084  -16.970  30.625 0.0000000000
80687  52.970  -16.771  30.074 0.0000000000
79555  54.237  -17.450  31.190 0.0000000000
79529  54.785  -18.015  32.553 0.0000000000
78385  54.711  -19.112  33.758 0.0000000000
78443  52.048  -18.209  30.459 0.0000000000
78430  52.413  -18.855  31.093 0.0000000000
78419  53.500  -19.181  32.029 0.0000000000
78399  53.752  -19.319  32.795 0.0000000000
77299  54.777  -19.701  34.169 0.0000000000
76154  55.836  -20.617  35.101 0.0000000000
74982  56.541  -21.427  36.020 0.0000000000
73797  56.878  -22.443  37.517 0.0000000000
74984  55.062  -21.953  35.121 0.0000000000
73805  56.320  -22.624  36.654 0.0000000000
73783  57.003  -22.851  38.120 0.0000000000
72665  57.012  -23.309  38.616 0.0000000000
72645  57.194  -23.450  39.312 0.0000000000
71517  57.306  -23.794  40.075 0.0000000000
67985  46.879  -27.703  33.834 0.0000000000
67964  48.201  -27.610  34.750 0.0000000000
67859  49.562  -27.177  38.472 0.0000000000
67840  50.066  -27.248  39.215 0.0000000000
69147  50.750  -27.091  40.750 0.0000000000
67793  50.704  -27.443  41.886 0.0000000000
69122  51.176  -27.183  42.799 0.0000000000
60298  41.984  -33.224  38.637 0.0000000000
59153  42.668  -33.925  39.875 0.0000000000
59139  43.072  -34.227  40.691 0.0000000000
46386  40.332  -46.175  49.791 0.0000000000
46398  40.501  -45.685  48.986 0.0000000000
46377  41.365  -45.721  50.312 0.0000000000
84391  51.061  -13.249  27.182 0.0000000000
84379  50.019  -13.812  27.605 0.0000000000
84378  51.379  -13.915  27.632 0.0000000000
83188  53.065  -14.606  28.855 0.0000000000
87923  58.310  -10.504  22.283 0.0000000000
87912  58.048  -10.185  23.016 0.0000000000
29160  8.868  -59.364  46.423 0.0000000000
27682  8.492  -59.813  47.879 0.0000000000
27697  8.399  -59.849  46.958 0.0000000000
26292  7.756  -61.114  49.011 0.0000000000
26280  7.127  -61.533  49.519 0.0000000000
26303  6.811  -61.002  47.550 0.0000000000
26293  6.867  -61.556  48.532 0.0000000000
24865  6.830  -62.030  50.830 0.0000000000
24854  5.693  -62.571  51.652 0.0000000000
26312  4.986  -60.921  46.030 0.0000000000
24893  4.754  -61.954  47.127 0.0000000000
23564  4.761  -63.099  49.693 0.0000000000
23554  4.932  -63.282  50.552 0.0000000000
23541  5.085  -63.080  51.523 0.0000000000
70493  45.073  -25.779  32.108 0.0000000000
69270  46.113  -26.642  32.606 0.0000000000
66764  45.516  -28.484  34.272 0.0000000000
66752  46.384  -28.170  35.550 0.0000000000
66728  45.972  -28.260  36.095 0.0000000000
67914  45.970  -27.943  36.975 0.0000000000
67887  45.832  -27.984  37.914 0.0000000000
66768  41.777  -29.048  33.225 0.0000000000
66731  43.202  -28.990  35.216 0.0000000000
66730  44.082  -28.768  35.415 0.0000000000
67915  45.513  -28.184  37.346 0.0000000000
66669  46.198  -28.527  39.213 0.0000000000
66635  46.442  -28.678  41.186 0.0000000000
66659  45.146  -28.874  39.858 0.0000000000
66609  46.447  -28.766  43.099 0.0000000000
66591  46.371  -28.843  44.120 0.0000000000
66574  46.264  -29.206  45.143 0.0000000000
53556  32.702  -39.207  38.547 0.0000000000
53516  33.695  -39.971  39.608 0.0000000000
52420  34.245  -40.641  40.158 0.0000000000
53519  29.919  -40.543  39.382 0.0000000000
52423  30.676  -40.853  39.855 0.0000000000
52422  31.943  -41.021  39.622 0.0000000000
52405  32.692  -41.895  40.143 0.0000000000
52390  34.701  -41.619  41.466 0.0000000000
52403  35.125  -40.777  40.837 0.0000000000
51306  36.108  -41.434  42.509 0.0000000000
51278  36.395  -42.171  43.725 0.0000000000
50121  36.908  -42.606  44.317 0.0000000000
50106  35.689  -43.567  44.667 0.0000000000
50105  36.508  -43.207  44.851 0.0000000000
48926  37.947  -43.662  45.538 0.0000000000
48893  38.366  -44.652  46.744 0.0000000000
47682  38.162  -44.988  47.158 0.0000000000
46417  38.731  -45.890  48.405 0.0000000000
43755  30.668  -47.906  45.020 0.0000000000
45120  31.029  -47.182  44.630 0.0000000000
45119  31.714  -47.022  44.932 0.0000000000
41029  32.041  -49.281  46.562 0.0000000000
42395  31.774  -48.705  46.274 0.0000000000
45103  32.065  -47.192  45.674 0.0000000000
45102  32.626  -46.774  45.994 0.0000000000
46453  33.136  -46.210  45.898 0.0000000000
46452  33.934  -45.996  46.096 0.0000000000
39555  33.882  -50.736  49.482 0.0000000000
40969  34.358  -50.001  48.666 0.0000000000
40968  34.950  -49.658  49.241 0.0000000000
42370  34.350  -48.864  47.827 0.0000000000
43713  34.225  -47.344  47.109 0.0000000000
45089  34.023  -46.837  46.730 0.0000000000
46451  34.718  -45.838  46.346 0.0000000000
47685  35.933  -46.008  46.912 0.0000000000
47684  36.427  -45.698  47.305 0.0000000000
45060  36.671  -47.120  48.803 0.0000000000
46420  36.485  -46.287  48.337 0.0000000000
47667  36.723  -45.873  48.111 0.0000000000
46418  37.811  -46.012  48.492 0.0000000000
46400  38.601  -46.327  49.099 0.0000000000
46399  39.539  -46.081  49.080 0.0000000000
26218  24.456  -60.557  53.701 0.0000000000
26204  23.822  -60.201  54.070 0.0000000000
27583  22.921  -59.854  54.364 0.0000000000
27569  22.771  -59.912  54.633 0.0000000000
27584  22.247  -59.834  54.528 0.0000000000
29008  21.536  -59.561  54.148 0.0000000000
29084  22.666  -58.719  50.724 0.0000000000
29068  21.715  -58.823  51.707 0.0000000000
30472  21.579  -58.439  50.723 0.0000000000
29051  21.731  -58.967  52.645 0.0000000000
29032  20.810  -59.103  53.633 0.0000000000
29033  19.975  -58.918  53.732 0.0000000000
31756  19.133  -57.296  51.004 0.0000000000
31757  18.557  -57.251  51.113 0.0000000000
30458  17.493  -57.422  51.927 0.0000000000
31741  17.221  -57.324  51.991 0.0000000000
31759  16.392  -56.849  51.368 0.0000000000
35779  21.158  -54.013  42.154 0.0000000000
35762  21.357  -54.452  43.123 0.0000000000
35743  20.507  -54.678  43.661 0.0000000000
34418  19.992  -54.893  44.453 0.0000000000
34401  19.233  -54.903  45.207 0.0000000000
36980  17.547  -53.419  43.397 0.0000000000
34402  18.063  -54.954  45.484 0.0000000000
34383  18.498  -55.177  46.400 0.0000000000
34364  18.282  -55.323  47.059 0.0000000000
33082  17.712  -55.514  47.748 0.0000000000
33059  17.478  -55.745  48.302 0.0000000000
34366  16.669  -55.039  47.148 0.0000000000
34349  16.952  -55.254  48.015 0.0000000000
33060  16.779  -55.551  48.379 0.0000000000
33040  16.495  -55.959  48.899 0.0000000000
31777  16.076  -56.573  50.536 0.0000000000
31778  15.140  -56.459  50.550 0.0000000000
31779  14.287  -56.476  50.407 0.0000000000
33026  14.255  -56.213  49.593 0.0000000000
33061  14.482  -55.590  48.389 0.0000000000
31797  13.302  -56.328  49.103 0.0000000000
31798  12.610  -56.637  48.876 0.0000000000
33101  13.455  -55.796  45.863 0.0000000000
31818  11.783  -57.257  48.173 0.0000000000
31836  11.106  -57.594  47.468 0.0000000000
31848  11.600  -57.180  45.948 0.0000000000
30526  10.430  -57.887  46.744 0.0000000000
29175  9.264  -59.059  45.963 0.0000000000
29176  8.541  -59.078  45.616 0.0000000000
29195  8.124  -58.607  45.021 0.0000000000
29177  7.536  -59.055  45.198 0.0000000000
29196  7.488  -58.566  44.509 0.0000000000
29178  6.862  -59.004  44.834 0.0000000000
29197  6.560  -58.796  44.160 0.0000000000
52425  28.834  -41.481  39.220 0.0000000000
51348  28.741  -42.266  39.867 0.0000000000
51331  28.491  -42.703  40.163 0.0000000000
50178  28.619  -43.315  40.613 0.0000000000
47772  28.926  -45.402  41.859 0.0000000000
45173  28.773  -46.630  42.544 0.0000000000
47810  26.752  -44.546  39.810 0.0000000000
47791  27.010  -45.022  40.440 0.0000000000
46531  27.785  -45.877  41.289 0.0000000000
45174  28.199  -46.867  42.287 0.0000000000
45157  28.594  -47.088  42.807 0.0000000000
43775  28.983  -47.633  43.652 0.0000000000
42424  28.789  -48.549  44.149 0.0000000000
41033  28.708  -50.081  45.361 0.0000000000
39624  28.647  -50.751  45.728 0.0000000000
39643  27.721  -50.711  45.071 0.0000000000
38253  28.250  -51.755  45.924 0.0000000000
36946  28.763  -52.855  46.827 0.0000000000
34347  28.452  -54.858  48.422 0.0000000000
33036  27.789  -55.814  49.681 0.0000000000
36959  26.062  -52.906  45.725 0.0000000000
35709  26.194  -53.603  46.145 0.0000000000
34378  26.657  -54.200  46.647 0.0000000000
33055  26.272  -55.982  47.762 0.0000000000
33073  26.672  -55.411  47.461 0.0000000000
34362  27.151  -54.555  47.206 0.0000000000
30411  26.441  -57.290  53.009 0.0000000000
30412  25.827  -57.869  52.588 0.0000000000
29014  16.001  -58.487  55.056 0.0000000000
27665  8.614  -59.734  48.840 0.0000000000
27637  7.968  -60.233  50.753 0.0000000000
27626  7.972  -59.920  51.840 0.0000000000
26238  7.117  -60.829  52.548 0.0000000000
26237  7.567  -60.271  52.388 0.0000000000
27589  7.243  -60.326  54.895 0.0000000000
83128  60.572  -14.340  33.806 0.0000000000
80684  55.147  -16.083  31.451 0.0000000000
81892  55.970  -16.134  32.180 0.0000000000
80666  56.369  -16.355  32.933 0.0000000000
79527  56.107  -17.133  33.475 0.0000000000
80638  57.094  -16.885  34.087 0.0000000000
80624  58.395  -17.039  35.136 0.0000000000
79488  59.483  -18.222  36.281 0.0000000000
78354  59.813  -18.801  36.779 0.0000000000
76152  57.299  -20.071  35.915 0.0000000000
76142  58.127  -20.010  36.994 0.0000000000
77270  58.645  -19.520  37.125 0.0000000000
74942  59.950  -21.746  39.276 0.0000000000
76123  59.887  -20.676  38.379 0.0000000000
77262  59.378  -19.757  37.735 0.0000000000
77261  60.153  -19.872  37.843 0.0000000000
77260  60.451  -20.128  37.875 0.0000000000
78344  60.252  -19.821  37.387 0.0000000000
74964  60.317  -21.593  37.647 0.0000000000
76214  50.399  -20.809  31.610 0.0000000000
75029  51.412  -21.458  32.379 0.0000000000
75032  48.432  -22.232  31.571 0.0000000000
72747  50.559  -23.889  33.084 0.0000000000
73845  50.605  -23.012  32.723 0.0000000000
75031  49.577  -21.822  31.847 0.0000000000
73860  50.517  -22.247  32.387 0.0000000000
73844  51.508  -22.365  32.728 0.0000000000
73843  52.198  -22.033  33.012 0.0000000000
72716  54.209  -23.745  34.824 0.0000000000
72706  54.970  -24.130  36.266 0.0000000000
71570  55.032  -24.651  36.675 0.0000000000
71552  55.812  -24.315  37.559 0.0000000000
70410  56.157  -24.465  38.594 0.0000000000
67963  48.796  -27.452  34.817 0.0000000000
67937  50.058  -27.392  35.734 0.0000000000
69191  50.803  -26.934  37.816 0.0000000000
67881  50.912  -27.228  37.199 0.0000000000
69211  50.916  -27.329  35.948 0.0000000000
69168  53.474  -26.812  38.013 0.0000000000
69120  53.253  -27.135  42.428 0.0000000000
69144  53.318  -27.106  40.113 0.0000000000
69156  54.267  -26.533  38.811 0.0000000000
71519  56.166  -24.822  40.485 0.0000000000
71506  56.754  -24.229  41.173 0.0000000000
72610  57.494  -23.753  41.490 0.0000000000
67894  38.194  -27.847  37.488 0.0000000000
67813  43.742  -28.481  41.619 0.0000000000
66625  44.582  -28.851  42.529 0.0000000000
66592  45.394  -28.852  44.309 0.0000000000
54635  35.301  -39.256  40.636 0.0000000000
54647  35.580  -38.505  40.394 0.0000000000
55769  36.797  -38.176  41.576 0.0000000000
55781  36.537  -37.831  40.495 0.0000000000
58044  40.725  -35.863  40.173 0.0000000000
56928  40.702  -36.678  40.982 0.0000000000
58036  41.751  -35.901  40.776 0.0000000000
56926  42.187  -36.034  41.227 0.0000000000
58035  42.749  -35.384  41.219 0.0000000000
58034  43.337  -34.972  41.769 0.0000000000
46397  41.166  -45.177  48.790 0.0000000000
47655  41.403  -43.881  48.592 0.0000000000
48873  41.486  -43.260  48.199 0.0000000000
50065  41.470  -42.646  49.547 0.0000000000
50066  41.332  -42.197  48.746 0.0000000000
50074  41.236  -42.312  47.621 0.0000000000
52324  40.713  -40.735  47.012 0.0000000000
53447  39.809  -39.590  46.375 0.0000000000
55733  39.487  -38.277  46.044 0.0000000000
53416  40.721  -39.653  49.030 0.0000000000
55678  41.104  -38.488  49.082 0.0000000000
55692  40.496  -38.774  48.148 0.0000000000
54575  40.127  -38.792  47.641 0.0000000000
55724  39.804  -38.394  46.881 0.0000000000
55732  39.799  -37.834  45.613 0.0000000000
56880  40.517  -37.531  45.542 0.0000000000
56879  41.447  -37.591  45.194 0.0000000000
56878  42.053  -37.582  44.561 0.0000000000
55728  43.419  -37.192  44.768 0.0000000000
55738  43.160  -37.143  44.261 0.0000000000
58015  43.606  -35.702  43.139 0.0000000000
59123  43.679  -34.654  42.792 0.0000000000
59124  43.629  -34.229  42.352 0.0000000000
60262  43.567  -33.355  42.517 0.0000000000
60249  43.607  -32.970  43.665 0.0000000000
61444  43.083  -32.253  43.270 0.0000000000
61433  43.834  -32.697  44.459 0.0000000000
61434  43.418  -32.202  44.378 0.0000000000
62690  42.891  -31.273  43.938 0.0000000000
64001  43.169  -30.596  44.498 0.0000000000
63983  43.542  -30.566  45.309 0.0000000000
57950  44.729  -35.594  49.233 0.0000000000
59043  44.925  -34.678  48.783 0.0000000000
60198  44.793  -33.729  48.507 0.0000000000
61386  44.477  -32.664  48.315 0.0000000000
61397  44.324  -32.848  47.719 0.0000000000
62647  43.895  -31.271  46.395 0.0000000000
63982  43.811  -30.621  46.072 0.0000000000
65371  43.578  -30.074  44.766 0.0000000000
66578  43.787  -29.730  45.239 0.0000000000
66577  43.891  -29.282  45.154 0.0000000000
66555  44.327  -29.379  45.962 0.0000000000
65330  44.896  -29.831  46.950 0.0000000000
66554  45.154  -29.450  46.308 0.0000000000
88992  57.606  -9.753  23.602 0.0000000000
87924  57.680  -10.860  22.579 0.0000000000
86795  57.119  -11.515  22.936 0.0000000000
85634  57.779  -11.883  22.546 0.0000000000
85621  58.690  -12.954  22.833 0.0000000000
84436  59.449  -13.321  23.386 0.0000000000
84425  58.646  -13.523  24.414 0.0000000000
84424  59.881  -13.553  24.555 0.0000000000
84409  60.466  -13.115  25.214 0.0000000000
85598  60.887  -12.154  25.780 0.0000000000
86767  60.601  -11.610  26.614 0.0000000000
85587  57.602  -12.796  26.723 0.0000000000
86754  57.488  -11.529  27.802 0.0000000000
85570  57.905  -11.977  27.194 0.0000000000
85586  58.721  -12.271  26.806 0.0000000000
86768  59.643  -11.754  26.997 0.0000000000
86751  60.244  -11.318  27.458 0.0000000000
86750  61.010  -11.031  27.283 0.0000000000
86730  60.923  -11.249  29.974 0.0000000000
86729  61.778  -11.200  29.895 0.0000000000
23540  5.400  -62.864  51.430 0.0000000000
23582  3.234  -62.528  47.650 0.0000000000
23584  2.094  -63.273  46.494 0.0000000000
24884  5.762  -62.209  48.616 0.0000000000
24921  3.120  -62.156  44.673 0.0000000000
26311  5.812  -60.754  46.223 0.0000000000
27568  23.070  -59.869  54.424 0.0000000000
27605  23.779  -59.220  51.819 0.0000000000
27610  8.492  -59.340  52.273 0.0000000000
27618  24.026  -59.068  51.527 0.0000000000
27619  23.842  -59.110  51.619 0.0000000000
27636  8.623  -59.636  50.184 0.0000000000
27684  7.082  -60.445  46.930 0.0000000000
28997  9.178  -59.250  55.410 0.0000000000
29015  11.506  -58.085  54.304 0.0000000000
29054  10.577  -57.985  52.277 0.0000000000
29065  24.363  -58.874  51.353 0.0000000000
29086  9.697  -58.575  50.264 0.0000000000
29097  24.625  -58.125  49.382 0.0000000000
29099  23.556  -58.509  49.926 0.0000000000
29103  10.571  -58.308  49.170 0.0000000000
29121  10.369  -58.465  48.655 0.0000000000
30375  14.267  -58.115  55.088 0.0000000000
30376  13.420  -58.092  54.865 0.0000000000
30377  12.567  -58.024  54.627 0.0000000000
30459  11.272  -57.467  51.206 0.0000000000
30460  10.653  -57.726  51.182 0.0000000000
30476  10.399  -57.888  50.566 0.0000000000
30477  9.903  -58.097  50.675 0.0000000000
30489  20.235  -57.486  49.697 0.0000000000
30490  11.134  -57.662  49.873 0.0000000000
30502  24.238  -57.776  48.459 0.0000000000
30506  10.903  -58.122  48.844 0.0000000000
30516  10.121  -58.525  47.628 0.0000000000
31727  27.173  -56.942  52.968 0.0000000000
31728  15.315  -57.297  52.860 0.0000000000
31730  13.991  -57.076  52.803 0.0000000000
31774  19.145  -57.158  50.364 0.0000000000
31776  17.136  -56.712  50.318 0.0000000000
31791  24.817  -57.625  48.828 0.0000000000
31808  26.287  -56.248  48.228 0.0000000000
31813  21.347  -57.146  48.499 0.0000000000
31814  20.491  -56.786  48.391 0.0000000000
31816  19.056  -56.599  49.133 0.0000000000
31845  23.570  -56.605  46.642 0.0000000000
33010  29.554  -55.333  52.376 0.0000000000
33037  27.099  -55.904  49.068 0.0000000000
33041  15.586  -55.788  49.108 0.0000000000
33074  25.888  -55.735  47.033 0.0000000000
33077  22.357  -56.593  46.843 0.0000000000
34312  30.588  -54.568  51.441 0.0000000000
34324  30.133  -55.125  50.918 0.0000000000
34333  30.452  -54.270  49.986 0.0000000000
34346  29.192  -54.584  48.738 0.0000000000
34365  17.636  -55.304  47.250 0.0000000000
34415  23.260  -54.805  44.324 0.0000000000
34419  19.422  -54.767  44.572 0.0000000000
35666  31.251  -53.207  49.132 0.0000000000
35679  30.834  -53.239  48.696 0.0000000000
35691  29.672  -53.466  47.630 0.0000000000
35693  27.841  -53.630  46.980 0.0000000000
35708  27.100  -53.405  46.463 0.0000000000
35724  25.204  -53.872  45.221 0.0000000000
35742  21.099  -54.632  43.657 0.0000000000
36935  30.006  -53.098  47.716 0.0000000000
36956  28.362  -52.386  46.350 0.0000000000
36978  25.565  -52.349  44.330 0.0000000000
36993  23.570  -53.399  42.636 0.0000000000
38180  33.532  -51.142  50.142 0.0000000000
38215  33.350  -50.848  48.630 0.0000000000
38216  32.865  -51.162  48.510 0.0000000000
38217  31.943  -51.722  48.146 0.0000000000
38234  31.643  -51.354  47.544 0.0000000000
38237  29.369  -52.455  46.830 0.0000000000
38267  26.306  -51.899  44.996 0.0000000000
39565  34.311  -50.335  49.238 0.0000000000
39605  31.674  -50.754  47.153 0.0000000000
39606  31.122  -51.128  46.924 0.0000000000
39622  30.935  -50.679  46.527 0.0000000000
39625  28.026  -51.204  45.621 0.0000000000
39659  27.018  -50.799  44.082 0.0000000000
39660  26.333  -51.186  43.796 0.0000000000
40947  35.691  -49.141  50.202 0.0000000000
40987  34.613  -49.487  48.323 0.0000000000
40989  32.989  -50.043  47.704 0.0000000000
41009  31.768  -50.180  46.811 0.0000000000
41053  29.209  -49.229  45.035 0.0000000000
41072  28.270  -49.171  44.172 0.0000000000
41074  27.065  -50.087  43.680 0.0000000000
41091  26.803  -49.577  43.207 0.0000000000
41092  26.242  -50.020  42.877 0.0000000000
42327  35.755  -49.244  51.274 0.0000000000
42328  35.539  -49.536  51.071 0.0000000000
42342  35.844  -48.944  50.628 0.0000000000
42356  35.461  -48.723  49.131 0.0000000000
42381  33.690  -48.863  47.423 0.0000000000
42382  33.025  -48.857  47.024 0.0000000000
42409  30.554  -48.601  45.309 0.0000000000
42423  29.474  -48.352  44.468 0.0000000000
42438  27.571  -48.678  43.155 0.0000000000
42475  26.320  -48.401  41.419 0.0000000000
43694  35.460  -47.549  48.241 0.0000000000
43696  34.058  -48.332  47.469 0.0000000000
43735  30.929  -48.307  45.411 0.0000000000
43754  31.229  -47.511  45.031 0.0000000000
43756  29.980  -47.798  44.542 0.0000000000
43788  28.708  -47.503  43.157 0.0000000000
43804  27.098  -47.721  42.002 0.0000000000
43845  25.999  -47.658  40.449 0.0000000000
45118  32.201  -46.579  45.320 0.0000000000
45137  30.676  -46.791  44.342 0.0000000000
45138  30.002  -46.882  44.167 0.0000000000
45139  29.466  -47.140  43.735 0.0000000000
45156  29.172  -46.879  43.096 0.0000000000
45194  27.821  -46.553  41.716 0.0000000000
45218  26.537  -46.701  40.558 0.0000000000
46403  36.949  -46.772  48.822 0.0000000000
46414  41.028  -44.903  48.447 0.0000000000
46421  35.761  -46.360  47.851 0.0000000000
46437  34.522  -46.344  46.661 0.0000000000
46467  32.634  -46.012  45.265 0.0000000000
46469  31.235  -46.447  44.512 0.0000000000
46486  30.297  -46.224  43.500 0.0000000000
46514  28.693  -46.197  42.150 0.0000000000
47661  41.192  -44.732  48.604 0.0000000000
47663  39.956  -45.037  47.709 0.0000000000
47666  37.117  -45.685  47.930 0.0000000000
47700  40.475  -43.637  46.494 0.0000000000
47701  40.124  -43.949  46.494 0.0000000000
47702  39.488  -44.272  46.555 0.0000000000
47737  33.690  -44.593  44.680 0.0000000000
47759  30.485  -45.421  42.945 0.0000000000
48895  37.128  -44.529  46.481 0.0000000000
48910  36.651  -44.236  46.128 0.0000000000
48924  39.543  -43.316  45.603 0.0000000000
48927  37.033  -43.746  45.464 0.0000000000
48930  34.717  -44.225  44.940 0.0000000000
48958  32.471  -44.234  43.053 0.0000000000
48959  31.934  -44.336  42.795 0.0000000000
48960  31.293  -44.290  42.550 0.0000000000
48979  30.236  -44.189  41.703 0.0000000000
48980  29.454  -44.416  41.560 0.0000000000
48981  28.804  -44.719  41.570 0.0000000000
50040  41.457  -42.057  50.696 0.0000000000
50090  40.501  -42.601  45.963 0.0000000000
50101  39.896  -42.708  45.362 0.0000000000
50102  39.185  -42.913  45.225 0.0000000000
50104  37.432  -43.055  44.997 0.0000000000
50117  39.755  -42.520  45.137 0.0000000000
50119  38.931  -42.493  44.621 0.0000000000
50125  33.358  -44.031  43.647 0.0000000000
50134  35.638  -42.419  43.674 0.0000000000
50152  34.280  -43.143  42.278 0.0000000000
50155  31.309  -43.510  42.052 0.0000000000
51224  40.721  -41.114  48.969 0.0000000000
51225  40.541  -40.713  48.607 0.0000000000
51241  40.840  -41.598  46.957 0.0000000000
51261  40.311  -41.866  45.165 0.0000000000
51275  39.615  -41.976  44.560 0.0000000000
51279  35.874  -42.311  43.723 0.0000000000
51291  38.420  -40.990  43.662 0.0000000000
51292  37.832  -41.255  43.362 0.0000000000
51305  36.621  -41.201  42.581 0.0000000000
51325  33.877  -41.992  41.257 0.0000000000
51327  32.172  -42.622  40.665 0.0000000000
51330  29.212  -42.678  40.342 0.0000000000
52289  40.992  -40.384  49.882 0.0000000000
52290  40.705  -40.168  49.424 0.0000000000
52318  40.550  -40.304  48.073 0.0000000000
52325  40.366  -40.050  47.104 0.0000000000
52333  40.224  -40.275  46.272 0.0000000000
52345  40.449  -41.298  45.619 0.0000000000
52347  39.095  -40.030  44.866 0.0000000000
52387  37.024  -40.565  42.520 0.0000000000
52388  36.658  -40.695  42.268 0.0000000000
52404  33.951  -41.571  40.721 0.0000000000
53431  40.477  -39.524  48.191 0.0000000000
53448  39.373  -39.011  46.379 0.0000000000
53477  38.291  -39.619  43.666 0.0000000000
53478  37.636  -39.716  42.851 0.0000000000
53496  37.137  -40.290  42.520 0.0000000000
53497  36.965  -39.761  42.365 0.0000000000
53506  36.436  -39.591  41.815 0.0000000000
53507  35.695  -39.766  41.140 0.0000000000
53508  35.132  -39.957  40.432 0.0000000000
53515  34.532  -39.921  40.067 0.0000000000
53518  32.044  -40.663  39.175 0.0000000000
53533  33.628  -39.527  39.185 0.0000000000
54550  40.796  -39.235  48.984 0.0000000000
54563  40.723  -38.958  48.597 0.0000000000
54564  40.463  -39.045  48.294 0.0000000000
54576  39.873  -38.617  47.019 0.0000000000
54583  39.522  -38.599  46.457 0.0000000000
54597  38.808  -38.667  44.332 0.0000000000
54605  38.576  -39.075  43.835 0.0000000000
54622  37.157  -38.890  42.424 0.0000000000
54648  34.437  -39.166  40.015 0.0000000000
54657  35.301  -38.139  39.980 0.0000000000
54660  33.016  -39.109  38.661 0.0000000000
55676  42.620  -37.680  49.424 0.0000000000
55691  40.768  -38.609  48.332 0.0000000000
55708  40.517  -38.044  47.496 0.0000000000
55710  39.985  -38.474  47.295 0.0000000000
55718  44.260  -36.964  46.084 0.0000000000
55719  43.713  -37.355  45.799 0.0000000000
55721  41.458  -37.673  46.176 0.0000000000
55729  42.646  -37.616  45.054 0.0000000000
55739  42.992  -37.433  44.494 0.0000000000
55740  39.375  -37.817  45.000 0.0000000000
55759  37.630  -38.230  42.605 0.0000000000
56871  40.856  -37.503  45.918 0.0000000000
56876  44.363  -35.894  45.642 0.0000000000
56881  40.065  -37.609  45.472 0.0000000000
56893  39.296  -37.908  44.691 0.0000000000
56900  43.275  -36.282  43.196 0.0000000000
56931  37.628  -37.348  41.171 0.0000000000
56939  39.578  -36.517  40.445 0.0000000000
58016  43.215  -36.167  42.863 0.0000000000
58026  43.437  -35.290  42.179 0.0000000000
58037  41.232  -36.229  40.783 0.0000000000
58058  42.338  -34.448  39.580 0.0000000000
58059  41.921  -34.859  39.388 0.0000000000
59091  44.622  -34.590  46.365 0.0000000000
59131  43.529  -34.722  42.137 0.0000000000
59132  43.438  -34.337  41.660 0.0000000000
60210  44.298  -32.922  47.430 0.0000000000
60242  43.713  -32.809  44.199 0.0000000000
60261  43.720  -34.025  42.725 0.0000000000
60272  42.937  -33.284  40.477 0.0000000000
60273  42.785  -32.896  40.114 0.0000000000
61398  44.131  -32.365  47.576 0.0000000000
61409  43.865  -31.531  45.964 0.0000000000
61462  42.840  -32.584  40.986 0.0000000000
61472  42.450  -32.195  40.307 0.0000000000
62618  44.390  -32.040  48.461 0.0000000000
62668  43.408  -31.200  44.864 0.0000000000
62712  42.673  -30.986  42.245 0.0000000000
62744  41.980  -31.271  40.958 0.0000000000
62762  41.181  -31.043  39.880 0.0000000000
62780  41.624  -31.301  39.506 0.0000000000
63938  44.549  -31.006  48.385 0.0000000000
63952  44.561  -30.652  48.304 0.0000000000
63967  44.157  -30.805  46.925 0.0000000000
64020  42.930  -30.552  43.884 0.0000000000
64072  42.165  -30.516  41.458 0.0000000000
64073  41.541  -30.480  41.035 0.0000000000
64126  40.787  -30.836  38.905 0.0000000000
65331  44.545  -30.076  47.319 0.0000000000
65332  44.443  -30.447  47.529 0.0000000000
65350  44.694  -29.660  46.394 0.0000000000
65390  43.039  -29.594  43.570 0.0000000000
65406  42.873  -30.276  43.595 0.0000000000
65407  42.712  -29.853  43.195 0.0000000000
65420  41.680  -29.182  41.453 0.0000000000
65449  40.776  -29.483  40.551 0.0000000000
65450  40.361  -29.392  40.001 0.0000000000
65466  39.261  -29.027  38.897 0.0000000000
65481  38.235  -28.921  37.874 0.0000000000
66556  43.927  -29.639  45.895 0.0000000000
66557  43.792  -29.862  45.851 0.0000000000
66612  42.938  -28.713  42.931 0.0000000000
66634  47.054  -28.325  41.025 0.0000000000
66638  41.429  -28.663  41.285 0.0000000000
66645  47.019  -28.257  40.581 0.0000000000
66649  40.631  -28.974  40.296 0.0000000000
66657  46.395  -28.509  39.666 0.0000000000
66661  38.914  -28.481  38.928 0.0000000000
66668  46.522  -28.359  39.389 0.0000000000
66671  37.961  -28.418  37.803 0.0000000000
66699  45.716  -28.216  36.597 0.0000000000
66727  46.364  -28.119  35.863 0.0000000000
67761  44.052  -28.771  43.915 0.0000000000
67762  43.845  -28.842  43.811 0.0000000000
67774  53.165  -27.309  43.063 0.0000000000
67775  52.843  -27.257  43.286 0.0000000000
67779  47.894  -28.054  42.664 0.0000000000
67792  52.511  -27.327  43.112 0.0000000000
67800  42.090  -27.990  42.472 0.0000000000
67812  47.570  -27.959  41.605 0.0000000000
67817  41.273  -28.582  40.986 0.0000000000
67827  46.978  -28.231  40.340 0.0000000000
67845  45.064  -28.697  39.229 0.0000000000
67858  50.028  -27.169  38.780 0.0000000000
67888  45.021  -28.459  37.723 0.0000000000
67908  51.203  -27.287  36.875 0.0000000000
67909  50.664  -27.384  36.456 0.0000000000
67936  50.597  -27.346  35.838 0.0000000000
67941  46.387  -27.991  36.496 0.0000000000
67942  41.624  -29.012  35.401 0.0000000000
67984  47.636  -27.581  34.180 0.0000000000
69136  50.750  -27.224  41.173 0.0000000000
69172  49.919  -26.980  38.120 0.0000000000
69222  53.597  -25.964  35.722 0.0000000000
69227  49.076  -27.311  34.879 0.0000000000
69237  48.149  -27.348  34.162 0.0000000000
70443  53.829  -25.817  35.927 0.0000000000
70451  54.211  -25.082  35.756 0.0000000000
70453  53.122  -25.451  34.897 0.0000000000
70461  52.606  -25.512  34.289 0.0000000000
70463  50.624  -25.839  33.651 0.0000000000
71526  57.184  -23.631  39.632 0.0000000000
71537  56.404  -24.034  38.202 0.0000000000
71538  55.984  -24.453  38.162 0.0000000000
71553  55.340  -24.740  37.239 0.0000000000
71569  55.477  -24.367  36.992 0.0000000000
71587  53.521  -24.903  35.015 0.0000000000
71602  53.753  -24.364  34.728 0.0000000000
71619  49.059  -24.972  32.689 0.0000000000
72595  57.785  -23.767  42.036 0.0000000000
72662  60.148  -22.544  39.166 0.0000000000
72730  50.975  -24.296  33.480 0.0000000000
73763  60.067  -22.156  39.259 0.0000000000
73781  58.637  -21.882  38.755 0.0000000000
73803  59.463  -22.306  36.796 0.0000000000
73816  53.995  -23.230  34.486 0.0000000000
73826  54.135  -22.125  34.390 0.0000000000
73846  50.107  -23.430  32.717 0.0000000000
73859  51.008  -21.874  32.422 0.0000000000
73864  47.205  -23.194  31.457 0.0000000000
73872  47.473  -22.610  31.407 0.0000000000
74951  60.091  -21.605  38.848 0.0000000000
74952  59.900  -21.304  38.848 0.0000000000
74965  58.668  -21.065  38.076 0.0000000000
74966  57.904  -21.438  37.693 0.0000000000
74976  56.250  -21.991  36.197 0.0000000000
75030  50.594  -21.532  32.186 0.0000000000
75033  47.864  -22.405  31.480 0.0000000000
76132  60.480  -20.512  37.661 0.0000000000
76144  56.941  -21.085  36.189 0.0000000000
76184  52.545  -20.858  32.570 0.0000000000
76185  51.994  -21.228  32.427 0.0000000000
76200  51.866  -20.859  32.050 0.0000000000
77251  60.405  -20.347  37.996 0.0000000000
77253  59.855  -20.116  38.153 0.0000000000
77271  58.094  -19.732  36.690 0.0000000000
77298  55.669  -19.593  34.742 0.0000000000
77312  54.361  -19.461  33.652 0.0000000000
77333  52.790  -20.001  32.153 0.0000000000
77334  52.050  -20.160  31.890 0.0000000000
77350  48.477  -20.059  30.821 0.0000000000
78346  59.381  -19.220  37.182 0.0000000000
79501  58.714  -17.829  35.734 0.0000000000
79503  56.720  -18.130  34.698 0.0000000000
79516  57.191  -17.212  34.400 0.0000000000
79547  55.322  -17.116  32.529 0.0000000000
80650  56.727  -16.629  33.486 0.0000000000
80651  56.026  -16.807  33.159 0.0000000000
81867  58.406  -15.182  33.726 0.0000000000
81868  57.592  -15.646  33.388 0.0000000000
81869  56.814  -16.085  33.035 0.0000000000
83120  60.252  -14.716  34.321 0.0000000000
83149  58.456  -14.380  33.231 0.0000000000
83150  57.804  -14.675  32.813 0.0000000000
83151  57.227  -15.009  32.327 0.0000000000
83178  55.972  -14.591  30.219 0.0000000000
83179  55.241  -14.902  30.003 0.0000000000
84310  58.844  -14.140  33.303 0.0000000000
84351  58.492  -13.105  30.846 0.0000000000
84446  61.867  -13.097  22.641 0.0000000000
84447  61.468  -13.115  22.847 0.0000000000
84462  61.783  -13.176  22.363 0.0000000000
84464  60.526  -12.996  21.946 0.0000000000
85529  60.422  -12.583  31.535 0.0000000000
85549  57.539  -12.417  29.903 0.0000000000
85550  56.781  -12.593  29.617 0.0000000000
85551  55.925  -12.721  29.159 0.0000000000
85569  58.352  -11.903  27.159 0.0000000000
85584  60.450  -11.997  26.203 0.0000000000
85607  62.452  -11.884  24.803 0.0000000000
85609  60.987  -12.746  25.132 0.0000000000
85610  57.341  -13.136  23.665 0.0000000000
85615  65.299  -12.479  23.019 0.0000000000
85619  62.289  -12.779  23.445 0.0000000000
85620  59.288  -13.069  22.754 0.0000000000
85632  59.347  -12.723  22.225 0.0000000000
85646  60.969  -12.888  21.393 0.0000000000
86721  58.616  -12.263  30.007 0.0000000000
86722  57.970  -12.269  29.910 0.0000000000
86744  55.259  -12.479  28.257 0.0000000000
86753  58.487  -11.589  27.502 0.0000000000
86777  61.182  -11.475  26.252 0.0000000000
86781  52.068  -11.437  25.872 0.0000000000
86802  57.673  -11.402  22.519 0.0000000000
87859  57.376  -11.695  28.785 0.0000000000
87860  56.941  -11.868  28.606 0.0000000000
87913  57.300  -10.509  23.227 0.0000000000
