#!ascii label  , from subject S5_07 vox2ras=TkReg
909
124342  49.667  26.668  24.131 0.0000000000
127756  51.492  30.965  25.895 0.0000000000
120114  54.451  21.534  31.710 0.0000000000
121695  43.873  23.983  27.013 0.0000000000
119386  47.162  20.718  25.819 0.0000000000
124437  49.167  27.137  17.634 0.0000000000
127735  45.716  30.264  28.095 0.0000000000
126985  45.447  29.135  23.204 0.0000000000
116607  52.636  17.172  35.497 0.0000000000
113814  53.455  14.212  30.371 0.0000000000
126180  53.326  27.377  22.698 0.0000000000
120952  54.234  22.632  25.601 0.0000000000
124305  53.682  26.658  28.592 0.0000000000
120116  50.868  21.528  31.730 0.0000000000
129943  44.795  33.542  21.394 0.0000000000
127061  49.068  29.237  19.089 0.0000000000
118514  49.387  19.146  28.617 0.0000000000
122493  46.568  25.204  26.073 0.0000000000
121669  45.988  23.010  27.315 0.0000000000
122465  48.793  24.124  26.410 0.0000000000
124382  49.648  26.156  21.389 0.0000000000
124359  46.682  26.281  23.041 0.0000000000
126948  43.471  29.072  26.640 0.0000000000
114713  50.965  15.078  35.279 0.0000000000
112822  53.837  13.499  33.875 0.0000000000
111861  51.127  12.138  34.567 0.0000000000
131205  47.125  35.969  22.574 0.0000000000
126154  52.718  28.997  24.232 0.0000000000
124321  53.766  26.882  25.291 0.0000000000
126134  53.141  29.459  27.064 0.0000000000
121651  48.507  24.051  28.770 0.0000000000
121649  50.287  23.870  28.969 0.0000000000
120128  49.138  21.478  30.704 0.0000000000
119306  49.663  19.934  33.777 0.0000000000
126970  48.238  29.385  24.416 0.0000000000
127022  47.647  29.173  21.354 0.0000000000
126998  50.838  30.057  22.100 0.0000000000
127018  51.842  28.868  21.064 0.0000000000
120145  54.392  21.689  27.980 0.0000000000
119384  51.688  20.590  26.095 0.0000000000
119341  53.527  20.492  30.140 0.0000000000
119389  44.609  20.362  26.496 0.0000000000
118562  45.784  19.344  24.841 0.0000000000
126266  48.184  29.567  15.473 0.0000000000
126251  45.876  28.646  17.308 0.0000000000
128456  48.336  31.512  27.187 0.0000000000
127732  50.309  30.300  27.937 0.0000000000
129214  40.202  32.553  24.268 0.0000000000
128489  42.814  32.016  23.035 0.0000000000
126147  45.811  28.752  25.017 0.0000000000
118456  53.414  19.832  34.289 0.0000000000
116655  52.966  17.664  32.623 0.0000000000
114725  54.361  15.484  33.472 0.0000000000
112850  54.615  13.263  30.483 0.0000000000
124354  52.180  26.383  22.609 0.0000000000
122488  52.183  24.427  25.726 0.0000000000
123384  54.379  25.358  24.327 0.0000000000
122462  54.499  24.551  26.536 0.0000000000
122417  54.131  23.884  30.499 0.0000000000
124312  52.222  27.117  27.771 0.0000000000
121636  52.582  24.107  30.345 0.0000000000
120868  53.288  22.493  32.448 0.0000000000
119285  51.722  20.292  34.339 0.0000000000
117529  50.951  18.366  35.773 0.0000000000
131192  45.656  35.982  23.099 0.0000000000
129966  46.654  33.119  18.746 0.0000000000
127837  46.950  30.167  18.399 0.0000000000
127845  48.605  30.232  16.356 0.0000000000
127072  50.424  28.599  17.649 0.0000000000
124389  51.941  27.337  20.080 0.0000000000
120956  50.251  22.028  25.680 0.0000000000
118559  48.676  19.801  24.678 0.0000000000
117623  46.613  17.873  26.592 0.0000000000
115720  50.830  16.676  30.899 0.0000000000
123365  48.390  25.732  25.505 0.0000000000
122466  47.704  24.237  26.514 0.0000000000
122491  48.582  25.003  26.101 0.0000000000
124370  49.222  26.012  22.504 0.0000000000
124371  48.555  26.006  22.035 0.0000000000
123412  48.182  26.243  23.764 0.0000000000
123392  46.339  25.973  24.425 0.0000000000
113770  49.778  14.805  34.469 0.0000000000
112810  51.006  13.435  34.505 0.0000000000
111874  50.588  12.806  34.312 0.0000000000
116720  42.722  17.600  23.992 0.0000000000
127766  52.233  30.362  25.109 0.0000000000
126143  52.673  29.592  25.973 0.0000000000
127742  52.109  30.780  26.718 0.0000000000
120902  47.035  23.060  29.863 0.0000000000
120900  49.031  22.796  29.842 0.0000000000
127769  49.926  30.473  25.206 0.0000000000
126981  49.596  29.528  23.256 0.0000000000
127777  51.156  30.389  24.101 0.0000000000
126979  51.615  30.126  23.412 0.0000000000
120124  54.577  21.345  30.650 0.0000000000
120133  54.007  21.015  29.050 0.0000000000
118489  54.107  19.894  30.935 0.0000000000
121672  42.893  23.435  27.555 0.0000000000
120934  42.980  22.275  27.949 0.0000000000
120159  46.415  21.649  27.105 0.0000000000
119376  45.133  20.899  27.074 0.0000000000
119388  45.467  20.500  26.251 0.0000000000
118550  45.313  19.782  24.991 0.0000000000
119411  46.196  19.970  24.702 0.0000000000
125406  48.529  28.270  16.435 0.0000000000
126259  47.178  29.211  16.188 0.0000000000
125398  47.235  27.312  17.455 0.0000000000
122470  43.775  24.730  26.615 0.0000000000
122445  42.415  23.994  27.252 0.0000000000
127733  47.030  30.903  27.473 0.0000000000
128433  47.625  31.616  28.503 0.0000000000
128418  46.574  31.345  28.983 0.0000000000
126932  45.146  29.561  27.360 0.0000000000
126960  44.487  29.020  25.348 0.0000000000
126945  46.127  29.699  26.383 0.0000000000
126944  46.892  30.016  26.245 0.0000000000
117542  53.192  18.523  34.821 0.0000000000
116637  53.705  17.523  34.030 0.0000000000
115669  54.277  16.297  34.622 0.0000000000
111873  53.832  12.738  33.422 0.0000000000
112835  54.343  13.543  32.632 0.0000000000
111902  54.565  12.729  30.948 0.0000000000
124353  53.167  26.568  22.723 0.0000000000
123408  53.544  25.872  23.601 0.0000000000
125323  54.093  26.466  23.464 0.0000000000
125292  53.962  27.215  27.082 0.0000000000
123347  54.399  25.413  26.098 0.0000000000
123335  54.365  25.629  27.293 0.0000000000
122431  54.440  24.491  28.727 0.0000000000
123316  54.227  25.088  29.604 0.0000000000
126138  49.809  28.499  27.468 0.0000000000
125295  51.658  27.790  27.560 0.0000000000
124313  51.455  26.546  27.703 0.0000000000
120898  50.853  22.872  30.010 0.0000000000
121637  51.943  23.915  29.924 0.0000000000
120888  51.917  22.762  31.181 0.0000000000
121621  53.042  23.271  31.769 0.0000000000
120106  52.048  21.751  32.435 0.0000000000
120088  52.633  21.519  33.212 0.0000000000
119324  51.568  21.176  32.616 0.0000000000
118477  48.843  19.665  34.257 0.0000000000
118459  50.577  19.562  34.949 0.0000000000
129935  45.241  34.483  22.207 0.0000000000
130605  46.122  34.691  21.670 0.0000000000
129955  46.071  33.062  19.538 0.0000000000
127785  43.770  30.338  22.955 0.0000000000
128487  43.874  30.801  22.384 0.0000000000
127025  45.221  29.672  22.067 0.0000000000
127043  48.914  29.030  20.221 0.0000000000
127044  47.766  29.237  20.356 0.0000000000
127075  48.010  29.542  18.339 0.0000000000
127836  47.617  30.091  17.635 0.0000000000
127074  49.137  29.165  17.902 0.0000000000
127086  49.292  29.415  16.715 0.0000000000
127073  50.083  28.983  17.627 0.0000000000
127017  52.295  28.555  21.639 0.0000000000
126208  52.311  28.013  20.173 0.0000000000
125334  52.536  27.438  21.735 0.0000000000
124367  52.333  26.870  21.593 0.0000000000
122487  53.367  24.197  25.568 0.0000000000
121688  51.103  23.350  26.132 0.0000000000
120954  52.194  22.114  25.708 0.0000000000
119375  50.836  20.381  27.542 0.0000000000
119396  50.760  20.127  25.282 0.0000000000
118537  49.307  19.673  26.155 0.0000000000
117621  47.860  18.948  25.986 0.0000000000
117591  48.634  18.788  28.071 0.0000000000
114752  52.518  15.630  31.978 0.0000000000
116666  51.916  17.542  31.874 0.0000000000
114759  51.314  15.552  31.097 0.0000000000
122468  45.710  24.560  26.591 0.0000000000
121670  45.019  23.069  27.292 0.0000000000
121693  45.830  23.749  26.954 0.0000000000
121668  46.839  22.852  27.233 0.0000000000
120945  47.602  22.182  26.804 0.0000000000
123472  48.940  25.959  19.513 0.0000000000
123368  45.489  25.794  25.332 0.0000000000
115662  52.167  16.386  35.683 0.0000000000
114700  53.616  15.719  35.245 0.0000000000
113767  52.425  14.516  34.981 0.0000000000
111859  53.054  12.484  34.540 0.0000000000
126166  52.833  28.586  23.182 0.0000000000
125313  54.201  27.130  23.849 0.0000000000
126145  53.127  28.352  25.178 0.0000000000
125303  53.582  27.490  26.064 0.0000000000
125286  53.539  27.238  27.884 0.0000000000
123329  48.954  25.323  28.098 0.0000000000
123328  49.971  25.279  28.167 0.0000000000
121650  49.473  23.899  28.792 0.0000000000
120899  50.059  22.837  29.873 0.0000000000
120127  50.176  21.639  30.780 0.0000000000
119325  50.840  20.812  32.420 0.0000000000
119335  49.734  20.774  31.906 0.0000000000
119327  48.662  20.109  32.801 0.0000000000
119288  47.812  19.888  34.078 0.0000000000
129937  43.847  33.735  22.526 0.0000000000
126983  47.232  28.812  23.519 0.0000000000
127002  46.451  29.129  22.438 0.0000000000
127000  48.843  28.908  22.200 0.0000000000
126196  49.615  29.252  21.754 0.0000000000
127042  50.069  28.984  20.009 0.0000000000
127041  51.239  28.736  19.722 0.0000000000
127019  50.978  29.298  21.071 0.0000000000
126996  52.363  29.015  22.214 0.0000000000
120167  54.609  22.072  26.056 0.0000000000
120182  52.941  21.537  25.861 0.0000000000
120157  53.965  21.252  27.052 0.0000000000
119360  52.616  20.833  27.956 0.0000000000
119348  51.639  20.364  29.663 0.0000000000
113827  52.897  14.403  28.482 0.0000000000
113828  51.646  14.611  28.681 0.0000000000
119391  42.913  19.967  26.944 0.0000000000
120161  44.717  21.579  27.472 0.0000000000
119377  44.248  20.804  27.273 0.0000000000
118540  43.160  19.745  25.996 0.0000000000
118552  43.444  19.544  25.219 0.0000000000
118564  43.803  19.066  24.860 0.0000000000
116718  44.492  17.743  25.122 0.0000000000
127110  47.230  30.654  15.545 0.0000000000
127100  46.090  30.468  16.293 0.0000000000
128463  49.898  31.533  26.504 0.0000000000
128444  51.065  31.349  27.509 0.0000000000
128431  49.574  31.328  28.154 0.0000000000
126913  49.527  30.147  28.259 0.0000000000
126139  48.701  28.245  27.581 0.0000000000
124316  48.280  26.682  27.639 0.0000000000
123330  48.033  25.477  28.132 0.0000000000
129225  41.286  32.706  23.785 0.0000000000
128478  43.059  30.659  23.316 0.0000000000
126986  44.491  29.306  23.482 0.0000000000
126156  45.975  28.574  24.335 0.0000000000
126971  47.338  29.086  24.633 0.0000000000
127759  48.464  30.660  25.943 0.0000000000
119301  54.155  21.186  33.017 0.0000000000
118487  53.788  19.416  32.490 0.0000000000
117571  53.478  18.587  32.903 0.0000000000
115700  53.876  16.766  33.340 0.0000000000
113796  53.620  14.975  32.528 0.0000000000
114709  54.489  15.345  34.266 0.0000000000
113795  54.120  14.400  32.446 0.0000000000
113813  54.283  13.618  30.017 0.0000000000
124341  50.557  26.544  23.913 0.0000000000
123363  50.589  25.484  25.335 0.0000000000
123386  52.851  25.614  24.299 0.0000000000
123361  53.127  24.950  25.065 0.0000000000
122486  54.236  24.262  25.234 0.0000000000
124328  54.357  26.025  24.521 0.0000000000
122485  54.574  24.450  25.551 0.0000000000
121699  54.730  23.575  26.099 0.0000000000
121666  54.534  23.563  27.707 0.0000000000
120913  54.446  22.318  28.951 0.0000000000
120887  54.462  22.180  31.291 0.0000000000
126928  51.844  30.036  27.430 0.0000000000
125294  52.732  27.729  27.672 0.0000000000
125287  53.221  27.050  28.257 0.0000000000
123327  51.206  25.453  28.350 0.0000000000
123318  52.581  25.532  29.359 0.0000000000
123317  53.511  25.707  29.434 0.0000000000
122418  53.564  24.290  30.540 0.0000000000
121620  53.664  22.943  31.794 0.0000000000
120866  54.065  22.231  32.442 0.0000000000
120087  53.229  21.570  33.323 0.0000000000
119284  52.679  20.481  34.245 0.0000000000
117543  52.613  19.022  35.275 0.0000000000
119286  50.741  19.988  34.374 0.0000000000
118443  51.276  19.158  35.535 0.0000000000
116608  51.609  17.384  35.668 0.0000000000
115663  51.071  16.460  35.571 0.0000000000
130583  46.441  35.389  22.783 0.0000000000
130612  46.851  34.510  20.920 0.0000000000
129260  47.155  32.910  17.861 0.0000000000
127046  45.981  29.601  20.990 0.0000000000
128523  45.926  31.720  19.052 0.0000000000
129261  46.436  32.167  18.358 0.0000000000
128532  47.678  31.488  16.724 0.0000000000
128543  48.263  31.453  16.103 0.0000000000
127097  48.972  29.833  15.883 0.0000000000
126256  49.610  28.658  16.293 0.0000000000
125395  50.211  27.772  17.410 0.0000000000
126225  51.324  28.430  18.901 0.0000000000
125379  51.159  27.781  18.384 0.0000000000
124402  50.926  27.088  18.960 0.0000000000
124391  50.765  26.470  19.996 0.0000000000
124369  50.386  26.245  22.159 0.0000000000
122464  49.882  24.062  26.338 0.0000000000
120943  49.719  22.607  26.253 0.0000000000
120186  48.852  21.338  25.210 0.0000000000
120183  51.607  21.246  25.378 0.0000000000
120196  49.358  20.957  24.543 0.0000000000
119399  47.566  20.513  24.912 0.0000000000
117645  47.008  19.148  24.766 0.0000000000
117634  46.181  18.250  25.783 0.0000000000
118490  53.281  19.304  31.526 0.0000000000
117579  51.148  18.558  30.974 0.0000000000
117580  50.162  18.474  30.291 0.0000000000
113822  50.221  15.174  29.482 0.0000000000
116673  48.739  17.275  29.046 0.0000000000
110924  50.682  10.870  34.678 0.0000000000
110015  51.662  10.523  33.987 0.0000000000
123389  49.110  26.055  24.702 0.0000000000
123364  49.406  25.565  25.429 0.0000000000
123429  48.709  26.072  23.245 0.0000000000
124343  48.888  26.532  24.205 0.0000000000
123390  48.247  26.231  24.666 0.0000000000
112823  50.232  13.436  34.170 0.0000000000
127767  51.782  30.553  24.803 0.0000000000
127755  52.174  30.507  25.754 0.0000000000
127768  50.888  30.685  25.045 0.0000000000
126968  50.243  30.248  24.147 0.0000000000
126967  51.841  30.243  24.210 0.0000000000
119333  54.400  20.636  31.230 0.0000000000
121671  43.967  23.155  27.403 0.0000000000
120173  46.748  21.110  26.593 0.0000000000
120174  45.973  20.985  26.839 0.0000000000
119387  46.298  20.647  25.984 0.0000000000
119401  45.778  20.306  25.302 0.0000000000
119400  46.655  20.407  25.048 0.0000000000
125397  48.504  27.502  16.984 0.0000000000
126249  47.842  28.052  16.725 0.0000000000
124438  48.139  26.813  17.822 0.0000000000
121696  43.099  24.127  26.956 0.0000000000
127734  46.602  30.924  28.023 0.0000000000
128449  46.945  31.339  28.177 0.0000000000
127721  46.555  31.163  28.543 0.0000000000
127749  45.955  30.027  27.249 0.0000000000
127748  46.638  30.445  27.030 0.0000000000
117527  53.140  17.653  35.268 0.0000000000
116616  53.768  17.104  34.787 0.0000000000
116606  53.372  16.914  35.290 0.0000000000
111890  54.177  12.937  31.998 0.0000000000
125333  53.176  27.163  22.361 0.0000000000
124352  53.929  26.264  23.411 0.0000000000
125324  53.797  26.881  23.104 0.0000000000
124304  54.221  26.763  27.827 0.0000000000
123324  54.261  25.764  28.624 0.0000000000
125297  49.500  27.490  27.403 0.0000000000
125296  50.588  27.612  27.407 0.0000000000
124314  50.131  26.659  27.490 0.0000000000
120126  51.048  22.002  30.926 0.0000000000
120889  51.364  22.641  30.548 0.0000000000
120125  51.467  22.390  31.050 0.0000000000
120115  51.596  22.226  31.579 0.0000000000
120107  51.335  21.317  32.298 0.0000000000
118461  48.307  19.588  34.620 0.0000000000
129936  44.799  34.105  22.214 0.0000000000
130595  44.509  34.696  22.514 0.0000000000
129942  45.412  34.287  21.824 0.0000000000
129241  45.378  32.734  20.088 0.0000000000
127004  44.927  29.613  22.559 0.0000000000
127003  45.628  29.357  22.501 0.0000000000
127062  48.005  29.351  19.397 0.0000000000
127060  50.147  28.946  18.736 0.0000000000
126181  52.655  27.956  22.304 0.0000000000
124366  52.921  26.952  22.032 0.0000000000
121701  53.737  23.324  25.505 0.0000000000
121702  52.294  23.252  25.919 0.0000000000
120953  53.329  22.419  25.670 0.0000000000
118513  50.164  20.006  28.239 0.0000000000
118526  50.051  20.069  26.905 0.0000000000
118527  49.097  19.494  27.452 0.0000000000
118528  48.494  19.228  27.242 0.0000000000
113811  52.510  15.082  31.407 0.0000000000
114758  52.084  15.203  31.325 0.0000000000
113815  52.186  14.806  30.731 0.0000000000
122467  46.690  24.419  26.560 0.0000000000
121691  47.855  23.188  26.849 0.0000000000
121667  47.276  22.607  27.060 0.0000000000
124392  49.828  26.018  20.369 0.0000000000
123460  48.105  25.809  20.295 0.0000000000
124393  48.906  25.980  20.795 0.0000000000
123431  47.125  25.983  22.392 0.0000000000
123446  46.675  25.474  21.435 0.0000000000
123367  46.447  25.836  25.409 0.0000000000
122494  45.601  25.319  26.104 0.0000000000
114702  51.643  15.509  35.546 0.0000000000
113758  52.139  15.114  35.396 0.0000000000
113759  51.813  14.887  35.356 0.0000000000
112809  51.890  13.330  34.786 0.0000000000
111860  52.324  12.275  34.702 0.0000000000
110922  52.820  11.717  34.364 0.0000000000
131189  47.224  36.143  22.898 0.0000000000
132974  47.725  38.146  23.268 0.0000000000
126153  53.271  27.978  24.071 0.0000000000
126942  53.095  29.683  26.840 0.0000000000
126142  53.118  29.037  26.377 0.0000000000
125293  53.451  28.160  27.262 0.0000000000
122435  48.304  24.782  28.475 0.0000000000
122434  49.258  24.640  28.471 0.0000000000
120892  48.421  22.133  30.342 0.0000000000
120891  49.528  22.177  30.291 0.0000000000
120117  49.832  21.219  31.368 0.0000000000
120118  48.893  20.976  31.308 0.0000000000
119337  47.780  20.614  32.156 0.0000000000
119328  47.609  20.281  32.846 0.0000000000
119307  48.407  19.830  33.715 0.0000000000
119308  47.322  20.135  33.584 0.0000000000
126982  48.493  29.110  23.370 0.0000000000
126980  50.588  29.994  23.202 0.0000000000
126999  49.861  29.455  22.241 0.0000000000
127020  49.852  29.315  21.267 0.0000000000
126978  52.406  29.611  23.200 0.0000000000
120156  54.586  21.834  26.841 0.0000000000
119346  53.861  20.749  29.525 0.0000000000
120147  53.435  21.053  28.529 0.0000000000
119347  52.817  20.879  29.260 0.0000000000
119361  51.483  20.553  28.425 0.0000000000
119342  52.526  20.308  30.269 0.0000000000
119379  42.570  20.362  27.753 0.0000000000
119378  43.389  20.623  27.484 0.0000000000
120933  44.276  22.321  27.585 0.0000000000
120932  45.286  22.329  27.430 0.0000000000
119390  43.735  20.233  26.686 0.0000000000
118539  44.065  19.876  25.873 0.0000000000
118563  44.788  19.171  24.888 0.0000000000
117648  44.165  18.428  24.882 0.0000000000
117647  45.272  18.488  25.168 0.0000000000
127864  48.188  30.778  15.564 0.0000000000
127109  47.774  30.212  15.331 0.0000000000
127088  46.477  29.183  16.556 0.0000000000
127089  45.715  29.704  16.682 0.0000000000
126252  45.147  29.249  17.467 0.0000000000
128455  49.367  31.820  26.968 0.0000000000
128446  49.449  31.734  27.732 0.0000000000
128447  48.447  31.885  27.807 0.0000000000
127704  48.282  30.952  28.888 0.0000000000
126931  49.141  29.303  27.848 0.0000000000
125299  47.907  27.488  27.754 0.0000000000
123339  47.817  26.090  27.776 0.0000000000
129930  40.561  33.410  23.821 0.0000000000
129226  40.768  32.708  24.019 0.0000000000
128479  42.435  31.175  23.567 0.0000000000
127780  42.926  30.398  23.642 0.0000000000
127779  43.543  30.034  23.449 0.0000000000
126959  45.518  29.163  25.625 0.0000000000
126148  45.066  28.760  24.940 0.0000000000
126157  45.311  28.668  24.401 0.0000000000
126155  46.650  28.656  24.127 0.0000000000
126972  46.581  28.857  24.899 0.0000000000
127746  48.081  30.990  26.632 0.0000000000
127760  47.649  30.348  26.044 0.0000000000
127758  49.435  31.058  26.101 0.0000000000
118475  53.751  19.613  33.370 0.0000000000
117560  53.451  18.643  33.805 0.0000000000
115686  54.316  16.507  33.987 0.0000000000
114726  54.141  16.168  33.417 0.0000000000
114739  53.654  15.824  32.784 0.0000000000
114738  53.972  15.101  32.933 0.0000000000
113766  53.615  14.217  34.388 0.0000000000
114710  53.937  15.205  34.601 0.0000000000
113765  54.273  14.745  34.289 0.0000000000
112848  54.415  13.464  31.555 0.0000000000
113809  54.275  14.001  31.059 0.0000000000
113818  54.370  13.497  29.450 0.0000000000
112852  54.642  13.209  29.456 0.0000000000
123410  51.918  26.199  23.302 0.0000000000
123387  51.510  26.035  24.196 0.0000000000
123409  52.604  26.092  23.420 0.0000000000
123407  54.126  25.692  23.766 0.0000000000
123385  53.883  25.128  24.188 0.0000000000
123360  53.897  24.536  24.764 0.0000000000
122510  54.321  24.770  24.585 0.0000000000
125305  53.598  27.347  24.842 0.0000000000
124329  54.126  26.687  24.658 0.0000000000
124320  54.118  26.336  25.609 0.0000000000
120940  54.717  22.784  26.657 0.0000000000
121686  54.490  23.771  26.863 0.0000000000
122423  54.349  24.178  29.683 0.0000000000
121648  54.427  23.364  28.773 0.0000000000
121635  54.403  23.167  29.870 0.0000000000
121626  54.099  22.948  30.960 0.0000000000
127731  50.863  30.850  27.906 0.0000000000
126929  50.993  29.786  27.589 0.0000000000
124306  52.717  26.495  28.513 0.0000000000
122433  50.318  24.621  28.691 0.0000000000
122426  50.887  24.310  29.085 0.0000000000
122425  51.701  24.619  29.409 0.0000000000
122424  52.521  24.745  29.964 0.0000000000
123312  53.031  25.313  30.077 0.0000000000
123311  53.625  25.052  30.165 0.0000000000
122419  53.046  24.653  30.420 0.0000000000
120880  52.938  22.841  32.221 0.0000000000
121610  53.325  22.871  32.154 0.0000000000
120879  54.001  22.639  32.155 0.0000000000
120104  53.473  21.935  32.724 0.0000000000
120086  53.763  21.486  33.070 0.0000000000
118457  52.579  19.695  34.941 0.0000000000
119326  49.775  20.311  32.684 0.0000000000
119305  50.807  20.340  33.497 0.0000000000
118444  50.217  19.089  35.459 0.0000000000
131814  44.933  36.582  23.204 0.0000000000
132419  44.663  37.564  23.354 0.0000000000
131191  46.318  35.853  23.073 0.0000000000
129948  45.965  33.904  20.671 0.0000000000
130613  46.461  34.545  21.210 0.0000000000
129954  46.979  33.646  19.626 0.0000000000
127023  46.584  29.299  21.516 0.0000000000
127063  47.047  29.623  19.473 0.0000000000
127826  46.122  30.299  19.470 0.0000000000
128522  46.224  31.073  18.814 0.0000000000
127087  48.390  29.803  17.226 0.0000000000
127846  47.839  30.683  16.814 0.0000000000
127856  48.343  30.801  16.182 0.0000000000
127855  48.478  30.690  15.834 0.0000000000
127085  49.926  28.838  16.879 0.0000000000
127096  49.529  29.244  16.005 0.0000000000
125404  49.740  28.134  16.841 0.0000000000
126247  50.487  28.279  17.541 0.0000000000
127040  51.829  28.685  20.283 0.0000000000
125362  52.192  27.878  19.826 0.0000000000
126224  51.742  28.215  19.254 0.0000000000
125364  51.464  27.602  18.949 0.0000000000
124418  50.738  27.389  18.303 0.0000000000
124390  51.559  27.178  19.866 0.0000000000
124368  51.423  26.441  21.833 0.0000000000
124355  51.186  26.303  23.016 0.0000000000
123362  51.912  25.347  25.265 0.0000000000
122489  50.889  24.620  25.931 0.0000000000
120942  50.777  22.692  26.066 0.0000000000
121689  50.198  23.328  26.319 0.0000000000
120170  49.288  21.883  25.894 0.0000000000
119383  52.402  21.017  25.954 0.0000000000
119394  52.060  21.120  25.676 0.0000000000
119395  51.509  20.731  25.271 0.0000000000
118547  49.571  19.750  25.076 0.0000000000
119407  49.946  20.284  24.667 0.0000000000
119408  48.964  20.327  24.559 0.0000000000
119398  48.440  20.772  24.729 0.0000000000
119409  48.055  20.177  24.482 0.0000000000
119410  47.108  20.066  24.494 0.0000000000
118560  47.642  19.476  24.696 0.0000000000
117622  47.131  18.469  26.417 0.0000000000
117633  47.249  18.907  25.297 0.0000000000
117635  45.505  17.997  25.548 0.0000000000
116708  45.542  17.347  25.752 0.0000000000
117574  53.222  18.814  32.257 0.0000000000
116668  51.192  17.540  31.307 0.0000000000
117576  51.693  18.202  31.515 0.0000000000
116669  50.488  17.580  30.728 0.0000000000
113838  51.066  14.846  27.791 0.0000000000
113821  51.230  14.893  29.778 0.0000000000
113829  50.311  14.902  28.699 0.0000000000
123366  47.414  25.862  25.501 0.0000000000
122492  47.551  25.102  26.083 0.0000000000
124383  48.867  26.020  21.605 0.0000000000
123430  48.158  25.940  22.682 0.0000000000
123413  47.142  26.284  23.389 0.0000000000
123391  47.288  26.201  24.568 0.0000000000
113769  50.472  14.416  34.675 0.0000000000
113768  51.425  14.378  35.040 0.0000000000
126966  52.263  29.998  24.450 0.0000000000
126146  52.632  29.316  25.321 0.0000000000
126954  52.476  30.022  25.515 0.0000000000
126943  52.682  29.982  26.485 0.0000000000
126927  52.538  30.169  27.136 0.0000000000
121641  47.629  23.653  29.299 0.0000000000
121640  48.699  23.378  29.262 0.0000000000
120901  47.933  22.800  29.805 0.0000000000
126969  49.268  29.779  24.291 0.0000000000
120132  54.378  21.320  29.326 0.0000000000
119340  54.245  20.614  30.210 0.0000000000
118493  53.911  20.194  30.534 0.0000000000
120931  46.164  22.306  27.313 0.0000000000
120160  45.616  21.618  27.306 0.0000000000
119402  44.943  20.063  25.638 0.0000000000
126265  48.773  29.238  15.530 0.0000000000
127098  47.585  29.546  15.659 0.0000000000
126258  48.003  28.797  15.940 0.0000000000
126250  46.974  28.408  16.801 0.0000000000
125399  46.346  27.784  17.487 0.0000000000
122496  43.681  25.309  25.999 0.0000000000
122471  42.651  24.738  26.638 0.0000000000
121673  41.861  23.527  27.793 0.0000000000
128457  47.823  31.206  27.156 0.0000000000
128448  47.413  31.455  27.779 0.0000000000
128417  47.005  31.495  29.083 0.0000000000
126947  44.379  29.130  26.500 0.0000000000
126946  45.296  29.365  26.430 0.0000000000
126958  46.349  29.328  25.607 0.0000000000
127747  47.383  30.761  26.929 0.0000000000
115685  54.590  15.939  34.202 0.0000000000
112821  54.222  13.378  33.268 0.0000000000
111872  54.248  12.900  32.830 0.0000000000
111907  54.573  12.763  29.857 0.0000000000
125302  53.937  26.839  26.446 0.0000000000
124311  54.178  26.387  26.787 0.0000000000
122444  54.472  24.642  27.632 0.0000000000
126930  50.115  29.499  27.729 0.0000000000
126137  50.856  28.708  27.463 0.0000000000
121638  50.873  23.609  29.555 0.0000000000
121630  51.449  23.251  30.086 0.0000000000
121629  52.127  23.374  30.602 0.0000000000
121628  52.929  23.836  30.927 0.0000000000
121622  52.506  23.224  31.317 0.0000000000
120881  52.418  22.708  31.912 0.0000000000
120869  52.767  22.410  32.395 0.0000000000
120105  52.913  21.978  32.781 0.0000000000
119304  51.951  20.893  33.323 0.0000000000
118476  49.116  19.733  34.081 0.0000000000
119287  50.138  19.767  34.440 0.0000000000
118460  49.513  19.543  34.640 0.0000000000
131829  44.448  36.009  22.897 0.0000000000
131208  45.034  35.568  22.798 0.0000000000
130594  45.616  34.940  22.435 0.0000000000
131207  45.808  35.448  22.929 0.0000000000
128488  43.409  31.053  22.708 0.0000000000
127795  44.848  30.225  21.678 0.0000000000
127021  48.775  29.109  21.245 0.0000000000
127076  47.460  29.669  18.917 0.0000000000
127059  50.810  28.714  18.389 0.0000000000
126195  52.040  28.589  20.521 0.0000000000
126194  52.365  28.240  20.979 0.0000000000
125342  52.303  27.570  20.826 0.0000000000
124379  52.013  27.179  20.512 0.0000000000
121703  51.399  23.915  26.003 0.0000000000
121687  51.435  22.969  26.088 0.0000000000
120955  51.207  22.000  25.611 0.0000000000
119374  51.711  20.603  27.179 0.0000000000
119385  50.926  20.187  26.402 0.0000000000
118536  50.187  19.874  25.761 0.0000000000
118548  48.410  19.367  25.375 0.0000000000
118538  48.490  19.321  26.576 0.0000000000
117608  47.985  18.749  27.249 0.0000000000
117609  47.139  17.921  27.396 0.0000000000
115702  52.669  16.963  32.453 0.0000000000
116665  52.470  17.893  32.262 0.0000000000
115714  52.131  16.627  32.093 0.0000000000
114753  51.841  16.097  31.646 0.0000000000
122469  44.739  24.677  26.637 0.0000000000
121694  44.843  23.857  26.969 0.0000000000
121692  46.817  23.595  26.991 0.0000000000
120930  46.919  22.256  27.103 0.0000000000
120946  47.032  21.705  26.857 0.0000000000
120172  47.523  21.304  26.423 0.0000000000
124420  48.925  26.587  18.445 0.0000000000
124421  47.760  26.269  18.735 0.0000000000
123474  47.397  25.664  19.502 0.0000000000
123445  47.932  25.883  21.426 0.0000000000
122495  44.633  25.356  26.080 0.0000000000
126933  44.300  29.354  27.490 0.0000000000
127736  44.984  29.786  28.088 0.0000000000
115661  53.158  16.331  35.577 0.0000000000
114701  52.658  15.523  35.457 0.0000000000
114711  53.200  15.138  34.811 0.0000000000
112808  52.808  13.304  34.719 0.0000000000
112807  53.349  13.206  34.369 0.0000000000
111858  53.440  12.628  34.067 0.0000000000
111891  53.497  12.324  32.661 0.0000000000
126165  53.379  27.627  23.180 0.0000000000
125285  53.769  27.312  27.541 0.0000000000
123337  49.550  25.921  27.709 0.0000000000
121639  49.721  23.380  29.376 0.0000000000
120890  50.503  22.298  30.343 0.0000000000
119334  50.303  21.077  31.845 0.0000000000
119336  48.778  20.511  31.985 0.0000000000
129232  44.070  33.142  21.988 0.0000000000
126984  46.240  29.010  23.164 0.0000000000
127001  47.536  28.894  22.383 0.0000000000
126997  51.785  29.752  22.101 0.0000000000
120180  54.462  22.309  25.809 0.0000000000
120181  54.097  21.960  25.702 0.0000000000
120168  54.105  21.478  26.159 0.0000000000
120169  53.340  21.242  26.370 0.0000000000
119373  52.721  21.075  26.849 0.0000000000
120146  53.987  21.249  28.241 0.0000000000
119359  53.389  21.123  27.600 0.0000000000
118500  50.767  20.123  29.096 0.0000000000
113820  52.518  14.427  29.542 0.0000000000
118529  42.072  19.707  27.230 0.0000000000
120162  43.753  21.473  27.709 0.0000000000
118553  42.391  19.500  25.083 0.0000000000
118551  44.404  19.580  25.197 0.0000000000
117649  43.186  18.384  24.547 0.0000000000
127099  46.766  29.951  15.844 0.0000000000
127857  46.617  31.036  15.860 0.0000000000
124422  46.750  26.258  18.451 0.0000000000
125382  46.200  26.986  18.085 0.0000000000
127757  50.492  31.267  26.152 0.0000000000
127743  51.199  31.504  26.901 0.0000000000
128454  50.325  31.763  27.194 0.0000000000
128445  50.368  31.456  27.736 0.0000000000
127718  49.980  30.866  28.179 0.0000000000
128432  48.519  31.528  28.408 0.0000000000
127719  48.746  30.861  28.633 0.0000000000
124315  49.122  26.651  27.501 0.0000000000
123338  48.609  25.973  27.705 0.0000000000
129224  42.211  32.619  23.420 0.0000000000
128480  41.614  31.923  23.741 0.0000000000
127778  43.975  29.960  23.092 0.0000000000
126961  43.508  29.190  25.594 0.0000000000
126973  44.270  29.114  24.357 0.0000000000
126170  44.951  28.794  23.980 0.0000000000
126168  46.048  28.693  23.694 0.0000000000
126167  46.559  28.730  23.627 0.0000000000
126957  47.157  29.521  25.477 0.0000000000
126956  47.964  29.859  25.281 0.0000000000
126955  48.930  30.106  25.266 0.0000000000
119323  54.121  20.920  32.195 0.0000000000
118486  54.096  20.017  31.874 0.0000000000
118474  54.097  20.320  32.839 0.0000000000
116654  53.498  17.668  33.239 0.0000000000
115701  53.300  16.804  32.670 0.0000000000
114751  53.228  15.226  32.285 0.0000000000
113810  53.265  14.736  31.612 0.0000000000
114699  54.194  15.792  34.838 0.0000000000
115668  54.419  15.910  34.568 0.0000000000
113781  54.296  14.302  33.631 0.0000000000
113819  53.753  13.803  29.219 0.0000000000
123388  50.120  25.955  24.550 0.0000000000
124340  54.374  26.529  24.159 0.0000000000
123359  54.664  25.327  25.031 0.0000000000
122509  54.613  24.775  24.818 0.0000000000
121700  54.445  23.466  25.653 0.0000000000
120951  54.647  22.742  25.912 0.0000000000
120928  54.612  22.508  27.757 0.0000000000
120897  54.453  22.176  30.173 0.0000000000
127730  51.776  30.864  27.324 0.0000000000
126135  52.689  29.134  27.365 0.0000000000
126136  51.855  28.914  27.431 0.0000000000
123336  50.499  25.890  27.742 0.0000000000
124307  51.998  25.940  28.191 0.0000000000
123319  51.763  25.266  29.011 0.0000000000
123326  52.141  25.678  28.683 0.0000000000
124299  53.034  26.081  29.178 0.0000000000
124298  53.354  26.271  29.013 0.0000000000
123325  53.766  26.169  28.990 0.0000000000
123310  54.088  24.602  30.201 0.0000000000
121627  53.557  23.564  31.121 0.0000000000
121619  54.153  22.639  31.765 0.0000000000
120878  54.288  22.310  32.167 0.0000000000
120085  53.994  21.488  32.904 0.0000000000
119302  53.636  20.742  33.538 0.0000000000
119303  52.900  21.061  33.747 0.0000000000
119283  53.187  20.564  34.014 0.0000000000
117528  52.248  18.361  35.514 0.0000000000
118458  51.517  19.699  34.977 0.0000000000
118442  52.098  19.251  35.367 0.0000000000
114703  50.848  15.731  35.454 0.0000000000
114714  50.139  15.563  35.048 0.0000000000
131206  46.876  35.473  22.608 0.0000000000
130593  46.541  35.094  22.266 0.0000000000
130604  46.777  34.841  21.613 0.0000000000
130592  47.028  35.317  22.031 0.0000000000
129946  47.317  34.306  20.127 0.0000000000
129965  47.391  33.790  18.605 0.0000000000
129242  44.795  32.157  20.361 0.0000000000
127024  45.613  29.617  21.586 0.0000000000
127045  46.495  29.597  20.442 0.0000000000
128513  44.997  31.711  19.912 0.0000000000
129249  45.074  32.192  19.881 0.0000000000
129248  45.492  32.169  19.392 0.0000000000
129262  46.002  32.168  18.961 0.0000000000
127847  47.309  30.548  17.587 0.0000000000
128533  47.076  31.336  17.580 0.0000000000
129275  47.075  32.224  17.597 0.0000000000
129274  47.601  32.355  16.822 0.0000000000
129284  48.158  32.403  15.934 0.0000000000
128551  48.246  31.127  15.791 0.0000000000
127108  48.591  29.996  15.435 0.0000000000
127107  49.065  29.451  15.665 0.0000000000
126264  49.333  29.031  15.669 0.0000000000
126257  48.993  28.596  15.846 0.0000000000
125405  49.186  28.129  16.528 0.0000000000
124436  49.771  27.391  17.532 0.0000000000
126210  51.611  28.454  19.428 0.0000000000
126237  51.397  28.168  18.685 0.0000000000
126238  50.993  28.322  18.137 0.0000000000
125394  50.786  27.962  17.815 0.0000000000
124419  50.090  27.049  18.095 0.0000000000
124403  49.690  26.249  19.262 0.0000000000
124380  51.530  26.666  20.761 0.0000000000
124381  50.631  26.322  21.053 0.0000000000
124356  50.056  26.349  23.260 0.0000000000
122490  49.686  24.899  26.078 0.0000000000
122463  50.673  23.882  26.234 0.0000000000
121690  49.162  23.305  26.471 0.0000000000
120944  48.666  22.449  26.493 0.0000000000
120171  48.379  21.590  26.204 0.0000000000
120187  48.009  20.990  25.566 0.0000000000
120184  50.727  21.439  25.068 0.0000000000
119406  50.855  20.597  24.780 0.0000000000
120195  50.322  20.992  24.573 0.0000000000
120185  49.789  21.480  25.045 0.0000000000
118561  46.693  19.501  24.640 0.0000000000
117646  46.373  18.916  24.982 0.0000000000
116717  45.106  17.760  25.398 0.0000000000
118494  53.329  19.919  30.740 0.0000000000
117575  52.465  18.499  31.863 0.0000000000
118491  52.488  18.970  31.385 0.0000000000
118495  52.164  19.431  30.875 0.0000000000
119343  51.746  20.014  30.336 0.0000000000
118496  50.828  19.590  30.209 0.0000000000
118497  49.934  19.104  29.935 0.0000000000
113816  51.408  15.007  30.550 0.0000000000
114763  51.087  15.137  30.425 0.0000000000
114764  50.653  15.408  30.165 0.0000000000
114767  49.704  15.190  28.171 0.0000000000
114765  49.833  15.764  29.722 0.0000000000
115721  50.115  16.755  30.439 0.0000000000
116670  49.807  17.501  30.157 0.0000000000
117581  49.593  18.142  29.721 0.0000000000
117583  48.959  18.148  28.946 0.0000000000
117584  48.466  17.694  28.707 0.0000000000
117593  47.442  17.631  27.965 0.0000000000
111862  50.364  11.508  34.583 0.0000000000
109994  51.455  10.550  34.351 0.0000000000
110923  51.819  11.023  34.431 0.0000000000
110027  52.158  10.641  33.466 0.0000000000
110921  53.208  12.130  34.253 0.0000000000
110941  53.296  11.911  33.722 0.0000000000
112853  54.424  13.448  29.056 0.0000000000
112855  54.685  13.353  28.435 0.0000000000
112856  54.262  13.640  28.706 0.0000000000
113782  54.017  13.994  34.011 0.0000000000
113823  49.750  15.328  29.274 0.0000000000
113830  49.802  15.075  29.106 0.0000000000
114712  51.453  14.969  35.355 0.0000000000
114740  53.048  16.158  32.472 0.0000000000
114760  50.442  16.059  30.402 0.0000000000
114761  49.931  16.264  30.167 0.0000000000
115659  54.301  16.098  34.870 0.0000000000
115660  53.964  16.340  35.195 0.0000000000
115713  52.699  16.413  32.376 0.0000000000
115719  51.454  16.642  31.542 0.0000000000
116656  52.376  17.335  32.306 0.0000000000
116707  46.147  17.566  26.199 0.0000000000
117572  52.897  18.310  32.426 0.0000000000
117578  51.968  18.752  31.352 0.0000000000
117592  47.881  18.046  28.351 0.0000000000
117607  48.547  19.082  27.542 0.0000000000
117610  46.774  17.567  26.951 0.0000000000
117632  47.856  19.056  25.349 0.0000000000
118498  49.776  18.633  29.883 0.0000000000
118501  50.109  19.448  29.256 0.0000000000
118502  49.640  18.739  29.400 0.0000000000
118512  50.784  20.306  28.526 0.0000000000
118546  50.197  19.891  25.208 0.0000000000
118549  47.818  19.137  25.094 0.0000000000
118558  49.307  19.993  24.649 0.0000000000
119345  54.228  20.878  29.527 0.0000000000
119362  50.792  20.362  28.198 0.0000000000
119372  53.400  21.214  27.048 0.0000000000
119397  50.153  19.941  24.968 0.0000000000
119405  51.186  20.714  24.855 0.0000000000
120103  54.065  21.773  32.587 0.0000000000
120134  53.592  20.979  29.112 0.0000000000
120158  53.405  21.221  26.772 0.0000000000
120193  51.351  20.843  24.956 0.0000000000
120194  51.070  20.945  24.757 0.0000000000
120867  53.843  22.370  32.433 0.0000000000
120929  47.234  22.368  27.004 0.0000000000
120941  51.590  22.588  25.913 0.0000000000
121609  53.629  22.691  32.246 0.0000000000
122432  51.160  24.895  28.971 0.0000000000
123411  48.691  26.325  23.604 0.0000000000
123414  46.200  26.078  23.433 0.0000000000
123459  49.019  25.724  19.936 0.0000000000
124339  54.308  26.237  23.806 0.0000000000
124344  48.489  26.445  24.134 0.0000000000
124357  49.144  26.419  23.572 0.0000000000
124358  48.683  26.473  23.861 0.0000000000
124360  46.404  26.178  22.888 0.0000000000
124372  46.941  26.275  22.844 0.0000000000
124373  46.680  26.136  22.713 0.0000000000
124401  51.476  27.408  19.288 0.0000000000
124404  48.618  26.147  19.166 0.0000000000
124439  47.316  26.638  18.069 0.0000000000
125298  48.690  27.307  27.518 0.0000000000
125312  54.174  26.669  23.542 0.0000000000
125350  52.145  27.597  20.084 0.0000000000
125351  51.920  27.453  19.865 0.0000000000
125363  51.883  27.717  19.479 0.0000000000
125378  51.621  27.925  18.874 0.0000000000
125380  50.648  27.602  17.955 0.0000000000
125381  46.837  26.745  17.977 0.0000000000
125396  49.471  27.639  17.098 0.0000000000
126158  44.762  28.854  24.312 0.0000000000
126169  45.356  28.754  23.821 0.0000000000
126182  49.374  29.070  21.914 0.0000000000
126183  49.091  28.973  21.735 0.0000000000
126197  49.347  29.127  21.579 0.0000000000
126209  52.021  28.453  19.951 0.0000000000
126223  52.117  28.096  19.699 0.0000000000
126248  50.012  28.390  17.048 0.0000000000
126926  53.054  29.929  26.991 0.0000000000
127084  50.208  28.544  17.300 0.0000000000
127717  50.422  30.997  28.122 0.0000000000
127729  52.192  30.653  27.117 0.0000000000
127744  50.585  31.640  26.764 0.0000000000
127745  48.756  31.260  26.573 0.0000000000
127770  43.109  29.993  23.880 0.0000000000
127776  51.619  30.305  24.138 0.0000000000
127784  44.159  30.283  22.581 0.0000000000
127866  47.226  31.121  15.553 0.0000000000
128415  48.197  31.181  28.819 0.0000000000
128430  50.255  31.167  28.070 0.0000000000
128434  46.806  31.372  28.594 0.0000000000
128435  46.530  31.276  28.793 0.0000000000
128453  50.782  31.589  27.360 0.0000000000
128462  50.167  31.694  26.729 0.0000000000
128542  48.413  31.088  15.971 0.0000000000
129922  40.160  33.086  24.063 0.0000000000
129947  47.128  34.134  20.303 0.0000000000
129949  44.967  32.962  20.723 0.0000000000
129967  46.085  32.574  18.949 0.0000000000
130584  46.058  35.328  22.915 0.0000000000
131190  46.994  35.928  22.978 0.0000000000
131811  47.546  36.538  23.014 0.0000000000
132416  47.647  37.580  23.325 0.0000000000
132983  47.961  38.443  23.017 0.0000000000
