#!ascii label  , from subject S5_07 vox2ras=TkReg
917
26218  24.456  -60.557  53.701 0.0000000000
66552  47.062  -28.975  46.022 0.0000000000
63979  53.732  -29.285  45.821 0.0000000000
53394  44.339  -39.516  49.712 0.0000000000
36904  32.449  -52.465  51.093 0.0000000000
24868  27.291  -61.703  49.610 0.0000000000
67694  50.107  -27.907  48.105 0.0000000000
62589  48.171  -31.571  50.283 0.0000000000
51160  42.776  -42.465  51.532 0.0000000000
40886  36.389  -49.607  52.869 0.0000000000
70409  58.102  -25.676  39.143 0.0000000000
67756  56.425  -26.939  43.969 0.0000000000
56841  44.238  -36.485  48.663 0.0000000000
60144  45.870  -33.535  51.383 0.0000000000
30373  28.080  -57.579  53.806 0.0000000000
23530  26.109  -61.911  50.707 0.0000000000
67715  48.853  -27.922  47.204 0.0000000000
66471  49.502  -29.052  50.714 0.0000000000
66486  48.096  -28.929  50.136 0.0000000000
42366  42.997  -48.405  48.913 0.0000000000
34285  32.707  -54.534  53.506 0.0000000000
39521  33.985  -51.314  52.328 0.0000000000
35631  34.521  -53.957  52.633 0.0000000000
70389  58.721  -24.912  41.129 0.0000000000
65472  57.454  -29.849  38.717 0.0000000000
69131  58.108  -26.145  41.846 0.0000000000
69041  52.769  -26.794  46.037 0.0000000000
70353  53.851  -26.147  43.856 0.0000000000
66549  55.036  -27.827  45.178 0.0000000000
62720  55.891  -29.621  42.074 0.0000000000
62703  54.442  -29.597  43.104 0.0000000000
51195  43.061  -41.166  50.683 0.0000000000
54528  41.647  -38.680  50.240 0.0000000000
55618  43.657  -38.073  50.636 0.0000000000
59011  45.152  -34.732  50.478 0.0000000000
55636  45.703  -37.324  50.843 0.0000000000
55657  47.653  -36.693  50.120 0.0000000000
54561  46.279  -38.610  48.570 0.0000000000
31706  29.881  -56.714  53.532 0.0000000000
69089  51.163  -27.098  44.907 0.0000000000
67691  52.199  -27.940  47.671 0.0000000000
65299  51.301  -29.638  49.248 0.0000000000
62602  49.527  -30.688  48.696 0.0000000000
43634  39.862  -47.897  51.373 0.0000000000
45023  42.394  -46.499  50.709 0.0000000000
47646  43.871  -44.491  49.972 0.0000000000
48879  44.502  -43.668  48.813 0.0000000000
51249  45.607  -41.739  46.410 0.0000000000
45046  37.785  -47.200  50.365 0.0000000000
39498  38.768  -49.614  52.012 0.0000000000
67879  56.185  -27.865  37.620 0.0000000000
71470  57.036  -25.079  42.673 0.0000000000
65417  57.186  -29.267  41.485 0.0000000000
61484  56.189  -31.637  38.617 0.0000000000
65286  45.997  -30.279  49.717 0.0000000000
61339  47.338  -32.603  51.093 0.0000000000
59010  48.124  -34.464  49.463 0.0000000000
23519  24.458  -61.941  51.621 0.0000000000
24830  25.440  -61.267  52.079 0.0000000000
23546  25.125  -62.674  50.030 0.0000000000
66532  47.809  -28.392  46.951 0.0000000000
66501  47.715  -28.699  49.236 0.0000000000
66516  47.293  -28.740  48.178 0.0000000000
34294  33.468  -54.632  53.137 0.0000000000
72608  58.404  -23.858  41.742 0.0000000000
69130  58.338  -25.577  41.487 0.0000000000
70381  58.203  -24.499  41.929 0.0000000000
67709  53.769  -28.021  46.553 0.0000000000
69039  54.395  -26.840  45.681 0.0000000000
65349  54.584  -28.882  45.348 0.0000000000
62682  54.834  -29.610  43.586 0.0000000000
52288  43.417  -40.527  50.332 0.0000000000
53367  43.050  -39.531  50.648 0.0000000000
54501  44.082  -39.038  50.349 0.0000000000
54482  44.656  -37.711  50.680 0.0000000000
54524  45.384  -38.575  49.987 0.0000000000
54523  46.286  -38.006  50.222 0.0000000000
53429  45.450  -39.471  48.353 0.0000000000
30388  28.931  -57.012  53.740 0.0000000000
27616  28.725  -59.503  51.610 0.0000000000
27600  29.931  -58.541  51.665 0.0000000000
67730  49.485  -27.511  46.353 0.0000000000
67758  50.057  -27.450  44.800 0.0000000000
67729  50.274  -27.145  46.418 0.0000000000
69017  51.469  -27.181  46.730 0.0000000000
67692  51.617  -27.831  48.005 0.0000000000
66496  51.454  -28.887  48.545 0.0000000000
66497  50.986  -28.701  49.210 0.0000000000
63902  48.671  -29.986  49.945 0.0000000000
63901  49.644  -29.492  50.333 0.0000000000
62588  48.567  -30.760  49.858 0.0000000000
62631  48.198  -31.473  47.922 0.0000000000
61374  48.038  -32.472  49.445 0.0000000000
42313  40.373  -48.396  51.291 0.0000000000
45006  41.862  -46.413  50.845 0.0000000000
43644  42.033  -47.375  50.674 0.0000000000
45041  43.648  -46.355  49.633 0.0000000000
48871  44.235  -43.782  49.592 0.0000000000
40907  35.365  -50.125  52.362 0.0000000000
43647  36.127  -48.431  51.087 0.0000000000
43638  37.166  -48.557  51.792 0.0000000000
43626  38.180  -48.487  52.084 0.0000000000
40870  37.342  -49.707  52.925 0.0000000000
71525  59.567  -24.179  39.965 0.0000000000
69166  56.683  -27.050  38.477 0.0000000000
65458  57.174  -29.644  39.686 0.0000000000
70329  55.587  -26.233  44.277 0.0000000000
70371  55.154  -25.834  42.557 0.0000000000
71472  55.541  -25.337  43.224 0.0000000000
71494  55.714  -25.029  42.525 0.0000000000
70349  56.998  -25.772  43.282 0.0000000000
67790  57.372  -27.052  42.728 0.0000000000
66606  57.028  -27.918  43.087 0.0000000000
62740  55.521  -29.848  41.000 0.0000000000
62739  55.981  -29.840  41.057 0.0000000000
48840  42.275  -43.051  51.228 0.0000000000
51197  41.362  -41.217  50.369 0.0000000000
56832  42.941  -37.409  50.009 0.0000000000
55677  41.606  -38.127  49.388 0.0000000000
59001  45.500  -34.770  50.860 0.0000000000
60167  45.051  -33.837  50.119 0.0000000000
61364  45.304  -32.813  50.284 0.0000000000
63936  45.153  -30.615  49.146 0.0000000000
62590  45.916  -31.816  50.279 0.0000000000
63905  46.737  -30.894  50.385 0.0000000000
61328  46.767  -33.044  51.529 0.0000000000
54559  47.695  -37.442  48.537 0.0000000000
56829  48.338  -36.143  49.347 0.0000000000
55703  48.120  -36.934  47.595 0.0000000000
57966  47.995  -35.607  47.854 0.0000000000
26215  26.865  -59.769  53.085 0.0000000000
23543  26.629  -62.045  50.084 0.0000000000
22316  26.483  -62.915  46.815 0.0000000000
22298  25.838  -62.906  48.762 0.0000000000
67695  49.217  -28.000  48.201 0.0000000000
66499  49.704  -28.453  49.599 0.0000000000
66500  48.799  -28.398  49.303 0.0000000000
66472  48.786  -29.183  50.274 0.0000000000
63903  48.033  -30.605  50.304 0.0000000000
36853  32.274  -52.997  53.212 0.0000000000
38167  33.548  -51.586  51.093 0.0000000000
38114  33.067  -52.174  53.282 0.0000000000
38112  34.463  -51.495  53.318 0.0000000000
38111  35.495  -51.258  53.293 0.0000000000
38128  36.452  -51.077  52.869 0.0000000000
36889  35.351  -52.842  51.357 0.0000000000
69154  58.348  -25.646  40.144 0.0000000000
67838  57.046  -27.651  39.505 0.0000000000
69141  58.385  -25.613  40.706 0.0000000000
66644  57.233  -28.739  40.332 0.0000000000
65443  57.074  -29.513  40.388 0.0000000000
69087  53.116  -26.686  44.463 0.0000000000
70331  54.025  -26.025  44.524 0.0000000000
70308  54.830  -26.533  44.995 0.0000000000
67757  55.745  -27.275  44.288 0.0000000000
65386  56.474  -28.480  43.278 0.0000000000
64016  55.825  -29.179  43.537 0.0000000000
62702  55.460  -29.558  42.872 0.0000000000
51177  42.999  -41.966  51.360 0.0000000000
52272  41.648  -40.658  50.888 0.0000000000
53369  42.158  -39.852  51.025 0.0000000000
54502  42.594  -38.628  50.560 0.0000000000
56819  43.964  -37.018  50.374 0.0000000000
56830  44.335  -36.393  49.803 0.0000000000
56798  44.388  -37.200  50.678 0.0000000000
56771  45.160  -36.971  50.924 0.0000000000
56795  46.088  -36.413  51.066 0.0000000000
57883  47.074  -35.285  51.234 0.0000000000
55634  46.825  -36.808  50.726 0.0000000000
54545  47.049  -37.884  49.541 0.0000000000
54573  47.387  -38.194  47.645 0.0000000000
33003  29.167  -55.670  52.804 0.0000000000
34306  30.075  -54.972  52.731 0.0000000000
34295  31.336  -54.234  53.110 0.0000000000
31713  31.134  -56.227  53.440 0.0000000000
29043  31.007  -57.873  51.485 0.0000000000
69067  52.463  -26.826  45.393 0.0000000000
67710  52.755  -27.648  46.855 0.0000000000
66513  52.848  -28.631  47.050 0.0000000000
65313  52.491  -29.097  47.466 0.0000000000
63949  51.711  -30.104  48.252 0.0000000000
63966  50.980  -30.588  47.725 0.0000000000
65266  50.883  -29.110  50.485 0.0000000000
63951  50.029  -30.631  48.592 0.0000000000
45025  40.005  -46.820  50.358 0.0000000000
46377  41.365  -45.721  50.312 0.0000000000
46370  42.115  -45.060  51.068 0.0000000000
47611  43.145  -43.582  52.149 0.0000000000
43656  43.088  -47.363  49.708 0.0000000000
46376  43.274  -45.267  50.583 0.0000000000
48823  43.313  -43.447  52.002 0.0000000000
50039  43.478  -43.140  50.934 0.0000000000
50053  43.922  -42.880  50.205 0.0000000000
51223  44.183  -41.579  48.858 0.0000000000
52315  45.147  -40.487  47.931 0.0000000000
50080  45.185  -42.450  47.187 0.0000000000
45026  38.993  -47.278  50.733 0.0000000000
43624  39.308  -48.246  51.839 0.0000000000
39516  39.928  -49.393  51.388 0.0000000000
38144  37.877  -51.043  51.995 0.0000000000
38163  38.894  -51.129  50.914 0.0000000000
70427  56.928  -25.933  37.525 0.0000000000
72595  57.785  -23.767  42.036 0.0000000000
70369  57.710  -25.306  42.239 0.0000000000
66633  57.284  -28.283  41.388 0.0000000000
64081  56.994  -29.980  40.027 0.0000000000
62718  56.899  -29.796  42.022 0.0000000000
62754  56.569  -29.881  40.431 0.0000000000
62790  56.984  -31.691  38.787 0.0000000000
54549  40.879  -38.992  49.397 0.0000000000
66535  45.371  -29.589  47.340 0.0000000000
66517  46.419  -29.106  48.153 0.0000000000
65285  46.554  -29.822  49.904 0.0000000000
63904  47.380  -30.840  50.462 0.0000000000
62576  47.874  -31.480  50.500 0.0000000000
58968  47.241  -34.078  51.313 0.0000000000
60154  47.918  -33.396  50.534 0.0000000000
61362  48.144  -32.494  50.191 0.0000000000
60181  48.025  -33.523  49.062 0.0000000000
53438  45.618  -39.993  47.571 0.0000000000
53446  46.550  -39.453  46.564 0.0000000000
24831  24.702  -61.480  52.320 0.0000000000
24816  24.189  -61.157  53.173 0.0000000000
24815  24.931  -60.826  52.925 0.0000000000
24845  25.233  -61.821  51.398 0.0000000000
66533  46.714  -28.765  47.154 0.0000000000
71491  58.499  -23.966  41.995 0.0000000000
72594  58.188  -23.715  42.017 0.0000000000
65328  53.895  -28.755  46.183 0.0000000000
66530  54.195  -28.191  46.304 0.0000000000
63998  54.566  -29.249  44.765 0.0000000000
62639  53.958  -29.469  44.968 0.0000000000
52287  43.783  -40.307  49.808 0.0000000000
53395  43.817  -39.656  50.128 0.0000000000
54526  44.218  -39.285  50.146 0.0000000000
54500  44.642  -38.396  50.466 0.0000000000
53393  44.845  -39.037  49.868 0.0000000000
53413  45.001  -39.097  49.320 0.0000000000
53414  44.642  -39.683  48.938 0.0000000000
26257  27.339  -61.059  50.644 0.0000000000
27602  28.459  -59.171  52.346 0.0000000000
26256  27.992  -60.753  50.434 0.0000000000
24867  27.834  -61.143  49.876 0.0000000000
67714  49.768  -27.632  47.257 0.0000000000
67713  50.747  -27.442  47.186 0.0000000000
67693  50.923  -27.791  48.126 0.0000000000
67676  50.989  -28.182  48.741 0.0000000000
62575  48.405  -30.721  50.204 0.0000000000
62604  48.291  -31.557  49.720 0.0000000000
40902  40.637  -48.811  50.931 0.0000000000
42312  41.150  -48.244  50.919 0.0000000000
42325  41.909  -48.544  50.461 0.0000000000
40887  35.647  -50.027  52.925 0.0000000000
40925  35.669  -49.562  51.888 0.0000000000
40906  35.986  -49.538  52.412 0.0000000000
43639  36.506  -48.644  51.573 0.0000000000
42315  36.466  -49.005  52.214 0.0000000000
43627  37.578  -48.639  52.154 0.0000000000
42289  36.748  -49.667  53.114 0.0000000000
70397  58.659  -24.916  39.977 0.0000000000
71536  59.475  -24.336  39.176 0.0000000000
69165  57.194  -26.542  38.674 0.0000000000
67856  56.837  -27.249  38.851 0.0000000000
70351  55.585  -25.619  43.698 0.0000000000
70328  56.468  -26.080  43.758 0.0000000000
70350  56.380  -25.562  43.529 0.0000000000
69084  56.751  -26.315  43.657 0.0000000000
67773  57.012  -26.999  43.488 0.0000000000
64082  55.173  -29.857  40.682 0.0000000000
62756  55.693  -30.408  39.777 0.0000000000
50012  42.547  -42.747  51.512 0.0000000000
50027  41.925  -42.349  51.136 0.0000000000
51196  41.594  -41.429  50.869 0.0000000000
56831  43.510  -37.100  49.597 0.0000000000
56842  43.604  -37.132  48.651 0.0000000000
60145  45.580  -33.990  51.264 0.0000000000
60156  45.387  -33.794  50.998 0.0000000000
60155  45.617  -33.279  51.159 0.0000000000
61363  45.653  -32.291  50.376 0.0000000000
61353  45.898  -32.697  50.980 0.0000000000
61352  46.444  -32.350  50.912 0.0000000000
60143  46.246  -33.167  51.478 0.0000000000
54572  47.813  -37.592  47.149 0.0000000000
55687  48.196  -36.590  48.593 0.0000000000
55717  47.984  -37.187  46.524 0.0000000000
24829  26.069  -61.016  51.772 0.0000000000
26229  26.420  -60.377  52.437 0.0000000000
26243  26.715  -60.778  51.482 0.0000000000
23544  26.343  -62.159  50.256 0.0000000000
22288  25.787  -62.815  49.357 0.0000000000
22289  25.697  -62.797  49.406 0.0000000000
66551  47.962  -28.580  45.598 0.0000000000
67748  48.755  -28.181  45.016 0.0000000000
67731  48.676  -27.955  46.109 0.0000000000
66515  48.260  -28.285  48.225 0.0000000000
65269  48.844  -29.550  50.083 0.0000000000
65270  47.959  -29.849  50.055 0.0000000000
35609  32.311  -53.550  53.602 0.0000000000
36852  32.738  -52.519  53.195 0.0000000000
35608  32.923  -53.545  53.606 0.0000000000
34293  34.084  -54.404  52.782 0.0000000000
35607  33.941  -53.139  53.490 0.0000000000
36851  34.614  -52.801  53.223 0.0000000000
36834  34.509  -52.188  53.361 0.0000000000
35619  34.786  -53.148  52.724 0.0000000000
36850  35.082  -52.418  52.801 0.0000000000
72627  58.740  -23.683  40.657 0.0000000000
71516  59.082  -24.228  40.650 0.0000000000
69142  57.977  -26.329  41.168 0.0000000000
69066  53.444  -26.572  45.280 0.0000000000
69038  54.706  -27.154  45.511 0.0000000000
70286  54.622  -26.677  45.371 0.0000000000
69037  55.043  -27.147  45.176 0.0000000000
69063  55.244  -26.997  44.867 0.0000000000
66571  55.553  -27.933  44.402 0.0000000000
65369  55.620  -28.637  44.169 0.0000000000
62722  54.854  -29.629  41.898 0.0000000000
52260  42.418  -40.777  50.966 0.0000000000
52259  42.767  -40.574  50.783 0.0000000000
54484  43.016  -38.810  50.620 0.0000000000
55638  43.281  -38.001  50.609 0.0000000000
56799  43.799  -37.504  50.597 0.0000000000
54481  45.030  -37.361  50.807 0.0000000000
56770  45.571  -36.861  50.986 0.0000000000
56796  45.537  -36.432  50.835 0.0000000000
56769  45.870  -36.919  51.079 0.0000000000
54498  46.134  -37.485  50.672 0.0000000000
54546  46.303  -38.324  49.364 0.0000000000
54560  46.985  -38.220  48.617 0.0000000000
54574  46.684  -38.666  47.895 0.0000000000
31726  27.857  -56.819  53.217 0.0000000000
33004  28.404  -56.147  52.765 0.0000000000
31725  28.407  -56.595  53.377 0.0000000000
31715  29.536  -56.377  53.570 0.0000000000
32994  29.568  -55.525  53.197 0.0000000000
34288  30.246  -55.103  53.514 0.0000000000
34296  30.589  -54.713  53.203 0.0000000000
32986  30.363  -55.512  53.596 0.0000000000
34287  31.258  -54.514  53.664 0.0000000000
31704  30.694  -56.692  53.388 0.0000000000
69090  50.565  -27.232  45.116 0.0000000000
69106  51.276  -26.984  43.943 0.0000000000
69068  51.529  -26.886  45.567 0.0000000000
67711  52.171  -27.569  47.192 0.0000000000
69016  52.113  -27.181  46.661 0.0000000000
67690  52.752  -28.190  47.165 0.0000000000
66514  52.641  -28.567  47.338 0.0000000000
65312  52.887  -28.942  46.929 0.0000000000
66495  52.426  -28.747  47.604 0.0000000000
65298  51.369  -29.382  48.926 0.0000000000
63931  51.840  -29.569  48.370 0.0000000000
63965  51.447  -30.352  47.570 0.0000000000
63950  50.737  -30.488  48.343 0.0000000000
66484  49.975  -28.804  50.409 0.0000000000
66483  50.658  -28.887  50.239 0.0000000000
66470  50.264  -28.922  50.968 0.0000000000
63934  49.845  -30.330  49.212 0.0000000000
62615  49.926  -30.928  48.130 0.0000000000
46378  40.703  -46.370  50.166 0.0000000000
45007  40.886  -46.941  50.591 0.0000000000
47626  42.956  -43.927  51.492 0.0000000000
46369  42.724  -44.356  51.174 0.0000000000
42339  42.671  -48.430  49.694 0.0000000000
46384  43.878  -45.303  49.795 0.0000000000
45021  43.563  -45.870  50.173 0.0000000000
46375  43.647  -44.876  50.277 0.0000000000
47624  43.330  -43.609  51.243 0.0000000000
47638  43.688  -44.056  50.501 0.0000000000
48838  43.996  -42.846  51.603 0.0000000000
48852  43.780  -43.792  50.417 0.0000000000
50052  44.135  -43.431  49.901 0.0000000000
50063  44.348  -43.166  49.402 0.0000000000
50064  44.133  -42.372  49.206 0.0000000000
50073  44.425  -42.116  48.685 0.0000000000
51233  44.680  -41.794  48.429 0.0000000000
50072  44.695  -42.606  48.427 0.0000000000
38149  33.482  -51.655  52.000 0.0000000000
38166  34.140  -51.156  50.672 0.0000000000
38148  34.157  -51.286  51.563 0.0000000000
45047  37.267  -47.423  50.019 0.0000000000
46390  37.560  -47.099  49.845 0.0000000000
45045  38.365  -46.948  50.402 0.0000000000
45027  38.294  -47.480  50.850 0.0000000000
42286  38.025  -48.814  52.563 0.0000000000
43625  38.750  -48.364  52.019 0.0000000000
40883  39.096  -49.048  52.113 0.0000000000
40882  39.527  -48.883  51.827 0.0000000000
39517  38.986  -49.782  51.663 0.0000000000
38145  37.106  -51.420  52.218 0.0000000000
38162  39.759  -50.967  50.423 0.0000000000
69184  57.070  -26.190  37.871 0.0000000000
69185  56.347  -26.686  37.635 0.0000000000
66679  56.571  -28.550  36.934 0.0000000000
66655  56.878  -28.922  39.211 0.0000000000
69120  53.253  -27.135  42.428 0.0000000000
69103  54.187  -26.466  43.026 0.0000000000
71507  56.069  -24.875  41.513 0.0000000000
71493  56.925  -24.424  42.148 0.0000000000
71506  56.754  -24.229  41.173 0.0000000000
66621  57.366  -28.092  42.301 0.0000000000
65418  57.118  -28.876  41.825 0.0000000000
65431  57.087  -29.242  40.983 0.0000000000
64063  56.737  -29.579  40.826 0.0000000000
62700  56.050  -29.517  42.574 0.0000000000
64033  56.538  -29.339  42.253 0.0000000000
62719  56.037  -29.758  42.143 0.0000000000
62755  56.251  -30.261  40.103 0.0000000000
62775  56.499  -31.171  38.999 0.0000000000
62774  56.876  -30.522  39.575 0.0000000000
61483  56.415  -31.631  38.715 0.0000000000
54504  41.558  -39.346  50.598 0.0000000000
53381  41.346  -39.825  50.573 0.0000000000
54529  41.087  -39.111  50.258 0.0000000000
57935  44.887  -35.631  50.099 0.0000000000
62605  44.740  -31.879  49.065 0.0000000000
65301  45.506  -29.938  49.087 0.0000000000
65314  44.992  -29.713  47.947 0.0000000000
66518  45.691  -29.434  48.149 0.0000000000
66503  46.080  -29.354  48.832 0.0000000000
65300  46.210  -29.533  49.276 0.0000000000
62578  46.919  -31.961  50.769 0.0000000000
62577  47.452  -31.596  50.603 0.0000000000
62563  47.414  -32.087  50.720 0.0000000000
55612  47.082  -36.079  51.012 0.0000000000
57861  47.208  -34.820  51.242 0.0000000000
56793  47.692  -36.108  50.373 0.0000000000
57920  48.165  -35.313  49.714 0.0000000000
58999  47.975  -34.364  50.110 0.0000000000
60166  48.148  -33.463  49.869 0.0000000000
59023  48.015  -34.581  48.731 0.0000000000
59059  47.779  -35.288  47.700 0.0000000000
51240  45.390  -41.485  47.035 0.0000000000
52323  45.484  -40.744  47.309 0.0000000000
26230  25.682  -60.598  52.709 0.0000000000
24844  25.858  -61.646  51.222 0.0000000000
22283  25.550  -62.949  49.662 0.0000000000
23532  25.126  -62.377  50.742 0.0000000000
66487  47.292  -29.171  49.814 0.0000000000
31722  32.609  -55.864  52.986 0.0000000000
32983  32.688  -55.406  53.243 0.0000000000
31736  32.843  -56.006  52.256 0.0000000000
34303  33.694  -54.871  52.534 0.0000000000
71504  58.583  -24.239  41.557 0.0000000000
70380  58.232  -25.008  41.703 0.0000000000
69117  58.134  -25.582  41.951 0.0000000000
69014  53.539  -27.177  46.318 0.0000000000
69040  53.707  -26.629  45.879 0.0000000000
69013  54.055  -27.429  46.294 0.0000000000
67728  54.617  -27.672  45.764 0.0000000000
65348  55.138  -28.450  44.896 0.0000000000
65370  55.236  -28.998  44.505 0.0000000000
62660  54.464  -29.542  44.261 0.0000000000
51211  43.376  -41.335  50.462 0.0000000000
52271  43.095  -40.245  50.628 0.0000000000
53379  43.469  -39.546  50.437 0.0000000000
54483  43.817  -38.517  50.537 0.0000000000
55617  44.304  -37.569  50.644 0.0000000000
54499  45.398  -37.735  50.676 0.0000000000
54547  45.622  -38.684  48.966 0.0000000000
54562  45.863  -38.908  48.478 0.0000000000
28984  28.324  -57.757  53.716 0.0000000000
27590  28.166  -58.862  53.114 0.0000000000
29000  29.185  -57.945  53.379 0.0000000000
29024  29.513  -58.039  53.051 0.0000000000
28999  30.102  -57.414  53.202 0.0000000000
27601  29.178  -58.839  51.977 0.0000000000
67747  49.414  -27.651  45.412 0.0000000000
67746  50.028  -27.152  45.650 0.0000000000
69069  50.733  -26.931  45.698 0.0000000000
69043  51.068  -26.899  46.328 0.0000000000
67712  51.527  -27.499  47.356 0.0000000000
67674  52.071  -28.324  47.927 0.0000000000
67675  51.569  -28.262  48.378 0.0000000000
66481  51.183  -29.188  49.389 0.0000000000
65281  51.325  -29.113  49.658 0.0000000000
65268  49.648  -29.252  50.620 0.0000000000
63935  49.025  -30.345  49.507 0.0000000000
62603  48.834  -30.760  49.179 0.0000000000
62616  48.899  -30.920  48.388 0.0000000000
62617  48.172  -31.484  48.888 0.0000000000
61385  47.890  -32.475  48.486 0.0000000000
43622  40.119  -47.988  51.451 0.0000000000
43633  40.557  -47.791  51.090 0.0000000000
43632  41.362  -47.473  50.801 0.0000000000
43673  43.270  -47.593  49.091 0.0000000000
46383  44.164  -44.788  49.487 0.0000000000
47645  44.063  -44.182  49.792 0.0000000000
46395  44.467  -44.947  48.859 0.0000000000
47660  44.594  -44.393  48.367 0.0000000000
39520  34.741  -50.852  52.144 0.0000000000
39539  34.759  -50.658  51.070 0.0000000000
40926  35.360  -49.978  51.486 0.0000000000
43658  36.228  -48.243  50.193 0.0000000000
43657  36.712  -47.936  50.440 0.0000000000
43646  36.998  -48.195  51.014 0.0000000000
45028  37.679  -47.725  50.806 0.0000000000
45010  38.268  -47.890  51.234 0.0000000000
43637  37.988  -48.234  51.608 0.0000000000
42287  37.674  -49.252  52.502 0.0000000000
39483  37.888  -49.802  52.536 0.0000000000
70408  58.731  -25.026  38.652 0.0000000000
70330  54.839  -26.032  44.416 0.0000000000
70352  54.832  -25.811  43.620 0.0000000000
71473  55.338  -25.627  43.148 0.0000000000
70370  55.427  -25.379  42.337 0.0000000000
71471  56.177  -24.959  43.044 0.0000000000
69102  57.337  -26.225  43.013 0.0000000000
65404  56.861  -28.835  42.450 0.0000000000
62721  55.469  -29.624  41.988 0.0000000000
48854  41.947  -43.091  50.593 0.0000000000
55661  42.059  -38.021  50.070 0.0000000000
55676  42.620  -37.680  49.424 0.0000000000
55689  42.069  -38.088  48.316 0.0000000000
63937  44.782  -30.855  48.749 0.0000000000
62591  45.415  -31.813  49.838 0.0000000000
63920  45.711  -30.922  49.685 0.0000000000
63906  46.264  -31.223  50.176 0.0000000000
63919  46.271  -30.606  50.002 0.0000000000
62579  46.397  -31.854  50.573 0.0000000000
62565  46.948  -32.500  51.163 0.0000000000
61340  46.999  -32.741  51.353 0.0000000000
55674  47.960  -36.871  49.249 0.0000000000
56828  48.085  -36.474  49.683 0.0000000000
56840  48.404  -35.984  48.697 0.0000000000
57949  48.197  -35.467  48.405 0.0000000000
56855  48.196  -36.196  47.934 0.0000000000
30390  27.523  -57.475  53.736 0.0000000000
27579  26.975  -58.693  53.909 0.0000000000
27591  27.358  -59.152  53.508 0.0000000000
26228  27.163  -60.084  52.090 0.0000000000
24842  26.910  -61.221  50.798 0.0000000000
23556  26.639  -62.213  49.804 0.0000000000
22306  26.627  -62.923  48.403 0.0000000000
22307  26.329  -63.195  48.080 0.0000000000
22290  25.587  -62.754  49.364 0.0000000000
67677  50.305  -28.127  48.894 0.0000000000
67678  49.615  -28.117  48.880 0.0000000000
66485  49.154  -28.828  50.214 0.0000000000
40945  41.678  -49.667  49.944 0.0000000000
36871  32.113  -53.097  52.433 0.0000000000
38168  32.927  -52.007  51.561 0.0000000000
36870  32.555  -52.528  52.747 0.0000000000
38132  32.902  -52.136  52.969 0.0000000000
38131  33.493  -51.701  52.853 0.0000000000
35621  33.485  -53.941  53.446 0.0000000000
38113  33.573  -51.970  53.373 0.0000000000
38130  34.061  -51.361  53.139 0.0000000000
39502  34.685  -50.643  53.045 0.0000000000
39487  35.299  -50.636  53.322 0.0000000000
40873  35.777  -50.250  53.238 0.0000000000
38098  36.137  -50.653  53.306 0.0000000000
38129  35.641  -51.813  52.749 0.0000000000
38147  35.839  -52.013  52.525 0.0000000000
70398  58.288  -25.666  39.825 0.0000000000
69155  57.907  -26.345  40.008 0.0000000000
67822  57.436  -27.397  40.760 0.0000000000
64101  57.339  -30.377  39.185 0.0000000000
67775  52.843  -27.257  43.286 0.0000000000
69104  53.327  -26.914  43.481 0.0000000000
70287  54.371  -26.547  45.462 0.0000000000
70309  54.212  -26.313  45.159 0.0000000000
69086  55.400  -26.655  44.601 0.0000000000
69085  55.806  -26.646  44.252 0.0000000000
66587  56.290  -27.682  43.727 0.0000000000
66570  55.840  -27.897  43.914 0.0000000000
65387  56.057  -28.894  43.541 0.0000000000
64035  55.768  -29.453  43.061 0.0000000000
64017  55.374  -29.364  43.723 0.0000000000
64064  54.984  -29.804  41.044 0.0000000000
51159  42.919  -42.445  52.022 0.0000000000
51179  42.039  -41.746  51.269 0.0000000000
52261  42.029  -40.736  51.122 0.0000000000
54503  42.014  -39.150  50.753 0.0000000000
53368  42.574  -39.753  50.832 0.0000000000
54485  42.402  -39.242  50.720 0.0000000000
54527  42.204  -38.488  50.420 0.0000000000
55660  42.647  -37.862  50.326 0.0000000000
56820  43.299  -37.433  50.350 0.0000000000
56818  44.684  -36.501  50.446 0.0000000000
56772  44.752  -37.090  50.780 0.0000000000
56797  45.031  -36.637  50.691 0.0000000000
57921  45.246  -35.709  50.526 0.0000000000
57908  45.539  -35.720  50.726 0.0000000000
59000  45.689  -35.062  50.881 0.0000000000
57885  46.157  -34.702  51.300 0.0000000000
57864  46.197  -34.266  51.442 0.0000000000
57906  46.393  -35.496  51.165 0.0000000000
55613  46.889  -36.205  51.000 0.0000000000
55659  47.148  -37.181  50.309 0.0000000000
54522  46.909  -37.483  50.315 0.0000000000
54544  47.453  -37.348  49.687 0.0000000000
36905  31.935  -52.932  50.543 0.0000000000
32995  28.928  -56.107  53.248 0.0000000000
35633  30.980  -54.256  51.735 0.0000000000
35632  31.459  -53.803  51.968 0.0000000000
36891  32.057  -53.111  51.495 0.0000000000
35622  31.751  -53.647  52.899 0.0000000000
34280  31.636  -54.013  53.740 0.0000000000
32984  31.968  -55.389  53.455 0.0000000000
28998  30.699  -57.269  53.024 0.0000000000
30408  31.274  -57.021  52.734 0.0000000000
31712  32.030  -56.018  53.225 0.0000000000
69042  51.887  -26.847  46.169 0.0000000000
69015  52.849  -27.151  46.480 0.0000000000
68992  53.302  -27.679  46.633 0.0000000000
67689  53.169  -28.304  46.798 0.0000000000
65329  53.233  -28.880  46.670 0.0000000000
63980  52.881  -29.642  46.218 0.0000000000
63963  52.855  -29.226  46.805 0.0000000000
63964  52.173  -29.918  47.001 0.0000000000
65297  52.073  -29.186  47.977 0.0000000000
63948  52.176  -29.497  47.762 0.0000000000
66498  50.422  -28.584  49.538 0.0000000000
65282  51.014  -29.251  49.867 0.0000000000
63917  50.214  -29.635  49.925 0.0000000000
63916  50.744  -29.538  49.826 0.0000000000
63933  51.036  -30.031  49.314 0.0000000000
46386  40.332  -46.175  49.791 0.0000000000
47639  42.068  -44.229  50.751 0.0000000000
47627  42.635  -43.750  51.285 0.0000000000
48825  43.005  -43.268  52.475 0.0000000000
42340  42.465  -48.775  50.064 0.0000000000
43643  42.526  -47.642  50.271 0.0000000000
45022  42.935  -46.556  50.411 0.0000000000
45042  43.429  -46.593  50.030 0.0000000000
45005  42.734  -45.568  50.819 0.0000000000
46355  43.043  -44.003  51.517 0.0000000000
47610  43.276  -43.587  52.005 0.0000000000
50010  43.002  -43.013  52.352 0.0000000000
50026  43.213  -42.771  52.308 0.0000000000
51176  43.328  -42.545  51.291 0.0000000000
51194  43.461  -42.071  50.799 0.0000000000
48862  43.941  -43.670  50.234 0.0000000000
51210  43.713  -41.482  49.868 0.0000000000
52305  44.208  -40.527  49.121 0.0000000000
53430  44.711  -40.188  48.441 0.0000000000
52316  44.662  -41.031  48.395 0.0000000000
51232  45.106  -41.539  47.832 0.0000000000
48905  45.125  -43.469  46.807 0.0000000000
38180  33.532  -51.142  50.142 0.0000000000
46387  39.278  -46.385  49.742 0.0000000000
45008  39.586  -47.614  51.016 0.0000000000
43636  38.582  -48.146  51.689 0.0000000000
43635  39.147  -47.992  51.695 0.0000000000
42314  39.967  -48.476  51.564 0.0000000000
39515  40.269  -49.114  51.239 0.0000000000
39536  40.434  -49.327  50.996 0.0000000000
39485  36.913  -50.347  53.173 0.0000000000
39500  37.483  -50.368  52.717 0.0000000000
39518  37.949  -50.355  52.015 0.0000000000
38164  38.044  -51.218  51.338 0.0000000000
38143  38.538  -50.694  51.536 0.0000000000
39538  39.327  -50.547  51.139 0.0000000000
69206  55.808  -27.042  36.550 0.0000000000
71492  57.922  -24.272  42.171 0.0000000000
70368  58.053  -25.294  41.906 0.0000000000
69118  57.818  -26.201  42.344 0.0000000000
67807  57.553  -27.040  41.832 0.0000000000
64047  56.826  -29.437  41.805 0.0000000000
62738  56.500  -29.599  41.254 0.0000000000
64062  56.738  -29.448  41.380 0.0000000000
61506  57.282  -32.263  38.043 0.0000000000
66553  46.082  -29.155  46.226 0.0000000000
52273  41.331  -40.482  50.480 0.0000000000
53396  40.902  -39.684  50.047 0.0000000000
65315  44.660  -30.258  48.324 0.0000000000
66554  45.154  -29.450  46.308 0.0000000000
66534  45.927  -29.233  47.241 0.0000000000
66502  46.720  -29.056  49.166 0.0000000000
65284  47.408  -29.545  50.110 0.0000000000
65271  47.186  -30.125  50.373 0.0000000000
58969  46.976  -34.209  51.483 0.0000000000
60127  47.147  -33.149  51.451 0.0000000000
57904  47.892  -35.154  50.183 0.0000000000
58984  47.668  -34.267  50.755 0.0000000000
60142  47.578  -33.311  51.128 0.0000000000
61351  47.803  -32.476  50.688 0.0000000000
60196  47.650  -33.653  48.053 0.0000000000
59041  47.732  -34.816  47.976 0.0000000000
53437  46.242  -39.367  47.504 0.0000000000
52331  45.704  -40.863  46.596 0.0000000000
52322  45.895  -40.046  46.911 0.0000000000
53436  47.013  -38.831  47.056 0.0000000000
22282  25.751  -62.864  49.639 0.0000000000
22296  26.412  -62.803  48.803 0.0000000000
22297  26.090  -62.818  48.973 0.0000000000
22299  25.440  -62.883  48.668 0.0000000000
22308  25.858  -63.141  47.829 0.0000000000
23531  25.764  -62.174  50.669 0.0000000000
23533  24.343  -62.248  50.968 0.0000000000
23545  25.664  -62.674  49.887 0.0000000000
23557  26.037  -62.704  49.506 0.0000000000
23558  25.629  -62.772  49.532 0.0000000000
23566  26.675  -62.551  49.027 0.0000000000
23567  26.217  -62.711  49.177 0.0000000000
24843  26.383  -61.516  50.922 0.0000000000
24856  27.528  -61.329  50.060 0.0000000000
24857  26.997  -61.590  50.223 0.0000000000
24858  26.637  -61.651  50.508 0.0000000000
26241  28.382  -60.126  51.185 0.0000000000
26242  27.499  -60.563  51.183 0.0000000000
27599  30.560  -58.272  51.384 0.0000000000
27603  27.661  -59.460  52.698 0.0000000000
27613  30.595  -58.370  51.142 0.0000000000
27617  27.959  -59.764  51.796 0.0000000000
28981  29.918  -57.330  53.354 0.0000000000
28982  29.515  -57.417  53.453 0.0000000000
28983  28.883  -57.626  53.592 0.0000000000
29001  28.418  -58.032  53.615 0.0000000000
29002  27.673  -58.034  53.861 0.0000000000
29022  30.819  -57.322  52.791 0.0000000000
29023  30.351  -57.584  52.682 0.0000000000
29025  28.674  -58.311  53.326 0.0000000000
29045  29.729  -58.215  52.370 0.0000000000
29046  28.953  -58.558  52.748 0.0000000000
30369  30.412  -56.913  53.408 0.0000000000
30370  29.937  -57.091  53.458 0.0000000000
30371  29.320  -57.113  53.638 0.0000000000
30372  28.631  -57.390  53.710 0.0000000000
30385  31.396  -56.384  53.249 0.0000000000
30386  30.864  -56.864  53.277 0.0000000000
30387  30.248  -57.103  53.378 0.0000000000
30389  28.338  -57.170  53.776 0.0000000000
30407  31.526  -56.513  53.046 0.0000000000
30409  30.929  -57.376  52.523 0.0000000000
30431  30.786  -57.540  52.290 0.0000000000
31705  30.392  -56.666  53.462 0.0000000000
31711  32.461  -55.753  53.180 0.0000000000
31714  30.403  -56.167  53.560 0.0000000000
31716  28.771  -56.653  53.606 0.0000000000
31717  28.173  -56.940  53.641 0.0000000000
31723  32.055  -56.406  52.630 0.0000000000
32985  31.171  -55.407  53.593 0.0000000000
32987  29.689  -55.719  53.451 0.0000000000
32988  29.219  -56.202  53.476 0.0000000000
32993  33.189  -55.394  52.766 0.0000000000
32996  28.328  -56.372  53.102 0.0000000000
34278  32.313  -54.108  53.705 0.0000000000
34279  31.875  -54.111  53.764 0.0000000000
34286  31.891  -54.638  53.576 0.0000000000
34289  29.868  -55.335  53.423 0.0000000000
34297  29.947  -55.100  53.264 0.0000000000
34304  31.372  -54.056  52.621 0.0000000000
34305  30.808  -54.444  52.373 0.0000000000
35589  32.221  -53.879  53.773 0.0000000000
35590  31.932  -53.893  53.791 0.0000000000
35591  31.743  -53.951  53.972 0.0000000000
35610  31.811  -53.694  53.635 0.0000000000
35620  34.218  -53.773  53.216 0.0000000000
35644  31.026  -54.161  51.141 0.0000000000
36833  34.977  -52.025  53.043 0.0000000000
36835  33.703  -52.499  53.533 0.0000000000
36836  32.838  -52.787  53.496 0.0000000000
36837  32.329  -53.297  53.507 0.0000000000
36869  35.598  -52.420  52.230 0.0000000000
36884  39.512  -51.294  50.175 0.0000000000
36888  36.058  -52.285  51.235 0.0000000000
36890  32.445  -52.476  51.990 0.0000000000
38099  35.992  -50.822  53.305 0.0000000000
38110  36.183  -51.017  53.084 0.0000000000
38127  37.143  -50.857  52.662 0.0000000000
38146  36.221  -51.795  52.463 0.0000000000
38150  32.916  -52.037  52.397 0.0000000000
38165  37.558  -51.309  51.750 0.0000000000
38179  34.002  -50.976  50.280 0.0000000000
39477  36.341  -50.479  53.275 0.0000000000
39478  36.119  -50.368  53.322 0.0000000000
39484  37.637  -49.888  52.807 0.0000000000
39486  35.887  -50.451  53.290 0.0000000000
39499  38.005  -49.727  52.291 0.0000000000
39501  37.007  -50.621  52.900 0.0000000000
39503  34.146  -51.124  52.805 0.0000000000
39519  37.542  -50.825  52.400 0.0000000000
40860  36.416  -50.135  53.319 0.0000000000
40861  36.116  -50.015  53.277 0.0000000000
40868  38.447  -49.064  52.323 0.0000000000
40869  37.889  -49.450  52.460 0.0000000000
40871  36.817  -49.854  53.262 0.0000000000
40872  36.273  -49.913  53.227 0.0000000000
40884  38.379  -49.311  52.283 0.0000000000
40885  36.651  -49.402  52.783 0.0000000000
40901  40.965  -48.600  50.817 0.0000000000
40903  39.974  -48.853  51.510 0.0000000000
40904  39.504  -49.174  51.730 0.0000000000
40905  36.480  -49.368  52.629 0.0000000000
40922  41.151  -48.710  50.692 0.0000000000
42288  36.887  -49.548  52.782 0.0000000000
42290  36.500  -49.699  53.103 0.0000000000
42299  40.039  -48.211  51.532 0.0000000000
42300  39.550  -48.527  51.801 0.0000000000
42301  38.793  -48.677  52.167 0.0000000000
42302  38.218  -48.768  52.299 0.0000000000
42303  37.597  -48.962  52.443 0.0000000000
42304  36.882  -49.225  52.636 0.0000000000
42305  36.637  -49.564  52.942 0.0000000000
42316  36.050  -49.061  51.752 0.0000000000
42324  42.539  -48.189  50.010 0.0000000000
42326  41.712  -49.171  50.315 0.0000000000
42341  42.094  -49.098  50.186 0.0000000000
42354  42.909  -48.300  49.350 0.0000000000
43623  39.822  -48.109  51.581 0.0000000000
43645  37.623  -48.131  51.211 0.0000000000
43655  43.401  -46.867  49.582 0.0000000000
43672  43.407  -46.876  49.327 0.0000000000
45009  38.795  -47.762  51.290 0.0000000000
45011  37.965  -47.958  51.177 0.0000000000
45024  40.803  -46.528  50.333 0.0000000000
45029  37.157  -47.817  50.556 0.0000000000
45043  39.665  -46.495  50.067 0.0000000000
45044  39.108  -46.710  50.245 0.0000000000
46356  42.983  -43.813  51.980 0.0000000000
46367  43.432  -44.387  50.711 0.0000000000
46368  43.107  -44.321  51.050 0.0000000000
46389  37.855  -46.843  49.828 0.0000000000
47609  43.468  -43.841  51.916 0.0000000000
47612  43.096  -43.528  52.001 0.0000000000
47625  43.092  -43.711  51.406 0.0000000000
47637  43.890  -44.025  50.186 0.0000000000
47653  44.353  -44.319  49.176 0.0000000000
48824  43.171  -43.411  52.430 0.0000000000
48826  43.136  -43.144  51.926 0.0000000000
48839  43.516  -43.061  52.311 0.0000000000
48853  43.656  -43.566  50.767 0.0000000000
48863  43.683  -43.401  50.609 0.0000000000
50011  42.982  -42.889  52.129 0.0000000000
50025  43.097  -43.002  51.593 0.0000000000
51158  43.011  -42.698  52.028 0.0000000000
51178  42.547  -41.750  51.304 0.0000000000
53380  41.749  -39.876  50.955 0.0000000000
53397  40.765  -39.826  49.639 0.0000000000
53415  40.756  -39.466  49.509 0.0000000000
53428  46.136  -39.011  48.153 0.0000000000
54497  46.468  -37.244  50.689 0.0000000000
54521  47.282  -37.282  50.116 0.0000000000
54525  44.601  -38.981  50.157 0.0000000000
54548  41.203  -38.644  49.721 0.0000000000
55614  45.669  -37.063  51.018 0.0000000000
55615  45.387  -37.166  50.899 0.0000000000
55616  44.810  -37.207  50.790 0.0000000000
55632  47.583  -36.519  50.299 0.0000000000
55633  47.338  -36.453  50.567 0.0000000000
55635  46.007  -37.101  51.004 0.0000000000
55637  43.909  -37.664  50.650 0.0000000000
55658  47.488  -36.974  50.113 0.0000000000
55673  47.826  -36.719  49.818 0.0000000000
56767  47.346  -35.939  50.778 0.0000000000
56768  47.170  -35.763  51.031 0.0000000000
56792  47.791  -36.470  50.094 0.0000000000
56794  46.798  -35.929  51.116 0.0000000000
56816  47.927  -36.486  49.919 0.0000000000
56817  48.171  -36.031  49.972 0.0000000000
57862  47.088  -34.658  51.310 0.0000000000
57863  46.526  -34.416  51.417 0.0000000000
57882  47.433  -35.220  50.918 0.0000000000
57884  46.672  -34.992  51.300 0.0000000000
57905  46.774  -35.440  51.230 0.0000000000
57907  45.871  -35.475  51.002 0.0000000000
57934  48.331  -35.363  49.083 0.0000000000
57967  47.782  -35.573  47.479 0.0000000000
58970  46.332  -34.014  51.493 0.0000000000
58971  45.919  -34.020  51.384 0.0000000000
58985  45.737  -34.424  51.186 0.0000000000
58986  45.544  -34.207  51.144 0.0000000000
60128  47.201  -33.423  51.558 0.0000000000
60129  46.471  -33.395  51.511 0.0000000000
60130  46.119  -33.718  51.498 0.0000000000
61326  47.068  -32.941  51.467 0.0000000000
61327  46.861  -32.811  51.500 0.0000000000
61341  46.595  -32.811  51.332 0.0000000000
61342  45.815  -32.899  51.372 0.0000000000
61354  45.531  -33.139  50.911 0.0000000000
62564  47.168  -32.334  50.931 0.0000000000
62614  50.586  -30.749  47.749 0.0000000000
62701  55.818  -29.521  42.722 0.0000000000
62737  56.669  -29.464  41.686 0.0000000000
62741  54.883  -29.754  41.305 0.0000000000
63918  49.112  -29.992  49.819 0.0000000000
63921  45.105  -31.176  49.328 0.0000000000
63932  51.768  -29.822  48.795 0.0000000000
63947  52.620  -29.095  47.251 0.0000000000
63962  53.440  -29.050  46.435 0.0000000000
64032  56.916  -29.137  42.011 0.0000000000
64034  56.024  -29.314  43.094 0.0000000000
64048  56.641  -29.598  41.886 0.0000000000
65267  50.460  -29.229  50.578 0.0000000000
65283  50.633  -29.361  50.098 0.0000000000
65296  52.611  -28.860  47.367 0.0000000000
65302  44.952  -30.353  48.877 0.0000000000
65368  55.924  -28.266  43.772 0.0000000000
65388  55.672  -29.062  43.891 0.0000000000
65403  56.996  -29.094  41.856 0.0000000000
65405  56.428  -28.968  42.961 0.0000000000
65430  57.044  -29.504  40.851 0.0000000000
66468  51.072  -29.024  50.345 0.0000000000
66469  50.769  -28.958  50.574 0.0000000000
66482  51.208  -28.988  49.873 0.0000000000
66494  52.769  -28.777  47.193 0.0000000000
66531  53.362  -28.549  46.664 0.0000000000
66550  54.611  -28.301  45.651 0.0000000000
66588  55.812  -27.684  44.040 0.0000000000
67673  52.372  -28.378  47.592 0.0000000000
67708  54.281  -27.719  46.249 0.0000000000
67727  54.916  -27.371  45.306 0.0000000000
67745  55.241  -27.371  44.881 0.0000000000
67759  49.413  -27.797  44.392 0.0000000000
67776  50.028  -27.445  43.808 0.0000000000
67857  56.588  -27.753  38.579 0.0000000000
68991  53.404  -27.933  46.680 0.0000000000
69012  54.428  -27.439  45.975 0.0000000000
69064  55.055  -26.779  45.028 0.0000000000
69065  54.809  -26.747  45.279 0.0000000000
69107  50.633  -27.188  44.322 0.0000000000
70307  55.225  -26.633  44.784 0.0000000000
70327  56.812  -26.061  43.608 0.0000000000
71495  55.433  -25.394  42.916 0.0000000000
71505  58.397  -24.175  42.003 0.0000000000
72593  58.383  -23.871  42.026 0.0000000000
