#!ascii label  , from subject S5_07 vox2ras=TkReg
1069
58092  31.117  -35.450  37.061 0.0000000000
80704  45.400  -16.276  29.245 0.0000000000
67995  36.724  -27.425  32.892 0.0000000000
38319  12.995  -51.312  42.165 0.0000000000
53511  24.424  -39.475  42.505 0.0000000000
72771  38.030  -23.785  32.181 0.0000000000
42507  18.943  -48.294  38.569 0.0000000000
38315  17.073  -52.145  41.540 0.0000000000
45262  23.150  -46.242  38.051 0.0000000000
81926  49.292  -16.002  28.639 0.0000000000
61502  36.173  -32.872  38.823 0.0000000000
62858  35.758  -31.265  35.333 0.0000000000
58077  37.319  -35.959  38.141 0.0000000000
87874  47.292  -10.797  28.756 0.0000000000
87896  50.605  -10.807  26.590 0.0000000000
79558  41.627  -17.118  31.290 0.0000000000
76219  45.942  -20.799  30.768 0.0000000000
73878  41.433  -22.581  30.487 0.0000000000
68003  41.417  -28.032  32.264 0.0000000000
53520  29.271  -40.705  39.079 0.0000000000
33138  11.374  -55.442  42.619 0.0000000000
34436  7.328  -54.637  42.902 0.0000000000
31864  5.095  -55.832  45.375 0.0000000000
55800  27.049  -36.844  39.881 0.0000000000
50219  26.464  -42.750  38.761 0.0000000000
67925  32.256  -27.472  36.505 0.0000000000
67895  37.074  -27.986  37.302 0.0000000000
91175  54.331  -7.553  26.248 0.0000000000
81928  46.988  -15.695  28.885 0.0000000000
78447  48.337  -18.636  30.154 0.0000000000
59168  34.288  -34.060  38.485 0.0000000000
59204  35.569  -33.840  35.875 0.0000000000
58101  33.905  -35.433  36.480 0.0000000000
84356  44.544  -13.692  30.430 0.0000000000
85544  46.470  -12.101  30.667 0.0000000000
85565  45.759  -13.169  28.875 0.0000000000
84382  47.146  -13.172  27.790 0.0000000000
26333  3.680  -60.433  43.023 0.0000000000
76236  41.640  -19.469  30.420 0.0000000000
76225  39.276  -20.420  31.834 0.0000000000
70499  37.166  -25.417  32.482 0.0000000000
70515  39.757  -25.332  31.195 0.0000000000
68005  39.366  -27.745  32.248 0.0000000000
67968  39.094  -28.472  34.061 0.0000000000
39688  14.528  -50.433  41.758 0.0000000000
36998  16.399  -52.936  42.908 0.0000000000
37018  14.147  -52.777  41.990 0.0000000000
34421  13.652  -54.838  43.887 0.0000000000
37020  12.043  -52.529  42.166 0.0000000000
35733  8.471  -53.030  44.895 0.0000000000
33132  5.926  -55.272  44.203 0.0000000000
54651  25.490  -38.071  41.345 0.0000000000
53563  25.681  -38.873  38.822 0.0000000000
51375  24.284  -40.925  39.035 0.0000000000
39738  23.040  -50.564  39.122 0.0000000000
42489  24.833  -49.054  39.855 0.0000000000
62811  41.344  -31.111  37.195 0.0000000000
65507  36.405  -29.240  36.293 0.0000000000
75024  38.728  -21.780  33.285 0.0000000000
71611  37.092  -23.804  34.430 0.0000000000
71613  35.422  -24.820  33.954 0.0000000000
39723  20.369  -51.444  39.313 0.0000000000
38313  19.228  -53.108  41.065 0.0000000000
41120  17.743  -50.321  39.919 0.0000000000
41107  16.119  -49.445  41.390 0.0000000000
41097  13.891  -49.221  43.271 0.0000000000
50200  23.312  -42.766  40.146 0.0000000000
46553  22.576  -44.687  40.156 0.0000000000
43884  21.203  -47.209  38.360 0.0000000000
64094  33.842  -30.851  40.384 0.0000000000
64129  32.968  -30.957  38.132 0.0000000000
62813  36.072  -32.066  37.400 0.0000000000
59190  38.942  -34.028  36.488 0.0000000000
90039  50.420  -8.394  27.490 0.0000000000
87885  48.849  -10.530  27.356 0.0000000000
84393  49.431  -13.044  27.364 0.0000000000
80694  43.287  -16.258  30.219 0.0000000000
78449  45.945  -18.734  29.839 0.0000000000
77364  43.069  -19.096  30.095 0.0000000000
75053  43.250  -21.727  30.564 0.0000000000
71654  44.219  -24.577  31.365 0.0000000000
73880  39.308  -22.605  31.267 0.0000000000
70513  42.087  -25.295  31.122 0.0000000000
54678  29.422  -38.266  37.589 0.0000000000
54692  32.121  -38.235  37.507 0.0000000000
81895  43.952  -14.647  32.731 0.0000000000
38285  11.208  -51.195  43.903 0.0000000000
35770  10.172  -52.352  43.074 0.0000000000
34446  9.453  -54.705  42.328 0.0000000000
30564  8.942  -57.450  43.634 0.0000000000
30566  6.618  -57.311  42.805 0.0000000000
30583  4.595  -57.616  42.922 0.0000000000
30568  3.544  -57.631  43.805 0.0000000000
29180  2.251  -58.409  45.854 0.0000000000
56963  29.184  -35.858  39.538 0.0000000000
54680  27.216  -38.016  38.513 0.0000000000
52426  27.668  -41.519  38.813 0.0000000000
47846  24.559  -44.494  37.989 0.0000000000
69240  34.336  -26.652  34.183 0.0000000000
65511  32.172  -29.523  36.101 0.0000000000
66736  33.804  -28.530  35.055 0.0000000000
67947  36.121  -27.796  35.231 0.0000000000
55796  35.366  -37.819  39.542 0.0000000000
88977  55.900  -9.106  24.894 0.0000000000
90044  52.480  -8.708  26.399 0.0000000000
87902  54.066  -10.898  25.182 0.0000000000
81929  45.893  -15.541  28.932 0.0000000000
80702  47.628  -16.733  29.144 0.0000000000
79581  45.935  -17.132  29.330 0.0000000000
59170  32.513  -34.303  37.996 0.0000000000
59183  33.254  -34.253  36.972 0.0000000000
59197  32.516  -35.269  36.589 0.0000000000
83196  44.393  -14.422  29.736 0.0000000000
84369  45.205  -13.648  29.384 0.0000000000
83195  45.422  -14.528  28.921 0.0000000000
83194  46.391  -14.836  28.605 0.0000000000
24949  2.879  -60.983  42.806 0.0000000000
78422  40.103  -18.631  32.604 0.0000000000
77321  39.454  -19.774  33.252 0.0000000000
68008  36.914  -26.658  32.613 0.0000000000
69278  38.244  -26.350  31.867 0.0000000000
68007  37.527  -27.039  32.480 0.0000000000
67993  38.642  -28.135  33.049 0.0000000000
67994  37.571  -27.924  32.973 0.0000000000
39689  13.722  -50.640  42.095 0.0000000000
37017  14.762  -52.375  41.877 0.0000000000
37019  12.947  -52.626  42.057 0.0000000000
38320  12.305  -51.957  42.396 0.0000000000
53510  25.087  -38.564  42.139 0.0000000000
53542  24.544  -39.371  40.029 0.0000000000
52428  24.232  -40.157  40.182 0.0000000000
38332  22.498  -52.039  40.899 0.0000000000
66651  32.080  -28.730  40.652 0.0000000000
62796  41.268  -30.911  38.259 0.0000000000
71612  36.125  -24.037  34.053 0.0000000000
71596  35.439  -24.317  34.841 0.0000000000
41156  19.371  -49.606  38.699 0.0000000000
39725  18.344  -50.725  39.741 0.0000000000
42490  18.008  -48.929  39.415 0.0000000000
42478  16.356  -48.101  41.456 0.0000000000
43813  15.672  -47.461  42.761 0.0000000000
42463  14.935  -48.258  42.810 0.0000000000
49002  23.264  -43.238  41.336 0.0000000000
45244  19.823  -46.628  39.440 0.0000000000
43863  20.783  -46.834  38.718 0.0000000000
43886  19.560  -47.914  38.353 0.0000000000
41176  20.148  -49.058  37.947 0.0000000000
62784  34.577  -31.849  38.671 0.0000000000
61515  36.157  -32.709  37.717 0.0000000000
58099  36.025  -35.019  36.205 0.0000000000
59192  37.137  -34.348  35.924 0.0000000000
58087  38.095  -34.933  37.122 0.0000000000
59166  40.280  -34.823  37.627 0.0000000000
58061  39.757  -35.769  39.042 0.0000000000
87863  46.691  -10.943  29.864 0.0000000000
88961  48.805  -9.018  28.325 0.0000000000
87873  47.709  -10.185  28.296 0.0000000000
83192  48.623  -14.945  28.304 0.0000000000
84394  48.493  -12.948  27.521 0.0000000000
83206  49.428  -14.396  27.944 0.0000000000
80695  42.639  -16.771  30.573 0.0000000000
79575  43.083  -17.373  30.232 0.0000000000
79576  42.152  -17.364  30.690 0.0000000000
76223  41.510  -20.421  30.407 0.0000000000
76222  42.777  -20.757  30.316 0.0000000000
75054  42.066  -21.617  30.375 0.0000000000
73876  43.733  -22.639  31.034 0.0000000000
72784  43.082  -23.582  31.115 0.0000000000
73865  38.263  -22.977  32.518 0.0000000000
75058  38.568  -22.247  31.913 0.0000000000
72789  38.459  -23.633  31.734 0.0000000000
69289  40.636  -26.553  31.335 0.0000000000
70514  40.910  -25.650  31.198 0.0000000000
70496  41.752  -26.254  31.263 0.0000000000
70495  42.963  -25.793  31.384 0.0000000000
53560  28.781  -39.155  38.395 0.0000000000
54677  30.555  -38.756  37.627 0.0000000000
80669  42.172  -16.301  32.719 0.0000000000
81905  42.769  -15.563  31.710 0.0000000000
81904  43.027  -15.365  30.965 0.0000000000
38314  18.145  -52.653  41.468 0.0000000000
38297  17.387  -52.914  42.100 0.0000000000
34433  12.626  -54.914  42.644 0.0000000000
33116  12.984  -55.518  44.667 0.0000000000
33117  12.033  -56.051  44.648 0.0000000000
33129  11.418  -56.244  43.721 0.0000000000
38271  10.829  -51.495  45.043 0.0000000000
36984  10.860  -51.655  43.625 0.0000000000
35751  9.969  -52.311  44.602 0.0000000000
34435  7.910  -53.970  43.239 0.0000000000
35772  8.685  -53.795  42.716 0.0000000000
34447  8.346  -54.730  42.420 0.0000000000
31889  9.139  -56.282  42.702 0.0000000000
33141  7.786  -55.984  42.467 0.0000000000
30565  7.665  -57.614  43.374 0.0000000000
33142  7.072  -55.585  42.745 0.0000000000
33133  5.526  -55.674  44.686 0.0000000000
31882  5.280  -56.360  43.264 0.0000000000
31872  4.983  -56.078  44.238 0.0000000000
30584  3.916  -57.851  43.194 0.0000000000
31873  4.273  -56.573  44.805 0.0000000000
55785  29.082  -35.824  41.291 0.0000000000
55783  30.196  -35.638  41.241 0.0000000000
56964  28.621  -36.168  39.939 0.0000000000
55815  28.113  -36.976  38.471 0.0000000000
55816  27.342  -37.130  38.967 0.0000000000
51396  25.159  -40.551  38.593 0.0000000000
53540  26.585  -40.035  38.682 0.0000000000
51373  26.199  -41.722  38.584 0.0000000000
47848  23.392  -44.198  38.143 0.0000000000
49054  23.738  -43.715  37.944 0.0000000000
46594  24.013  -45.339  38.034 0.0000000000
43860  25.386  -47.540  39.705 0.0000000000
77353  45.907  -20.023  30.524 0.0000000000
77360  47.026  -19.593  30.448 0.0000000000
76218  46.999  -20.845  31.028 0.0000000000
70446  33.543  -25.872  36.859 0.0000000000
70467  33.727  -26.076  35.029 0.0000000000
69228  33.281  -26.728  35.174 0.0000000000
62816  33.829  -31.382  36.547 0.0000000000
64149  32.277  -30.622  37.324 0.0000000000
64166  33.990  -30.886  35.623 0.0000000000
66704  35.941  -28.536  36.396 0.0000000000
66705  34.927  -28.682  36.045 0.0000000000
67923  35.000  -28.404  35.757 0.0000000000
67948  34.840  -28.248  34.959 0.0000000000
67946  37.437  -27.894  35.227 0.0000000000
55824  33.831  -37.332  37.733 0.0000000000
90041  54.858  -8.105  25.926 0.0000000000
88967  50.089  -9.322  27.113 0.0000000000
90038  51.256  -8.227  27.202 0.0000000000
88974  51.515  -9.755  26.527 0.0000000000
86779  53.379  -11.806  25.229 0.0000000000
85600  54.398  -12.757  24.830 0.0000000000
45224  18.347  -46.692  40.044 0.0000000000
43849  17.709  -47.242  40.122 0.0000000000
81927  48.111  -15.816  28.768 0.0000000000
80690  50.164  -17.113  29.808 0.0000000000
80692  48.456  -17.285  29.479 0.0000000000
60301  35.661  -33.523  38.441 0.0000000000
60324  36.030  -33.181  36.857 0.0000000000
59181  35.033  -34.112  36.897 0.0000000000
59195  34.127  -34.712  36.519 0.0000000000
58090  35.424  -35.740  36.958 0.0000000000
84343  46.428  -13.035  31.752 0.0000000000
85545  45.667  -12.636  30.395 0.0000000000
85555  46.176  -12.131  29.738 0.0000000000
85564  46.371  -12.339  28.601 0.0000000000
86745  47.194  -11.596  28.147 0.0000000000
84383  46.288  -13.449  28.446 0.0000000000
83193  47.426  -14.920  28.481 0.0000000000
26325  4.708  -60.685  44.349 0.0000000000
79550  41.289  -17.335  32.678 0.0000000000
78436  41.581  -17.864  31.202 0.0000000000
78437  40.872  -18.474  31.445 0.0000000000
76224  40.280  -20.410  31.033 0.0000000000
75055  40.827  -21.512  30.524 0.0000000000
71644  37.528  -24.549  32.530 0.0000000000
71660  38.470  -24.425  31.599 0.0000000000
69292  38.498  -25.545  31.554 0.0000000000
69277  39.165  -26.867  31.713 0.0000000000
68004  40.374  -27.906  32.230 0.0000000000
66770  40.272  -28.904  33.383 0.0000000000
67967  39.866  -28.767  33.919 0.0000000000
52408  29.674  -41.999  40.035 0.0000000000
38316  16.174  -51.835  41.577 0.0000000000
38298  16.661  -52.637  42.195 0.0000000000
38317  15.215  -51.824  41.685 0.0000000000
36999  15.417  -53.195  42.532 0.0000000000
35767  14.800  -53.926  43.150 0.0000000000
34442  12.888  -54.215  42.328 0.0000000000
34443  12.099  -54.156  42.295 0.0000000000
35732  9.222  -52.571  45.353 0.0000000000
34406  7.826  -53.428  45.647 0.0000000000
34424  7.214  -54.308  44.000 0.0000000000
33131  6.614  -54.978  43.555 0.0000000000
33119  6.525  -54.773  44.899 0.0000000000
33104  5.958  -54.785  45.780 0.0000000000
31851  5.563  -55.292  46.188 0.0000000000
55788  26.721  -37.292  41.494 0.0000000000
54662  26.226  -37.667  39.759 0.0000000000
54663  25.560  -38.229  40.186 0.0000000000
52450  24.959  -39.505  39.030 0.0000000000
51374  25.101  -41.518  38.424 0.0000000000
42505  23.459  -48.704  38.112 0.0000000000
43862  24.206  -47.950  38.530 0.0000000000
41152  23.906  -49.857  39.055 0.0000000000
73873  46.712  -22.659  31.244 0.0000000000
67897  31.798  -27.694  37.357 0.0000000000
64187  39.627  -31.222  35.464 0.0000000000
64189  37.603  -30.505  35.364 0.0000000000
64164  38.595  -30.211  36.506 0.0000000000
65491  38.443  -29.549  37.413 0.0000000000
92320  53.236  -6.491  27.427 0.0000000000
27741  0.651  -59.598  43.786 0.0000000000
72754  38.735  -22.747  34.315 0.0000000000
72755  38.007  -23.533  33.390 0.0000000000
72756  37.613  -24.100  32.990 0.0000000000
71622  37.126  -24.231  33.456 0.0000000000
70500  36.670  -25.521  32.703 0.0000000000
70477  35.491  -25.796  33.271 0.0000000000
38348  20.951  -51.958  40.101 0.0000000000
37030  20.591  -53.494  41.073 0.0000000000
38349  19.824  -51.874  40.052 0.0000000000
39705  18.263  -51.357  40.381 0.0000000000
39706  17.256  -50.649  40.547 0.0000000000
42477  16.932  -48.006  40.687 0.0000000000
39707  16.805  -49.876  40.984 0.0000000000
39686  16.618  -50.935  41.110 0.0000000000
39687  15.608  -50.641  41.440 0.0000000000
39672  13.902  -49.911  42.438 0.0000000000
39673  13.222  -50.041  42.989 0.0000000000
51332  23.621  -41.360  41.680 0.0000000000
50179  23.596  -42.340  41.132 0.0000000000
47811  23.048  -43.946  40.142 0.0000000000
46596  22.450  -45.696  38.423 0.0000000000
45242  21.734  -46.047  39.186 0.0000000000
45263  22.062  -46.510  38.378 0.0000000000
43883  22.497  -47.300  38.158 0.0000000000
41174  22.086  -49.398  37.792 0.0000000000
39740  21.012  -50.851  38.632 0.0000000000
65452  33.411  -30.132  40.842 0.0000000000
65467  32.761  -30.130  40.307 0.0000000000
64111  34.010  -31.223  38.910 0.0000000000
62800  34.548  -31.707  37.857 0.0000000000
62832  35.985  -31.917  36.033 0.0000000000
60337  36.072  -33.360  35.765 0.0000000000
61546  36.505  -32.596  35.396 0.0000000000
61544  38.489  -32.508  35.031 0.0000000000
60320  40.696  -33.008  36.391 0.0000000000
59164  41.715  -34.060  38.511 0.0000000000
90034  50.089  -7.937  28.418 0.0000000000
88960  49.588  -8.654  27.869 0.0000000000
87884  49.866  -10.466  26.973 0.0000000000
86761  47.819  -11.339  27.789 0.0000000000
85579  48.898  -12.236  27.356 0.0000000000
80705  44.321  -16.181  29.550 0.0000000000
79582  44.915  -16.957  29.411 0.0000000000
79574  44.183  -17.352  29.801 0.0000000000
78450  44.783  -18.528  29.855 0.0000000000
76233  44.519  -20.165  30.319 0.0000000000
77365  42.127  -18.925  30.222 0.0000000000
76234  43.474  -20.010  30.199 0.0000000000
76220  44.919  -20.956  30.564 0.0000000000
73875  44.848  -22.588  31.103 0.0000000000
72769  45.222  -24.161  31.406 0.0000000000
75034  38.821  -21.084  32.721 0.0000000000
75056  39.722  -21.526  31.106 0.0000000000
73879  40.304  -22.545  30.734 0.0000000000
71659  39.391  -24.414  31.272 0.0000000000
72786  40.920  -23.532  30.759 0.0000000000
72785  41.998  -23.549  30.777 0.0000000000
70512  42.772  -25.058  31.129 0.0000000000
56990  30.374  -36.233  37.042 0.0000000000
57001  31.053  -36.604  36.754 0.0000000000
55827  30.802  -37.255  36.998 0.0000000000
54676  31.628  -38.831  37.854 0.0000000000
83169  44.420  -14.074  31.617 0.0000000000
83181  43.672  -14.763  30.412 0.0000000000
39661  12.831  -49.846  44.201 0.0000000000
38268  12.213  -50.123  45.162 0.0000000000
38300  12.349  -50.308  43.422 0.0000000000
37001  11.761  -52.051  42.817 0.0000000000
35784  11.303  -53.020  42.424 0.0000000000
34444  11.159  -54.347  42.246 0.0000000000
35752  9.301  -52.820  44.091 0.0000000000
35786  9.469  -53.940  42.448 0.0000000000
33150  10.309  -55.268  42.386 0.0000000000
33140  9.818  -56.304  42.801 0.0000000000
30563  9.620  -57.397  43.856 0.0000000000
29198  5.912  -58.839  43.665 0.0000000000
31881  6.139  -56.598  42.749 0.0000000000
29229  5.716  -57.941  42.898 0.0000000000
29215  5.092  -59.009  43.077 0.0000000000
27753  4.090  -59.089  42.701 0.0000000000
27754  3.344  -59.218  42.703 0.0000000000
27755  2.406  -59.474  42.916 0.0000000000
30538  3.787  -56.888  45.440 0.0000000000
30553  2.924  -58.021  45.061 0.0000000000
29218  1.323  -59.205  43.873 0.0000000000
58066  31.184  -35.027  39.150 0.0000000000
56961  30.775  -34.848  39.839 0.0000000000
56976  30.078  -35.867  38.079 0.0000000000
56977  28.994  -35.955  38.259 0.0000000000
54679  28.255  -38.076  37.991 0.0000000000
53561  27.677  -39.009  38.547 0.0000000000
54681  26.290  -38.262  38.889 0.0000000000
53539  27.283  -39.938  38.889 0.0000000000
52447  28.622  -40.763  38.740 0.0000000000
50199  23.640  -42.016  39.665 0.0000000000
50221  24.206  -42.548  38.598 0.0000000000
49052  25.014  -43.689  38.124 0.0000000000
45241  24.658  -46.949  38.807 0.0000000000
46573  25.715  -45.481  39.028 0.0000000000
47827  26.145  -44.456  39.072 0.0000000000
79572  46.524  -17.923  29.678 0.0000000000
70444  34.799  -24.793  35.636 0.0000000000
70465  34.942  -25.839  33.750 0.0000000000
69239  35.077  -26.968  33.750 0.0000000000
65483  31.481  -29.714  38.538 0.0000000000
66687  31.374  -28.929  37.498 0.0000000000
66708  31.846  -28.437  36.374 0.0000000000
65528  34.918  -29.953  35.356 0.0000000000
66707  32.864  -28.750  35.480 0.0000000000
66737  33.291  -28.062  35.110 0.0000000000
67949  33.826  -27.909  34.629 0.0000000000
67971  35.443  -27.890  34.073 0.0000000000
67970  36.664  -27.997  33.876 0.0000000000
67969  38.000  -28.065  34.044 0.0000000000
56999  32.646  -36.483  36.736 0.0000000000
56986  34.378  -36.686  37.475 0.0000000000
56973  36.481  -36.597  38.456 0.0000000000
56942  36.836  -37.430  39.940 0.0000000000
56957  38.220  -36.393  39.696 0.0000000000
90046  56.674  -7.936  24.690 0.0000000000
91170  52.321  -7.394  27.239 0.0000000000
90043  53.276  -8.507  26.115 0.0000000000
87904  52.373  -10.927  25.832 0.0000000000
88980  53.496  -10.024  25.648 0.0000000000
90042  54.095  -8.313  25.998 0.0000000000
88978  55.021  -9.299  24.896 0.0000000000
86796  56.319  -11.588  23.440 0.0000000000
80703  46.463  -16.434  29.142 0.0000000000
59171  31.896  -34.521  37.714 0.0000000000
59184  32.365  -34.664  37.005 0.0000000000
59185  31.661  -34.890  37.283 0.0000000000
81930  44.874  -15.380  29.246 0.0000000000
24950  2.106  -61.224  42.725 0.0000000000
38318  14.196  -51.562  41.791 0.0000000000
53523  24.544  -39.449  41.169 0.0000000000
52410  24.019  -40.396  41.703 0.0000000000
37028  22.268  -52.752  41.232 0.0000000000
37027  22.894  -52.431  41.221 0.0000000000
65436  32.499  -29.180  41.643 0.0000000000
41157  18.580  -49.019  39.037 0.0000000000
42508  18.166  -48.309  39.129 0.0000000000
43865  19.410  -47.283  38.834 0.0000000000
41177  19.548  -48.731  38.270 0.0000000000
62798  35.766  -32.494  38.468 0.0000000000
58088  37.225  -35.143  36.832 0.0000000000
58076  38.634  -35.387  37.883 0.0000000000
87875  46.932  -11.040  29.298 0.0000000000
87862  47.218  -10.454  29.696 0.0000000000
88963  47.499  -9.979  29.145 0.0000000000
83207  48.548  -14.160  27.860 0.0000000000
83191  49.906  -15.239  28.299 0.0000000000
27714  5.792  -59.976  45.066 0.0000000000
80678  42.286  -16.284  31.352 0.0000000000
73877  42.586  -22.609  30.735 0.0000000000
73881  38.473  -22.801  31.784 0.0000000000
69275  41.091  -27.111  31.562 0.0000000000
70497  41.114  -26.419  31.276 0.0000000000
69274  42.174  -26.983  31.815 0.0000000000
53537  29.453  -39.953  38.980 0.0000000000
53559  29.906  -39.451  38.120 0.0000000000
80670  41.754  -16.691  32.263 0.0000000000
81897  42.645  -15.704  32.386 0.0000000000
38296  17.820  -53.129  42.003 0.0000000000
33137  12.095  -55.196  42.765 0.0000000000
33128  12.345  -55.485  43.508 0.0000000000
36973  10.517  -51.863  45.124 0.0000000000
34448  7.613  -55.044  42.565 0.0000000000
33153  7.839  -55.391  42.468 0.0000000000
31883  4.328  -56.733  43.736 0.0000000000
55774  27.979  -36.527  41.978 0.0000000000
55773  28.836  -36.272  42.003 0.0000000000
55786  28.102  -36.151  40.769 0.0000000000
56948  28.776  -35.941  40.573 0.0000000000
55799  27.850  -36.450  39.421 0.0000000000
51395  25.834  -40.952  38.513 0.0000000000
46595  23.300  -45.150  38.209 0.0000000000
69213  32.483  -27.036  37.145 0.0000000000
69193  32.978  -26.346  37.497 0.0000000000
69212  32.826  -26.623  36.292 0.0000000000
62834  34.198  -31.249  35.928 0.0000000000
62859  34.955  -31.125  35.488 0.0000000000
67896  36.347  -28.132  36.786 0.0000000000
67922  35.822  -28.070  36.287 0.0000000000
67921  37.086  -27.747  36.440 0.0000000000
92326  54.494  -6.930  26.547 0.0000000000
91174  54.959  -7.318  26.097 0.0000000000
88975  50.736  -10.028  26.762 0.0000000000
88966  50.966  -9.079  26.894 0.0000000000
87895  51.303  -10.684  26.364 0.0000000000
45201  18.760  -46.138  40.891 0.0000000000
45202  17.912  -46.396  40.792 0.0000000000
45179  18.341  -45.861  41.518 0.0000000000
45223  19.275  -46.330  40.192 0.0000000000
80701  48.769  -16.742  29.016 0.0000000000
79571  47.706  -17.789  29.681 0.0000000000
79570  48.832  -17.877  29.807 0.0000000000
60302  34.966  -33.829  37.879 0.0000000000
59182  34.349  -34.084  37.095 0.0000000000
59196  33.171  -34.966  36.571 0.0000000000
58100  35.033  -35.332  36.458 0.0000000000
56997  34.582  -35.934  36.822 0.0000000000
84345  44.533  -13.785  31.013 0.0000000000
84344  45.259  -13.366  31.351 0.0000000000
84355  44.957  -13.165  30.083 0.0000000000
85556  45.588  -12.805  29.450 0.0000000000
83209  46.792  -14.143  28.198 0.0000000000
26332  4.265  -60.602  43.595 0.0000000000
79559  41.220  -17.598  31.777 0.0000000000
78421  40.636  -18.085  32.317 0.0000000000
77356  39.390  -19.750  31.949 0.0000000000
77355  39.867  -19.306  31.778 0.0000000000
70498  37.880  -25.245  31.850 0.0000000000
68006  38.387  -27.420  32.320 0.0000000000
69276  40.086  -27.145  31.620 0.0000000000
67944  39.956  -28.668  35.077 0.0000000000
38299  15.998  -52.509  42.148 0.0000000000
37000  14.731  -53.430  42.450 0.0000000000
35766  15.301  -53.822  43.621 0.0000000000
35781  14.324  -53.687  42.475 0.0000000000
35782  13.533  -53.712  42.303 0.0000000000
35783  12.498  -53.394  42.151 0.0000000000
34423  7.863  -53.686  44.435 0.0000000000
34407  7.090  -53.903  45.218 0.0000000000
31837  6.155  -54.953  47.038 0.0000000000
54641  26.245  -37.768  42.310 0.0000000000
55776  26.879  -37.395  42.115 0.0000000000
54650  26.080  -37.643  40.911 0.0000000000
52451  24.717  -39.841  39.194 0.0000000000
51397  24.815  -40.166  38.826 0.0000000000
41153  22.754  -49.853  38.317 0.0000000000
67872  31.854  -27.651  38.653 0.0000000000
62830  41.082  -31.437  36.437 0.0000000000
64163  39.673  -30.688  36.145 0.0000000000
62812  40.598  -30.730  36.670 0.0000000000
64127  40.264  -30.345  38.651 0.0000000000
64146  38.866  -30.017  37.311 0.0000000000
65490  39.002  -29.735  37.780 0.0000000000
73852  38.520  -22.573  33.301 0.0000000000
71623  36.176  -24.849  33.443 0.0000000000
70476  36.063  -25.654  32.910 0.0000000000
71624  35.601  -25.379  33.447 0.0000000000
39684  18.055  -51.971  40.894 0.0000000000
43831  17.412  -46.994  41.063 0.0000000000
42462  15.800  -48.278  42.159 0.0000000000
41122  16.653  -48.972  41.004 0.0000000000
41108  15.199  -49.375  41.933 0.0000000000
42464  14.361  -48.741  43.051 0.0000000000
41109  14.398  -49.296  42.450 0.0000000000
50158  23.307  -41.837  42.392 0.0000000000
47793  22.743  -44.026  41.097 0.0000000000
46574  22.656  -44.919  38.864 0.0000000000
45264  21.400  -46.531  38.688 0.0000000000
42524  22.106  -48.360  37.726 0.0000000000
41155  20.524  -49.949  38.260 0.0000000000
39722  21.541  -51.470  39.358 0.0000000000
65451  33.971  -30.338  40.978 0.0000000000
64095  33.169  -30.462  40.308 0.0000000000
62799  35.180  -32.115  38.114 0.0000000000
62814  35.354  -31.796  37.071 0.0000000000
60325  35.541  -33.609  36.099 0.0000000000
60338  35.736  -33.648  35.825 0.0000000000
59191  38.165  -34.202  36.274 0.0000000000
60336  37.018  -33.492  35.283 0.0000000000
60323  37.768  -33.800  35.674 0.0000000000
60335  38.056  -33.347  35.103 0.0000000000
60334  38.874  -33.188  35.369 0.0000000000
61543  39.427  -32.604  35.304 0.0000000000
60321  39.642  -33.431  36.067 0.0000000000
58074  40.644  -35.105  38.119 0.0000000000
59165  41.098  -34.462  38.045 0.0000000000
85543  46.992  -11.982  31.198 0.0000000000
90030  50.001  -7.788  29.613 0.0000000000
90035  49.383  -8.339  28.940 0.0000000000
88969  48.321  -9.784  27.817 0.0000000000
88968  49.197  -9.573  27.446 0.0000000000
85563  47.073  -12.332  27.963 0.0000000000
85580  47.830  -12.252  27.661 0.0000000000
84380  48.993  -13.626  27.710 0.0000000000
85578  49.865  -12.350  27.087 0.0000000000
80706  43.792  -15.712  29.834 0.0000000000
79583  44.372  -16.799  29.627 0.0000000000
80693  44.032  -16.655  29.777 0.0000000000
78451  43.659  -18.315  30.019 0.0000000000
77363  44.146  -19.280  30.097 0.0000000000
77366  41.453  -18.814  30.735 0.0000000000
78453  41.922  -18.273  30.692 0.0000000000
76221  43.895  -20.912  30.408 0.0000000000
75052  44.343  -21.751  30.789 0.0000000000
72783  44.338  -23.723  31.263 0.0000000000
72770  44.641  -24.363  31.377 0.0000000000
76192  39.251  -20.480  33.357 0.0000000000
75057  38.845  -21.803  31.779 0.0000000000
70516  38.895  -25.135  31.291 0.0000000000
71658  40.409  -24.487  31.106 0.0000000000
71657  41.484  -24.480  31.033 0.0000000000
71656  42.487  -24.439  31.060 0.0000000000
55828  29.802  -37.197  37.169 0.0000000000
54694  30.323  -37.924  37.327 0.0000000000
53558  31.083  -39.503  38.296 0.0000000000
83159  43.917  -14.456  32.145 0.0000000000
81917  43.537  -15.397  30.169 0.0000000000
81932  43.819  -15.377  29.863 0.0000000000
38312  19.716  -53.353  40.891 0.0000000000
35780  20.302  -53.970  41.873 0.0000000000
37014  19.891  -53.523  41.352 0.0000000000
41082  13.206  -49.278  44.832 0.0000000000
38270  11.156  -51.044  45.004 0.0000000000
38269  11.908  -50.371  45.497 0.0000000000
38284  11.717  -50.629  44.240 0.0000000000
38283  12.232  -50.134  44.662 0.0000000000
38301  11.741  -51.094  42.919 0.0000000000
37003  10.611  -51.960  43.374 0.0000000000
37002  10.985  -52.039  42.793 0.0000000000
35769  10.826  -52.466  42.723 0.0000000000
35785  10.272  -53.510  42.467 0.0000000000
35787  8.971  -54.259  42.440 0.0000000000
34445  10.240  -54.431  42.302 0.0000000000
33151  9.445  -55.735  42.431 0.0000000000
31879  8.449  -56.633  42.916 0.0000000000
29212  7.173  -58.245  43.857 0.0000000000
29213  6.431  -58.128  43.298 0.0000000000
29197  6.560  -58.796  44.160 0.0000000000
33143  6.146  -55.802  43.360 0.0000000000
31891  5.249  -56.953  42.733 0.0000000000
31890  5.647  -57.057  42.639 0.0000000000
30582  5.332  -57.515  42.757 0.0000000000
29214  5.553  -58.608  43.186 0.0000000000
29230  4.848  -58.471  42.865 0.0000000000
27738  4.560  -59.616  43.031 0.0000000000
29231  3.873  -58.459  42.892 0.0000000000
29216  3.343  -58.279  43.303 0.0000000000
29232  2.985  -58.718  42.956 0.0000000000
30529  3.871  -56.671  46.548 0.0000000000
30539  3.141  -57.678  45.790 0.0000000000
30540  2.652  -58.194  45.416 0.0000000000
29199  2.202  -58.421  44.937 0.0000000000
58065  32.096  -34.588  39.311 0.0000000000
56946  29.864  -35.700  40.479 0.0000000000
56945  30.647  -35.343  40.977 0.0000000000
56962  30.104  -35.480  39.358 0.0000000000
58067  30.748  -35.297  39.234 0.0000000000
54682  25.736  -38.405  39.329 0.0000000000
52448  28.026  -40.768  38.578 0.0000000000
51351  23.891  -41.194  40.529 0.0000000000
49053  24.194  -43.759  37.810 0.0000000000
49038  24.005  -43.363  38.219 0.0000000000
50240  24.243  -43.279  38.263 0.0000000000
50239  24.596  -43.251  38.294 0.0000000000
43881  24.329  -47.263  38.558 0.0000000000
43861  24.730  -47.567  39.126 0.0000000000
45219  25.892  -46.711  39.918 0.0000000000
45240  25.198  -46.585  39.171 0.0000000000
46552  25.838  -46.126  39.511 0.0000000000
79573  45.392  -17.800  29.606 0.0000000000
70445  34.156  -25.305  36.287 0.0000000000
69241  33.810  -26.486  34.636 0.0000000000
70466  34.219  -25.913  34.526 0.0000000000
64113  32.051  -30.224  39.230 0.0000000000
64130  31.924  -30.440  38.454 0.0000000000
64168  32.614  -30.457  36.297 0.0000000000
64169  31.837  -30.142  36.707 0.0000000000
65512  31.507  -29.380  36.882 0.0000000000
66709  31.449  -28.788  36.911 0.0000000000
65526  36.715  -30.045  35.723 0.0000000000
65527  35.864  -29.955  35.563 0.0000000000
66735  34.462  -28.590  35.516 0.0000000000
66706  33.926  -28.991  35.592 0.0000000000
67950  33.325  -27.493  34.942 0.0000000000
67972  34.495  -27.534  34.258 0.0000000000
55837  31.461  -37.011  36.767 0.0000000000
57000  31.705  -36.419  36.562 0.0000000000
55835  32.552  -37.007  37.012 0.0000000000
55811  34.647  -37.537  38.360 0.0000000000
56975  34.677  -37.079  37.923 0.0000000000
56974  35.219  -36.873  38.091 0.0000000000
55810  35.737  -37.243  38.834 0.0000000000
56958  37.648  -36.563  39.411 0.0000000000
58046  39.027  -36.272  40.017 0.0000000000
90047  56.018  -8.268  25.039 0.0000000000
91180  56.129  -7.429  25.191 0.0000000000
90053  56.562  -8.783  24.592 0.0000000000
88983  56.394  -9.585  24.349 0.0000000000
91166  50.724  -7.480  29.031 0.0000000000
88965  51.781  -8.917  26.762 0.0000000000
90037  52.013  -8.096  26.938 0.0000000000
91177  52.682  -7.843  26.488 0.0000000000
88971  53.857  -9.179  25.931 0.0000000000
88979  54.199  -9.684  25.217 0.0000000000
90049  54.548  -8.827  25.573 0.0000000000
87901  54.829  -10.286  24.707 0.0000000000
79580  46.867  -17.227  29.354 0.0000000000
59169  33.473  -34.188  38.104 0.0000000000
58102  33.001  -35.668  36.491 0.0000000000
84370  44.719  -13.711  29.867 0.0000000000
84384  45.726  -13.774  28.812 0.0000000000
83210  46.086  -14.141  28.556 0.0000000000
24933  3.400  -61.488  43.507 0.0000000000
78405  40.143  -18.848  33.204 0.0000000000
77336  39.695  -19.154  32.838 0.0000000000
77337  39.322  -19.688  32.364 0.0000000000
69279  37.391  -26.132  32.278 0.0000000000
34371  7.374  -54.078  46.951 0.0000000000
54642  25.632  -38.172  42.029 0.0000000000
53522  25.067  -38.801  40.678 0.0000000000
39721  22.616  -51.329  39.522 0.0000000000
39720  23.686  -50.922  40.019 0.0000000000
38346  22.946  -51.783  40.233 0.0000000000
66662  31.497  -28.719  39.238 0.0000000000
61500  41.725  -32.451  38.241 0.0000000000
61488  41.486  -31.711  38.535 0.0000000000
71595  36.261  -23.693  35.061 0.0000000000
39741  19.931  -50.592  38.852 0.0000000000
39742  19.348  -50.389  39.041 0.0000000000
41136  19.081  -50.234  39.192 0.0000000000
41137  18.445  -49.949  39.335 0.0000000000
41138  17.674  -49.434  39.710 0.0000000000
43812  16.305  -46.893  42.234 0.0000000000
45243  20.811  -46.523  39.193 0.0000000000
43864  20.336  -46.956  38.748 0.0000000000
43885  20.200  -47.640  38.355 0.0000000000
42525  20.767  -48.264  37.873 0.0000000000
42526  19.945  -48.309  38.137 0.0000000000
64110  34.530  -31.694  39.150 0.0000000000
62783  34.853  -32.277  39.185 0.0000000000
59193  36.159  -34.398  35.818 0.0000000000
58098  36.602  -34.705  36.160 0.0000000000
59180  37.878  -34.693  36.607 0.0000000000
59179  38.716  -34.692  36.966 0.0000000000
59178  39.708  -34.277  36.985 0.0000000000
59167  39.475  -34.948  37.520 0.0000000000
58075  39.995  -35.322  38.147 0.0000000000
86725  46.588  -11.498  30.092 0.0000000000
87850  47.735  -10.485  30.551 0.0000000000
88956  48.685  -8.825  29.468 0.0000000000
88962  48.064  -9.467  28.770 0.0000000000
87886  48.070  -10.649  27.705 0.0000000000
83208  47.717  -14.203  27.885 0.0000000000
84395  47.854  -12.988  27.631 0.0000000000
84379  50.019  -13.812  27.605 0.0000000000
83205  50.519  -14.573  27.920 0.0000000000
80677  42.839  -15.935  30.858 0.0000000000
78452  42.640  -18.220  30.236 0.0000000000
75035  38.522  -22.162  32.384 0.0000000000
72788  38.973  -23.555  31.456 0.0000000000
69290  39.934  -26.285  31.329 0.0000000000
80654  42.694  -16.277  33.503 0.0000000000
81878  43.123  -15.633  33.192 0.0000000000
81896  43.290  -15.004  32.276 0.0000000000
38336  18.334  -52.090  40.798 0.0000000000
37015  19.006  -53.149  41.842 0.0000000000
37016  18.352  -53.189  41.948 0.0000000000
36996  17.934  -53.062  42.514 0.0000000000
34422  13.053  -55.065  43.298 0.0000000000
33127  12.999  -55.206  43.865 0.0000000000
33118  11.669  -56.411  44.415 0.0000000000
33130  10.838  -56.531  43.496 0.0000000000
36972  10.844  -51.559  44.489 0.0000000000
36985  10.543  -52.006  44.076 0.0000000000
35753  8.622  -53.450  43.712 0.0000000000
33152  8.498  -55.796  42.405 0.0000000000
31880  7.293  -56.616  42.703 0.0000000000
33144  5.577  -55.808  43.902 0.0000000000
31892  4.667  -56.908  43.036 0.0000000000
30567  4.230  -57.335  43.309 0.0000000000
31884  3.788  -56.928  44.303 0.0000000000
27716  1.990  -58.718  46.615 0.0000000000
56947  29.252  -35.904  40.487 0.0000000000
56978  28.379  -36.021  38.986 0.0000000000
52474  25.259  -39.696  38.800 0.0000000000
53562  26.437  -39.215  38.578 0.0000000000
52473  25.985  -40.207  38.581 0.0000000000
52449  26.833  -40.837  38.547 0.0000000000
51350  27.006  -41.992  39.180 0.0000000000
49021  23.210  -43.380  39.638 0.0000000000
50222  23.472  -42.755  39.248 0.0000000000
47859  23.782  -44.110  37.750 0.0000000000
47847  23.877  -44.406  37.805 0.0000000000
41134  24.929  -49.531  40.393 0.0000000000
42503  24.998  -48.087  39.541 0.0000000000
41133  25.410  -49.081  40.668 0.0000000000
77362  45.297  -19.523  30.163 0.0000000000
77361  46.347  -19.504  30.247 0.0000000000
77352  46.619  -20.108  30.676 0.0000000000
70456  33.501  -25.937  35.760 0.0000000000
64147  33.798  -31.432  36.987 0.0000000000
64148  33.252  -31.102  36.875 0.0000000000
64167  33.511  -30.749  35.915 0.0000000000
65530  33.669  -30.347  35.562 0.0000000000
65508  35.358  -29.272  36.010 0.0000000000
54691  32.610  -38.154  37.763 0.0000000000
55825  32.739  -37.550  37.413 0.0000000000
54674  33.424  -38.523  38.537 0.0000000000
55797  34.252  -38.184  38.950 0.0000000000
91181  55.477  -7.776  25.585 0.0000000000
90048  55.301  -8.529  25.297 0.0000000000
88973  52.269  -9.539  26.299 0.0000000000
86778  54.193  -11.978  24.662 0.0000000000
87910  54.749  -11.257  24.466 0.0000000000
85613  54.865  -12.540  24.313 0.0000000000
43866  18.370  -47.341  39.402 0.0000000000
43867  17.741  -47.896  39.447 0.0000000000
43848  18.091  -47.042  39.826 0.0000000000
45222  20.269  -46.255  40.340 0.0000000000
45245  18.921  -46.767  39.533 0.0000000000
80700  49.792  -16.736  29.242 0.0000000000
80691  49.304  -17.233  29.617 0.0000000000
60300  36.091  -33.226  39.133 0.0000000000
60310  36.119  -33.214  38.038 0.0000000000
60311  35.483  -33.735  37.165 0.0000000000
59194  35.271  -34.284  36.234 0.0000000000
58089  36.143  -35.711  37.173 0.0000000000
85535  46.033  -12.621  31.144 0.0000000000
86737  46.534  -11.510  29.372 0.0000000000
86746  46.811  -11.423  28.783 0.0000000000
27726  4.981  -59.975  43.839 0.0000000000
80679  41.582  -16.951  31.820 0.0000000000
78438  40.233  -18.522  31.981 0.0000000000
77354  40.840  -19.434  30.864 0.0000000000
71643  37.925  -24.489  31.961 0.0000000000
70517  38.416  -25.090  31.506 0.0000000000
69291  39.070  -25.941  31.413 0.0000000000
67991  40.626  -28.654  32.769 0.0000000000
66769  40.901  -29.086  33.309 0.0000000000
67992  39.695  -28.528  33.028 0.0000000000
66759  40.489  -28.919  34.052 0.0000000000
52424  29.644  -40.992  39.954 0.0000000000
79549  41.734  -16.776  32.817 0.0000000000
35768  14.133  -54.317  42.973 0.0000000000
34432  13.408  -54.618  42.790 0.0000000000
34434  11.909  -54.853  42.458 0.0000000000
33103  6.593  -54.346  46.307 0.0000000000
33120  5.787  -55.290  45.189 0.0000000000
31863  5.501  -55.480  45.456 0.0000000000
55775  27.275  -36.973  42.076 0.0000000000
55787  27.263  -36.793  41.114 0.0000000000
55801  26.623  -37.205  40.592 0.0000000000
53541  25.119  -39.061  39.420 0.0000000000
52475  24.882  -39.893  38.858 0.0000000000
43882  23.553  -47.402  38.218 0.0000000000
41151  24.572  -49.465  39.669 0.0000000000
41135  24.346  -50.055  39.947 0.0000000000
75050  46.395  -21.697  31.133 0.0000000000
69194  32.339  -26.842  38.090 0.0000000000
62856  37.927  -31.439  34.960 0.0000000000
64190  36.453  -30.643  35.078 0.0000000000
64188  38.822  -30.824  35.428 0.0000000000
64165  37.851  -30.086  36.264 0.0000000000
62797  40.658  -30.644  37.607 0.0000000000
65505  37.939  -29.808  36.819 0.0000000000
65506  37.316  -29.692  36.375 0.0000000000
65493  37.083  -28.930  36.858 0.0000000000
66685  36.664  -28.422  36.890 0.0000000000
91168  53.801  -6.954  26.707 0.0000000000
85593  51.056  -11.926  26.485 0.0000000000
86771  50.965  -11.316  26.480 0.0000000000
26335  1.265  -60.661  43.004 0.0000000000
73851  39.081  -22.054  34.102 0.0000000000
72772  37.798  -24.022  32.733 0.0000000000
70475  36.752  -25.012  32.874 0.0000000000
69280  36.700  -25.996  32.560 0.0000000000
69258  36.233  -26.607  32.799 0.0000000000
38333  21.580  -52.397  40.695 0.0000000000
37029  21.304  -53.243  41.039 0.0000000000
38334  20.224  -52.917  40.596 0.0000000000
38335  18.977  -52.240  40.494 0.0000000000
39724  19.075  -51.131  39.445 0.0000000000
39704  18.867  -51.598  40.128 0.0000000000
39685  17.553  -51.654  40.969 0.0000000000
42491  17.437  -48.459  39.811 0.0000000000
41121  17.157  -49.401  40.400 0.0000000000
50180  23.493  -42.985  40.820 0.0000000000
47829  23.031  -44.066  39.219 0.0000000000
46554  22.173  -45.413  39.663 0.0000000000
46575  22.245  -45.523  38.961 0.0000000000
42523  22.911  -47.935  37.975 0.0000000000
42506  22.673  -49.138  37.771 0.0000000000
41175  21.186  -49.228  37.758 0.0000000000
41154  21.631  -50.119  38.087 0.0000000000
39739  22.136  -50.788  38.745 0.0000000000
38347  22.055  -51.951  40.099 0.0000000000
65453  32.625  -29.606  40.841 0.0000000000
64112  32.785  -30.577  39.484 0.0000000000
64128  33.825  -31.397  37.626 0.0000000000
62815  34.378  -31.610  36.840 0.0000000000
62833  35.102  -31.572  36.030 0.0000000000
62857  36.805  -31.554  35.011 0.0000000000
61530  36.125  -32.569  36.523 0.0000000000
59202  36.401  -33.924  35.645 0.0000000000
61545  37.453  -32.533  34.982 0.0000000000
62855  39.058  -31.725  35.155 0.0000000000
61529  40.209  -32.471  35.772 0.0000000000
61514  41.196  -32.266  36.953 0.0000000000
59177  40.526  -34.155  37.360 0.0000000000
60308  41.174  -33.417  37.326 0.0000000000
60307  41.825  -33.116  37.851 0.0000000000
87887  47.613  -10.898  28.097 0.0000000000
86760  48.465  -11.395  27.493 0.0000000000
86759  49.366  -11.427  27.140 0.0000000000
86758  50.333  -11.568  26.748 0.0000000000
76232  45.327  -20.291  30.474 0.0000000000
76235  42.413  -19.782  30.201 0.0000000000
75051  45.375  -21.697  30.972 0.0000000000
72781  46.090  -23.042  31.231 0.0000000000
72768  46.326  -23.714  31.523 0.0000000000
72782  45.452  -23.285  31.250 0.0000000000
76203  39.049  -20.212  32.690 0.0000000000
72787  39.884  -23.520  31.090 0.0000000000
71655  43.416  -24.631  31.234 0.0000000000
71642  43.899  -25.181  31.434 0.0000000000
58093  30.648  -35.535  37.735 0.0000000000
56989  31.098  -36.083  36.688 0.0000000000
55826  31.722  -37.573  37.087 0.0000000000
54693  31.172  -38.142  37.320 0.0000000000
83180  44.111  -14.145  30.717 0.0000000000
83170  43.627  -14.537  31.316 0.0000000000
83197  43.860  -15.039  29.913 0.0000000000
81931  44.152  -15.349  29.652 0.0000000000
36994  19.389  -53.900  42.038 0.0000000000
41098  13.289  -49.376  43.895 0.0000000000
38302  11.292  -51.567  43.174 0.0000000000
37021  11.542  -52.375  42.471 0.0000000000
35771  9.358  -53.221  42.974 0.0000000000
33149  10.787  -54.887  42.333 0.0000000000
33139  10.484  -56.242  42.875 0.0000000000
31877  10.481  -56.635  43.430 0.0000000000
31888  9.540  -56.329  42.753 0.0000000000
31878  9.751  -56.753  43.328 0.0000000000
31871  10.099  -57.356  44.295 0.0000000000
30550  7.715  -58.163  44.011 0.0000000000
27724  6.273  -59.272  44.782 0.0000000000
27725  5.758  -59.502  44.199 0.0000000000
30581  5.934  -57.322  42.683 0.0000000000
29228  6.184  -57.672  42.854 0.0000000000
27737  5.340  -59.288  43.451 0.0000000000
27739  3.746  -59.681  42.801 0.0000000000
26347  3.051  -60.056  42.752 0.0000000000
26334  1.836  -60.059  42.993 0.0000000000
31852  4.777  -55.806  46.649 0.0000000000
31865  4.348  -56.299  45.878 0.0000000000
30551  3.846  -56.930  44.922 0.0000000000
30552  3.443  -57.359  44.776 0.0000000000
30569  2.933  -58.083  44.433 0.0000000000
29217  2.307  -58.639  43.709 0.0000000000
27740  1.566  -59.588  43.355 0.0000000000
64075  34.426  -30.531  41.260 0.0000000000
59158  32.902  -34.317  38.866 0.0000000000
58079  31.915  -34.487  38.289 0.0000000000
58080  31.313  -34.882  38.132 0.0000000000
56960  31.367  -34.724  39.735 0.0000000000
58081  30.687  -35.393  38.623 0.0000000000
56991  29.542  -36.411  37.497 0.0000000000
55814  28.895  -37.108  37.626 0.0000000000
54661  26.755  -37.532  39.085 0.0000000000
53538  28.437  -40.033  39.188 0.0000000000
50220  25.337  -42.698  38.417 0.0000000000
45261  24.370  -46.394  38.357 0.0000000000
46593  24.857  -45.352  38.392 0.0000000000
45260  25.077  -45.967  38.682 0.0000000000
47828  25.400  -44.500  38.443 0.0000000000
49037  25.855  -43.590  38.616 0.0000000000
49036  26.672  -43.637  39.256 0.0000000000
78448  47.179  -18.874  30.128 0.0000000000
75049  47.559  -21.814  31.326 0.0000000000
71580  35.576  -24.074  35.974 0.0000000000
70454  34.800  -25.170  34.656 0.0000000000
70455  34.171  -25.517  35.299 0.0000000000
69259  35.540  -26.375  33.203 0.0000000000
69238  35.901  -27.312  33.362 0.0000000000
65468  31.977  -29.749  39.829 0.0000000000
65469  31.508  -29.502  39.147 0.0000000000
66663  31.344  -29.260  38.835 0.0000000000
64131  31.532  -30.002  38.092 0.0000000000
65494  31.436  -29.527  37.794 0.0000000000
66672  31.455  -28.387  38.028 0.0000000000
66686  31.501  -28.434  37.178 0.0000000000
64191  35.400  -30.603  35.294 0.0000000000
65529  34.092  -30.111  35.366 0.0000000000
65510  33.330  -29.819  35.607 0.0000000000
65509  34.401  -29.402  35.607 0.0000000000
67924  32.744  -27.642  35.643 0.0000000000
67973  33.748  -27.142  34.513 0.0000000000
67945  38.717  -27.977  35.204 0.0000000000
58104  31.541  -35.784  36.552 0.0000000000
58103  32.196  -35.812  36.433 0.0000000000
56998  33.634  -36.176  36.754 0.0000000000
56987  33.312  -36.830  37.227 0.0000000000
56984  36.183  -36.224  37.681 0.0000000000
58078  36.548  -36.148  37.847 0.0000000000
55782  35.663  -38.025  40.131 0.0000000000
55795  36.275  -37.394  39.568 0.0000000000
56959  36.857  -37.043  39.473 0.0000000000
56972  37.291  -36.328  38.741 0.0000000000
58063  37.688  -36.223  38.913 0.0000000000
58062  38.481  -36.112  39.299 0.0000000000
58045  39.572  -35.999  39.981 0.0000000000
91171  51.591  -7.486  27.546 0.0000000000
91164  51.971  -6.866  27.899 0.0000000000
92321  52.589  -6.826  27.503 0.0000000000
91169  53.000  -7.157  26.903 0.0000000000
91176  53.529  -7.684  26.334 0.0000000000
87894  52.035  -10.366  26.227 0.0000000000
87903  53.084  -10.931  25.514 0.0000000000
87893  52.778  -10.235  26.058 0.0000000000
88972  53.047  -9.368  26.066 0.0000000000
88984  55.647  -9.904  24.533 0.0000000000
87909  55.446  -10.778  24.230 0.0000000000
87908  56.192  -10.414  24.106 0.0000000000
24932  4.076  -61.258  44.124 0.0000000000
26348  2.188  -60.496  42.764 0.0000000000
27727  0.578  -59.198  44.172 0.0000000000
31850  6.021  -54.829  46.377 0.0000000000
31870  10.842  -56.900  44.061 0.0000000000
31874  3.837  -56.927  44.698 0.0000000000
33121  5.509  -55.583  45.167 0.0000000000
37013  20.880  -53.561  41.609 0.0000000000
38258  10.777  -51.375  45.528 0.0000000000
38350  19.192  -51.705  40.056 0.0000000000
42488  25.299  -48.556  40.065 0.0000000000
42504  24.560  -48.681  39.201 0.0000000000
42509  17.789  -48.404  39.420 0.0000000000
42527  19.497  -48.300  38.316 0.0000000000
45225  17.957  -46.755  40.319 0.0000000000
45246  18.519  -46.911  39.650 0.0000000000
47860  23.647  -43.940  37.826 0.0000000000
49003  23.198  -43.386  40.555 0.0000000000
49039  23.581  -43.405  38.648 0.0000000000
49067  24.007  -44.058  37.659 0.0000000000
49068  23.865  -43.869  37.731 0.0000000000
52427  26.941  -41.474  38.770 0.0000000000
53519  29.919  -40.543  39.382 0.0000000000
53521  28.859  -40.757  38.895 0.0000000000
53557  32.148  -39.378  38.427 0.0000000000
54675  32.763  -38.671  38.239 0.0000000000
55798  33.716  -38.420  38.675 0.0000000000
55809  36.340  -37.062  39.088 0.0000000000
55812  33.478  -38.007  38.287 0.0000000000
55813  32.878  -38.088  37.940 0.0000000000
55823  34.403  -37.188  37.839 0.0000000000
55836  32.133  -37.056  36.822 0.0000000000
56985  35.454  -36.226  37.403 0.0000000000
56988  32.796  -36.959  37.099 0.0000000000
56996  35.115  -35.792  36.871 0.0000000000
58091  31.883  -35.297  36.762 0.0000000000
59203  35.808  -33.895  35.770 0.0000000000
60299  41.573  -33.689  38.061 0.0000000000
60309  40.364  -33.687  36.814 0.0000000000
60312  34.989  -34.021  37.249 0.0000000000
60322  38.557  -33.642  35.875 0.0000000000
61501  41.358  -31.887  37.807 0.0000000000
61513  41.563  -32.635  37.568 0.0000000000
61528  40.780  -32.149  36.226 0.0000000000
62831  40.456  -31.390  35.790 0.0000000000
62835  33.633  -31.172  36.253 0.0000000000
62854  39.820  -31.885  35.373 0.0000000000
62879  37.614  -30.945  34.934 0.0000000000
62880  37.376  -31.102  34.857 0.0000000000
64145  39.623  -30.235  37.378 0.0000000000
64150  31.621  -30.109  37.514 0.0000000000
64192  34.486  -30.662  35.416 0.0000000000
64193  33.913  -30.579  35.504 0.0000000000
64216  37.399  -30.840  34.949 0.0000000000
64217  37.133  -30.878  34.854 0.0000000000
65482  31.726  -29.966  39.055 0.0000000000
66673  31.364  -29.077  38.318 0.0000000000
66734  40.823  -28.882  34.657 0.0000000000
73874  45.816  -22.486  31.164 0.0000000000
78454  41.471  -18.369  31.032 0.0000000000
81879  42.591  -15.865  33.018 0.0000000000
84381  48.088  -13.540  27.630 0.0000000000
84429  54.725  -13.068  24.715 0.0000000000
86715  47.357  -11.794  31.254 0.0000000000
86787  55.961  -11.164  23.815 0.0000000000
86789  54.722  -11.881  24.240 0.0000000000
88958  47.567  -10.042  29.671 0.0000000000
