#!ascii label  , from subject S5_07 vox2ras=TkReg
1050
108091  40.107  8.920  33.294 0.0000000000
110096  43.923  9.874  22.622 0.0000000000
114877  52.838  15.470  20.687 0.0000000000
106311  49.859  7.271  11.728 0.0000000000
102850  41.517  3.687  28.154 0.0000000000
111903  53.675  12.409  31.401 0.0000000000
106272  47.754  7.125  15.522 0.0000000000
112948  43.629  13.029  18.096 0.0000000000
110038  48.729  10.006  30.786 0.0000000000
106134  44.332  7.060  29.045 0.0000000000
102907  44.004  3.967  23.758 0.0000000000
114853  47.996  15.283  22.581 0.0000000000
113971  45.514  14.851  13.802 0.0000000000
112009  48.708  12.292  21.241 0.0000000000
112078  46.184  12.480  13.268 0.0000000000
115805  43.607  16.476  20.379 0.0000000000
108105  44.586  8.229  32.824 0.0000000000
107145  42.439  7.833  31.475 0.0000000000
102885  41.780  3.495  25.731 0.0000000000
113844  53.225  14.747  26.224 0.0000000000
114785  50.873  14.838  26.691 0.0000000000
114865  50.075  15.914  21.542 0.0000000000
115828  47.581  16.416  18.120 0.0000000000
115850  49.428  16.340  16.242 0.0000000000
110988  46.064  11.745  26.859 0.0000000000
111945  49.089  12.651  26.540 0.0000000000
111039  46.134  11.497  21.998 0.0000000000
107289  50.370  7.950  12.268 0.0000000000
109206  46.554  9.693  14.331 0.0000000000
109230  47.532  9.023  12.075 0.0000000000
111117  45.612  11.210  12.427 0.0000000000
106314  46.994  7.041  12.089 0.0000000000
103002  46.559  3.895  14.937 0.0000000000
107149  38.270  7.856  31.618 0.0000000000
106109  41.423  6.828  29.874 0.0000000000
112874  53.951  13.442  25.774 0.0000000000
105124  45.416  5.863  20.155 0.0000000000
108195  44.708  8.471  18.402 0.0000000000
105189  49.077  5.559  16.461 0.0000000000
106282  51.710  6.980  13.838 0.0000000000
109997  49.049  9.898  34.800 0.0000000000
109063  46.418  9.353  34.409 0.0000000000
108136  46.879  8.769  29.792 0.0000000000
110056  43.453  10.219  26.263 0.0000000000
105024  42.735  5.513  28.479 0.0000000000
107189  41.514  7.056  26.047 0.0000000000
107201  42.910  7.369  23.066 0.0000000000
105084  46.699  5.030  21.913 0.0000000000
108114  35.689  8.551  32.108 0.0000000000
114774  48.137  15.250  27.763 0.0000000000
114840  45.202  15.405  23.525 0.0000000000
115818  45.351  16.316  19.174 0.0000000000
113953  44.317  14.131  16.439 0.0000000000
111106  42.649  11.639  14.845 0.0000000000
110961  51.167  10.909  31.585 0.0000000000
111943  51.512  12.945  26.303 0.0000000000
112924  51.553  13.902  20.891 0.0000000000
110143  45.238  10.397  17.439 0.0000000000
112955  47.124  13.264  16.961 0.0000000000
113937  49.907  14.993  16.879 0.0000000000
113978  46.723  14.572  13.141 0.0000000000
111110  44.449  11.715  12.896 0.0000000000
115793  42.658  16.521  21.389 0.0000000000
115780  43.239  16.474  22.286 0.0000000000
108089  42.146  8.666  33.478 0.0000000000
108108  41.569  8.520  32.749 0.0000000000
114833  53.292  15.314  23.438 0.0000000000
114834  52.161  15.464  23.448 0.0000000000
115786  51.906  16.111  21.013 0.0000000000
115813  50.829  16.248  19.333 0.0000000000
115824  51.272  15.949  18.943 0.0000000000
110068  44.949  11.256  24.412 0.0000000000
110992  46.220  12.014  24.846 0.0000000000
110094  45.155  10.963  22.967 0.0000000000
107303  49.395  7.760  11.762 0.0000000000
108251  48.595  8.589  11.958 0.0000000000
107314  49.028  8.095  11.108 0.0000000000
107316  47.587  8.113  11.547 0.0000000000
106312  48.795  7.085  11.746 0.0000000000
105227  48.416  5.588  12.780 0.0000000000
105226  49.493  5.586  12.815 0.0000000000
106128  38.563  6.295  29.529 0.0000000000
111920  54.837  12.713  27.949 0.0000000000
111931  53.860  12.260  27.537 0.0000000000
105139  47.437  5.315  19.446 0.0000000000
105156  47.240  5.529  18.315 0.0000000000
105171  49.224  5.159  17.474 0.0000000000
105212  53.077  6.392  14.643 0.0000000000
106293  54.663  6.785  13.132 0.0000000000
106308  52.625  7.482  12.124 0.0000000000
107157  45.280  7.629  30.671 0.0000000000
108121  45.630  8.215  31.675 0.0000000000
108138  45.776  8.262  29.318 0.0000000000
109110  45.400  9.523  28.359 0.0000000000
108144  44.116  8.923  28.010 0.0000000000
105025  41.636  5.223  29.084 0.0000000000
105011  42.061  5.249  29.190 0.0000000000
102863  41.988  4.021  28.085 0.0000000000
103973  42.916  4.040  24.392 0.0000000000
105042  41.348  5.386  26.083 0.0000000000
105059  42.288  5.483  24.405 0.0000000000
107195  42.131  7.118  24.530 0.0000000000
105070  43.783  5.640  23.128 0.0000000000
105086  44.707  5.597  22.223 0.0000000000
104003  45.506  4.684  22.674 0.0000000000
102913  48.312  3.869  22.490 0.0000000000
113872  49.137  14.885  24.651 0.0000000000
114773  49.187  15.152  27.645 0.0000000000
113847  47.944  14.660  26.043 0.0000000000
114805  46.540  15.410  25.633 0.0000000000
114854  46.899  15.374  22.509 0.0000000000
115790  45.274  16.508  20.729 0.0000000000
114882  46.718  16.155  20.188 0.0000000000
114924  46.975  15.858  15.943 0.0000000000
114914  45.985  15.351  16.661 0.0000000000
113962  44.359  14.564  15.214 0.0000000000
112980  42.859  13.796  15.161 0.0000000000
112989  43.322  13.467  14.420 0.0000000000
108082  49.406  8.891  34.582 0.0000000000
109058  50.404  9.599  34.143 0.0000000000
110963  49.541  10.371  31.153 0.0000000000
111978  49.093  12.708  24.450 0.0000000000
111944  50.305  12.711  26.434 0.0000000000
111987  49.782  12.769  23.581 0.0000000000
112888  51.672  13.302  23.679 0.0000000000
112007  50.247  12.970  22.182 0.0000000000
107263  45.593  8.044  16.723 0.0000000000
110133  44.904  9.946  18.387 0.0000000000
108213  45.746  8.670  16.247 0.0000000000
110172  46.380  10.692  13.771 0.0000000000
112062  46.088  12.281  15.774 0.0000000000
112978  46.527  13.333  15.209 0.0000000000
112966  48.336  13.921  16.943 0.0000000000
113970  47.281  14.062  14.272 0.0000000000
113969  47.798  15.019  13.874 0.0000000000
112986  47.100  14.230  13.436 0.0000000000
109225  45.336  9.639  12.601 0.0000000000
111118  45.019  11.251  12.503 0.0000000000
109216  44.601  9.624  13.233 0.0000000000
110181  43.782  10.586  13.629 0.0000000000
110956  53.065  11.463  33.089 0.0000000000
113909  43.551  14.670  20.415 0.0000000000
113908  44.079  14.912  20.026 0.0000000000
109065  44.162  9.447  34.197 0.0000000000
108076  43.623  8.878  33.909 0.0000000000
108106  43.623  8.258  32.653 0.0000000000
107158  44.081  7.346  30.737 0.0000000000
101816  41.728  2.676  27.001 0.0000000000
114784  52.013  15.076  26.021 0.0000000000
114835  50.828  15.438  23.510 0.0000000000
114866  48.812  15.586  21.584 0.0000000000
114893  47.622  16.367  19.600 0.0000000000
114891  49.273  16.007  20.084 0.0000000000
115839  48.560  16.495  17.128 0.0000000000
115871  47.967  16.231  14.550 0.0000000000
110980  47.347  10.772  28.627 0.0000000000
110979  48.431  11.502  28.549 0.0000000000
111936  47.542  12.140  27.436 0.0000000000
111980  46.959  12.251  24.190 0.0000000000
111027  47.461  11.840  21.978 0.0000000000
107277  49.217  7.973  13.570 0.0000000000
107280  47.106  8.154  14.782 0.0000000000
108229  48.177  8.585  13.308 0.0000000000
109214  47.545  9.326  13.048 0.0000000000
110179  46.406  10.549  12.803 0.0000000000
111116  46.028  11.311  12.550 0.0000000000
109223  46.804  9.392  12.382 0.0000000000
108253  46.482  8.886  12.181 0.0000000000
107305  46.036  7.714  12.543 0.0000000000
104090  47.472  4.308  14.136 0.0000000000
108128  39.150  8.221  32.050 0.0000000000
107147  40.408  7.888  31.331 0.0000000000
107162  39.822  7.487  30.605 0.0000000000
106138  40.363  5.748  28.693 0.0000000000
103934  40.381  4.275  28.512 0.0000000000
113825  54.523  13.750  27.708 0.0000000000
113871  54.111  14.440  24.610 0.0000000000
114847  54.064  14.497  23.170 0.0000000000
108174  43.278  8.238  21.122 0.0000000000
109155  44.172  9.555  20.884 0.0000000000
106222  44.732  6.884  19.195 0.0000000000
105174  46.453  6.223  17.535 0.0000000000
105205  48.471  6.291  15.814 0.0000000000
105187  51.339  5.469  16.468 0.0000000000
106269  50.835  6.543  14.771 0.0000000000
106283  50.605  7.261  13.816 0.0000000000
106296  51.527  7.541  12.905 0.0000000000
107301  51.702  7.624  11.704 0.0000000000
106322  51.980  6.849  11.453 0.0000000000
105240  51.193  6.156  12.022 0.0000000000
109998  48.033  9.959  34.787 0.0000000000
108101  48.012  8.862  33.200 0.0000000000
108074  45.807  8.777  34.098 0.0000000000
108102  47.254  8.576  32.550 0.0000000000
109100  47.719  9.365  30.837 0.0000000000
110049  46.257  10.364  28.120 0.0000000000
110055  44.419  10.674  26.565 0.0000000000
110070  43.449  10.281  24.050 0.0000000000
107160  41.952  7.471  30.548 0.0000000000
106107  43.495  6.692  30.008 0.0000000000
106135  43.881  6.478  28.881 0.0000000000
103945  41.828  4.511  27.225 0.0000000000
106146  41.960  6.202  27.229 0.0000000000
107177  42.910  7.292  28.158 0.0000000000
108149  42.254  8.585  26.041 0.0000000000
109123  42.556  9.035  24.478 0.0000000000
108160  43.102  8.364  22.820 0.0000000000
106197  43.805  6.734  21.168 0.0000000000
105106  45.717  5.431  21.226 0.0000000000
105121  48.291  4.875  20.295 0.0000000000
102914  47.292  3.941  22.464 0.0000000000
104018  48.590  4.700  21.454 0.0000000000
107133  38.016  8.220  32.116 0.0000000000
107134  37.431  8.150  31.832 0.0000000000
107152  35.202  7.306  31.346 0.0000000000
115723  49.550  16.641  29.878 0.0000000000
115736  47.114  16.527  27.398 0.0000000000
114871  43.877  16.413  21.566 0.0000000000
115819  44.187  16.477  19.770 0.0000000000
113929  44.725  14.536  18.707 0.0000000000
115829  46.564  16.062  18.099 0.0000000000
113939  45.271  14.740  17.196 0.0000000000
112956  43.989  13.585  17.380 0.0000000000
110965  51.993  11.722  30.625 0.0000000000
110977  50.069  11.710  28.711 0.0000000000
111917  50.976  11.803  29.283 0.0000000000
111923  52.167  12.408  28.399 0.0000000000
111955  53.131  12.899  25.200 0.0000000000
112906  53.283  13.825  22.650 0.0000000000
113898  52.993  14.501  21.045 0.0000000000
110117  44.719  10.158  20.283 0.0000000000
111050  45.927  10.914  20.144 0.0000000000
111048  47.697  11.828  20.117 0.0000000000
110153  45.554  10.476  16.203 0.0000000000
111077  46.416  12.142  17.752 0.0000000000
112024  48.064  12.374  19.454 0.0000000000
112935  49.751  13.346  19.525 0.0000000000
113917  51.183  14.372  19.424 0.0000000000
113924  51.522  15.219  18.716 0.0000000000
114922  49.980  15.784  16.334 0.0000000000
114954  47.296  15.205  13.574 0.0000000000
113979  46.031  14.435  13.268 0.0000000000
112087  45.690  11.869  12.544 0.0000000000
112080  45.094  12.358  12.695 0.0000000000
112998  44.638  13.319  13.362 0.0000000000
112072  43.578  12.553  14.001 0.0000000000
102988  45.521  3.913  15.791 0.0000000000
115781  42.513  16.888  22.121 0.0000000000
115773  43.544  16.216  23.480 0.0000000000
108090  41.182  8.852  33.525 0.0000000000
108109  40.553  8.559  32.759 0.0000000000
114849  52.783  15.401  22.538 0.0000000000
114863  52.398  15.717  21.525 0.0000000000
114878  52.440  15.945  20.700 0.0000000000
115799  52.036  16.292  20.314 0.0000000000
115811  52.458  16.098  19.861 0.0000000000
110081  44.326  10.590  23.492 0.0000000000
110080  45.052  11.051  23.902 0.0000000000
110095  44.374  10.170  22.411 0.0000000000
108259  49.216  8.213  11.275 0.0000000000
106324  49.214  7.708  11.296 0.0000000000
106325  48.530  7.654  11.413 0.0000000000
105242  49.120  6.355  12.232 0.0000000000
105241  50.205  6.331  12.173 0.0000000000
111908  54.042  12.258  30.245 0.0000000000
111914  54.214  12.448  29.111 0.0000000000
105138  48.472  4.976  19.621 0.0000000000
105155  48.298  5.171  18.472 0.0000000000
105154  49.412  5.147  18.632 0.0000000000
106279  54.979  6.610  13.901 0.0000000000
106292  55.338  6.417  13.369 0.0000000000
112044  41.895  12.748  17.471 0.0000000000
106105  45.082  7.096  29.945 0.0000000000
107168  45.582  7.587  29.769 0.0000000000
107171  45.304  7.808  29.271 0.0000000000
108140  45.204  8.338  28.918 0.0000000000
108142  43.863  7.955  28.462 0.0000000000
103933  41.397  4.439  28.571 0.0000000000
103923  41.964  4.832  28.866 0.0000000000
102849  41.897  3.837  28.132 0.0000000000
103988  42.676  5.043  24.216 0.0000000000
103987  43.277  4.618  23.909 0.0000000000
105071  42.823  5.563  23.763 0.0000000000
105069  44.454  5.275  22.885 0.0000000000
103986  44.477  4.670  23.247 0.0000000000
114837  48.299  15.117  23.741 0.0000000000
113873  48.620  14.813  24.674 0.0000000000
113884  47.710  14.968  24.115 0.0000000000
114838  47.246  15.121  23.660 0.0000000000
114868  46.565  15.700  21.294 0.0000000000
114936  46.105  15.391  14.194 0.0000000000
114925  46.027  15.468  15.319 0.0000000000
113961  45.268  15.004  14.731 0.0000000000
113973  43.638  14.255  14.659 0.0000000000
113972  44.566  14.557  14.220 0.0000000000
109088  49.271  9.646  32.372 0.0000000000
109075  49.603  9.382  33.662 0.0000000000
110037  49.249  10.189  31.107 0.0000000000
111988  48.716  12.460  23.408 0.0000000000
111999  49.533  12.608  22.651 0.0000000000
111998  50.447  12.985  22.893 0.0000000000
112008  49.577  12.697  21.639 0.0000000000
107261  47.236  7.211  16.009 0.0000000000
107269  47.193  7.630  15.256 0.0000000000
111103  46.264  11.681  13.657 0.0000000000
112071  46.104  12.133  14.960 0.0000000000
112070  46.212  12.318  14.097 0.0000000000
113960  47.257  13.961  15.093 0.0000000000
112987  46.543  13.338  13.930 0.0000000000
108243  45.337  8.451  12.994 0.0000000000
108255  45.176  8.958  12.930 0.0000000000
109207  44.424  9.054  13.814 0.0000000000
115806  43.052  16.408  20.718 0.0000000000
114885  43.116  15.822  20.677 0.0000000000
114884  43.828  15.703  19.991 0.0000000000
109066  43.020  9.445  34.208 0.0000000000
108107  42.614  8.366  32.577 0.0000000000
108088  43.128  8.568  33.416 0.0000000000
107131  43.136  8.023  32.304 0.0000000000
107144  43.483  7.776  31.725 0.0000000000
113836  53.136  14.515  27.453 0.0000000000
114783  52.625  15.070  25.632 0.0000000000
114850  51.648  15.584  22.522 0.0000000000
114851  50.397  15.580  22.553 0.0000000000
114836  49.555  15.355  23.547 0.0000000000
114879  49.494  16.058  20.790 0.0000000000
115837  50.264  16.241  17.486 0.0000000000
115826  49.608  16.534  18.247 0.0000000000
115838  49.495  16.453  17.295 0.0000000000
115862  48.000  16.253  14.998 0.0000000000
115870  48.336  16.221  14.569 0.0000000000
110985  46.323  11.264  27.600 0.0000000000
110984  47.398  11.624  27.943 0.0000000000
111947  46.676  12.144  26.774 0.0000000000
111005  46.272  11.938  23.888 0.0000000000
111990  46.778  12.196  23.551 0.0000000000
111989  47.512  12.221  23.232 0.0000000000
111016  47.138  12.071  22.610 0.0000000000
107278  48.395  8.152  13.764 0.0000000000
107291  48.986  8.378  13.224 0.0000000000
108252  48.030  8.885  12.302 0.0000000000
109222  47.508  9.229  12.641 0.0000000000
109215  47.058  9.707  13.259 0.0000000000
106327  47.350  7.654  11.716 0.0000000000
108262  47.127  8.624  11.788 0.0000000000
107304  46.529  8.028  12.081 0.0000000000
106315  46.394  7.384  12.375 0.0000000000
106298  46.585  6.272  12.716 0.0000000000
104104  48.902  4.878  13.395 0.0000000000
104105  47.857  4.913  13.425 0.0000000000
107148  39.395  7.857  31.428 0.0000000000
107163  38.774  7.413  30.757 0.0000000000
106127  39.668  6.311  29.109 0.0000000000
105013  39.539  5.603  28.684 0.0000000000
105027  39.954  5.029  28.563 0.0000000000
103935  39.348  4.219  28.515 0.0000000000
112864  54.462  12.984  26.715 0.0000000000
113842  54.472  13.389  26.809 0.0000000000
113858  54.280  14.024  25.065 0.0000000000
114814  54.123  14.662  23.785 0.0000000000
113870  54.221  14.272  24.070 0.0000000000
107224  44.094  7.094  20.255 0.0000000000
107233  43.746  7.884  20.097 0.0000000000
106207  45.120  6.391  19.498 0.0000000000
105172  48.102  5.297  17.304 0.0000000000
105157  46.227  6.060  18.212 0.0000000000
105173  47.091  5.892  17.193 0.0000000000
105191  47.442  6.080  16.490 0.0000000000
105190  48.072  5.846  16.264 0.0000000000
105186  52.525  5.654  16.460 0.0000000000
106281  52.767  6.739  14.040 0.0000000000
106267  52.398  6.375  14.662 0.0000000000
106268  51.854  6.423  14.696 0.0000000000
106307  53.210  7.172  12.065 0.0000000000
107299  52.770  7.179  11.693 0.0000000000
107312  51.950  7.303  11.488 0.0000000000
105251  52.367  6.646  11.587 0.0000000000
105239  52.161  6.185  11.810 0.0000000000
109999  46.973  10.016  34.514 0.0000000000
110927  47.487  10.829  34.416 0.0000000000
109062  47.587  9.388  34.497 0.0000000000
108072  48.143  9.052  34.415 0.0000000000
108084  47.585  8.765  33.703 0.0000000000
108075  44.702  8.881  33.899 0.0000000000
109064  45.278  9.381  34.336 0.0000000000
108086  45.168  8.470  33.490 0.0000000000
108133  46.465  8.232  30.653 0.0000000000
108103  46.249  8.380  32.406 0.0000000000
108119  47.177  8.638  31.314 0.0000000000
109102  47.179  9.280  29.931 0.0000000000
110043  46.991  9.829  29.515 0.0000000000
109106  46.177  9.597  28.969 0.0000000000
110052  43.996  9.978  26.874 0.0000000000
110051  44.602  10.074  27.292 0.0000000000
110059  44.035  10.864  25.755 0.0000000000
110060  43.241  10.204  25.220 0.0000000000
107161  40.892  7.499  30.521 0.0000000000
107146  41.429  7.900  31.303 0.0000000000
105010  42.816  5.348  29.037 0.0000000000
106124  42.775  6.018  29.446 0.0000000000
105009  43.408  5.795  28.906 0.0000000000
106123  43.646  6.292  29.349 0.0000000000
105023  43.397  5.951  28.710 0.0000000000
102875  41.632  3.700  26.542 0.0000000000
103954  41.543  4.677  26.479 0.0000000000
106158  41.405  6.222  25.621 0.0000000000
106153  41.483  6.217  26.486 0.0000000000
107183  41.648  7.032  26.884 0.0000000000
107178  42.208  7.106  27.447 0.0000000000
108147  41.908  7.587  27.085 0.0000000000
108146  42.473  8.219  27.193 0.0000000000
108150  41.814  7.775  26.522 0.0000000000
107202  42.597  7.260  23.829 0.0000000000
108157  42.454  8.086  24.372 0.0000000000
108161  42.744  8.190  23.594 0.0000000000
109125  43.021  9.277  23.596 0.0000000000
107208  43.108  7.789  22.010 0.0000000000
107207  43.163  7.456  22.303 0.0000000000
105085  46.066  5.142  22.003 0.0000000000
105105  46.825  5.031  21.350 0.0000000000
105122  47.633  4.989  20.514 0.0000000000
105104  47.435  4.868  21.124 0.0000000000
102904  46.746  3.505  23.069 0.0000000000
104000  48.910  4.390  22.049 0.0000000000
104017  49.611  4.822  21.450 0.0000000000
108093  38.182  9.023  32.767 0.0000000000
108113  36.867  8.645  32.134 0.0000000000
107135  36.496  8.063  31.580 0.0000000000
107136  35.782  7.907  31.447 0.0000000000
114787  48.500  14.922  26.805 0.0000000000
114768  49.267  15.467  28.709 0.0000000000
115726  49.303  16.212  29.283 0.0000000000
115724  49.073  16.779  29.352 0.0000000000
115727  48.696  16.426  28.807 0.0000000000
116675  48.250  17.203  28.573 0.0000000000
114770  47.740  15.923  28.066 0.0000000000
114822  45.701  15.369  24.543 0.0000000000
114841  44.307  15.720  23.459 0.0000000000
114857  43.998  16.017  22.468 0.0000000000
114856  44.851  15.658  22.486 0.0000000000
115803  45.237  16.778  19.942 0.0000000000
114896  44.660  15.674  19.272 0.0000000000
114895  45.252  15.900  18.935 0.0000000000
115816  47.597  16.736  18.929 0.0000000000
114894  46.840  16.538  19.515 0.0000000000
113952  45.254  14.807  15.907 0.0000000000
113940  44.732  14.139  17.721 0.0000000000
112969  43.579  13.643  16.590 0.0000000000
112970  42.747  13.635  16.099 0.0000000000
112990  42.569  13.278  14.943 0.0000000000
110925  49.658  10.942  34.643 0.0000000000
110029  50.717  10.209  32.868 0.0000000000
109995  50.878  10.170  34.427 0.0000000000
110958  51.609  10.642  32.363 0.0000000000
110957  52.362  10.980  32.532 0.0000000000
110966  51.283  11.640  30.395 0.0000000000
111935  48.649  12.235  27.679 0.0000000000
110978  49.483  11.604  28.782 0.0000000000
111925  49.632  11.972  28.251 0.0000000000
111958  50.783  12.969  25.427 0.0000000000
111933  51.190  12.551  27.390 0.0000000000
111932  52.757  12.897  27.175 0.0000000000
111942  52.494  13.105  25.972 0.0000000000
112907  52.139  13.665  22.452 0.0000000000
112897  52.443  13.431  23.162 0.0000000000
112915  52.639  14.263  22.087 0.0000000000
113899  52.190  14.232  20.883 0.0000000000
109163  44.028  9.303  19.795 0.0000000000
109171  44.671  9.218  18.885 0.0000000000
110132  45.358  10.858  18.704 0.0000000000
110124  45.423  10.616  19.790 0.0000000000
111060  45.978  11.234  19.536 0.0000000000
111049  46.570  11.313  20.452 0.0000000000
111068  46.090  11.553  18.711 0.0000000000
108231  47.083  8.809  14.266 0.0000000000
108221  46.493  9.002  15.075 0.0000000000
109198  46.162  9.692  15.118 0.0000000000
112052  46.571  12.828  16.863 0.0000000000
112053  46.098  12.234  16.744 0.0000000000
112041  46.879  12.699  17.691 0.0000000000
112033  47.258  12.348  18.492 0.0000000000
112032  47.999  12.747  18.646 0.0000000000
112023  48.834  12.751  19.694 0.0000000000
112946  48.072  13.299  18.073 0.0000000000
113949  48.755  14.451  15.939 0.0000000000
113926  49.586  14.230  17.831 0.0000000000
113925  50.805  14.795  18.253 0.0000000000
113936  50.465  15.253  17.395 0.0000000000
114912  50.326  15.547  17.013 0.0000000000
113948  49.556  15.372  15.562 0.0000000000
112995  46.908  14.359  13.145 0.0000000000
113977  47.152  14.755  13.246 0.0000000000
114955  46.863  15.057  13.174 0.0000000000
110187  46.050  10.492  12.375 0.0000000000
112086  46.074  11.988  12.705 0.0000000000
112081  44.222  12.483  13.310 0.0000000000
112999  43.941  13.222  13.765 0.0000000000
111111  43.776  11.560  13.549 0.0000000000
108233  43.857  8.759  14.716 0.0000000000
109209  43.204  10.194  14.571 0.0000000000
104107  46.219  4.927  13.942 0.0000000000
102987  46.142  3.776  15.460 0.0000000000
116738  41.965  16.985  21.651 0.0000000000
115792  43.459  16.765  21.136 0.0000000000
109067  41.808  9.424  34.211 0.0000000000
108078  41.789  8.808  34.016 0.0000000000
108125  41.914  8.179  32.036 0.0000000000
114799  53.053  14.926  25.088 0.0000000000
114816  52.747  15.447  24.312 0.0000000000
115787  51.143  16.306  20.917 0.0000000000
115788  50.371  16.264  20.699 0.0000000000
115800  51.093  16.287  20.124 0.0000000000
115825  50.643  16.229  18.401 0.0000000000
110993  45.389  11.824  25.325 0.0000000000
111962  46.030  12.189  25.925 0.0000000000
111006  45.503  11.590  24.351 0.0000000000
111018  45.781  11.427  23.481 0.0000000000
110106  45.470  11.033  21.845 0.0000000000
108239  48.951  8.434  12.242 0.0000000000
108250  49.108  8.279  11.710 0.0000000000
108260  48.738  8.269  11.391 0.0000000000
108261  47.916  8.632  11.654 0.0000000000
109231  47.378  8.940  11.889 0.0000000000
107315  48.284  8.105  11.321 0.0000000000
106326  47.760  7.599  11.578 0.0000000000
106313  47.942  7.040  11.891 0.0000000000
105244  47.547  6.512  12.214 0.0000000000
105243  48.134  6.326  12.202 0.0000000000
107164  37.793  7.271  30.759 0.0000000000
106112  38.211  6.894  30.123 0.0000000000
111913  54.662  12.756  28.800 0.0000000000
111930  54.571  12.447  27.436 0.0000000000
112860  54.289  12.493  26.943 0.0000000000
105140  46.409  5.688  19.273 0.0000000000
105141  45.673  6.129  19.105 0.0000000000
105200  53.547  6.152  15.282 0.0000000000
106266  54.503  6.438  14.638 0.0000000000
106280  53.953  6.702  14.061 0.0000000000
106294  53.622  7.005  13.051 0.0000000000
106295  52.570  7.267  12.782 0.0000000000
106306  53.921  6.757  12.742 0.0000000000
110000  45.842  10.045  34.576 0.0000000000
108122  44.900  8.242  32.025 0.0000000000
108104  45.479  8.317  32.692 0.0000000000
107167  46.030  7.808  30.266 0.0000000000
108137  46.447  8.250  29.771 0.0000000000
109107  45.794  9.055  28.921 0.0000000000
109108  45.068  8.993  28.597 0.0000000000
109111  44.686  9.412  28.037 0.0000000000
109112  43.914  9.397  27.502 0.0000000000
105012  41.559  5.622  29.153 0.0000000000
106125  41.892  6.019  29.518 0.0000000000
103922  42.280  4.973  28.900 0.0000000000
103944  42.245  4.519  27.940 0.0000000000
102884  42.251  3.500  25.251 0.0000000000
103964  41.543  4.473  25.637 0.0000000000
103975  41.698  4.894  25.096 0.0000000000
105060  41.850  5.282  24.842 0.0000000000
106167  41.744  6.139  24.772 0.0000000000
107196  41.520  7.082  25.149 0.0000000000
106166  42.389  6.332  24.076 0.0000000000
106175  42.909  6.429  23.348 0.0000000000
106174  43.407  6.577  22.739 0.0000000000
105087  43.902  6.076  22.542 0.0000000000
104004  44.788  5.078  22.783 0.0000000000
102903  47.754  3.416  23.090 0.0000000000
102911  49.803  3.960  22.689 0.0000000000
114802  49.843  14.998  25.783 0.0000000000
114772  50.101  15.008  27.624 0.0000000000
114803  48.845  14.735  25.980 0.0000000000
114788  47.469  15.103  26.575 0.0000000000
113862  47.393  14.877  25.393 0.0000000000
114821  46.576  15.071  24.528 0.0000000000
114839  46.201  15.237  23.557 0.0000000000
114869  45.500  15.960  21.534 0.0000000000
114855  45.828  15.443  22.470 0.0000000000
115789  46.000  16.254  20.740 0.0000000000
115802  46.051  16.631  20.012 0.0000000000
115853  47.236  16.155  16.198 0.0000000000
115841  47.061  16.174  16.735 0.0000000000
113963  43.515  14.097  15.569 0.0000000000
112073  42.859  12.620  14.551 0.0000000000
109060  49.381  9.195  35.057 0.0000000000
109996  49.951  9.956  34.761 0.0000000000
109059  49.851  9.401  34.639 0.0000000000
110030  49.964  9.997  32.672 0.0000000000
110967  50.185  11.234  30.529 0.0000000000
111960  48.421  12.684  25.475 0.0000000000
111959  49.605  12.872  25.474 0.0000000000
111977  50.195  13.020  24.507 0.0000000000
111976  51.434  13.114  24.490 0.0000000000
111986  50.769  13.156  23.689 0.0000000000
112908  51.083  13.416  22.286 0.0000000000
112917  50.709  13.406  21.439 0.0000000000
107253  45.361  7.565  17.493 0.0000000000
109182  44.871  9.189  18.134 0.0000000000
108203  45.305  8.570  17.041 0.0000000000
109181  45.036  9.312  17.461 0.0000000000
110173  46.176  10.709  14.513 0.0000000000
110162  46.267  10.269  14.599 0.0000000000
111104  46.111  11.348  14.508 0.0000000000
112979  46.184  12.661  15.168 0.0000000000
112968  46.987  13.386  16.143 0.0000000000
112953  48.495  13.680  17.609 0.0000000000
113951  47.029  13.732  15.551 0.0000000000
113950  47.673  13.912  15.647 0.0000000000
113959  47.991  14.499  14.844 0.0000000000
113958  48.851  15.353  14.664 0.0000000000
112996  46.375  13.764  13.285 0.0000000000
110188  45.498  10.466  12.398 0.0000000000
110189  44.939  10.360  12.653 0.0000000000
110180  44.399  10.767  13.123 0.0000000000
109217  44.082  10.143  13.476 0.0000000000
111904  52.645  12.124  31.929 0.0000000000
114872  42.593  15.569  21.291 0.0000000000
112938  43.581  13.470  19.369 0.0000000000
108087  44.137  8.442  33.475 0.0000000000
108077  42.579  8.798  34.056 0.0000000000
107143  44.531  7.797  31.485 0.0000000000
106122  44.533  6.980  29.473 0.0000000000
102864  41.704  3.669  27.558 0.0000000000
101829  41.831  2.593  26.162 0.0000000000
101839  42.141  2.892  25.627 0.0000000000
101852  43.141  2.936  24.640 0.0000000000
102894  43.415  3.579  24.245 0.0000000000
102906  44.787  3.667  23.551 0.0000000000
113837  52.065  14.671  27.769 0.0000000000
114800  52.143  15.192  25.146 0.0000000000
114801  51.012  15.190  25.454 0.0000000000
114818  49.941  15.196  24.603 0.0000000000
114852  49.162  15.444  22.586 0.0000000000
114867  47.701  15.401  21.452 0.0000000000
114880  48.545  15.763  20.660 0.0000000000
114892  48.540  16.135  19.818 0.0000000000
115815  48.616  16.640  19.019 0.0000000000
115814  49.694  16.414  19.274 0.0000000000
115827  48.589  16.536  18.134 0.0000000000
115852  47.615  16.324  15.853 0.0000000000
114935  46.911  15.733  14.656 0.0000000000
110041  48.287  10.209  30.234 0.0000000000
110969  48.643  10.389  30.295 0.0000000000
110974  48.315  10.664  29.633 0.0000000000
110983  48.004  11.835  27.848 0.0000000000
111946  47.877  12.492  26.585 0.0000000000
111961  47.161  12.292  25.448 0.0000000000
111979  47.954  12.483  24.348 0.0000000000
112000  48.410  12.234  22.261 0.0000000000
106285  48.742  7.512  14.296 0.0000000000
107279  47.566  8.094  14.404 0.0000000000
108230  47.719  8.552  13.648 0.0000000000
108242  47.439  9.064  13.387 0.0000000000
108240  48.624  8.645  12.813 0.0000000000
108241  47.909  8.961  13.008 0.0000000000
111109  46.271  11.491  13.012 0.0000000000
109224  46.005  9.638  12.296 0.0000000000
108254  45.792  8.643  12.520 0.0000000000
105230  45.681  6.186  13.450 0.0000000000
104091  46.563  4.343  14.352 0.0000000000
105228  47.261  5.792  12.698 0.0000000000
104106  46.894  4.941  13.645 0.0000000000
103001  47.211  3.872  14.833 0.0000000000
108110  39.568  8.570  32.630 0.0000000000
108127  39.996  8.251  32.053 0.0000000000
106110  40.327  6.921  29.817 0.0000000000
106111  39.209  6.966  29.938 0.0000000000
106126  40.960  6.154  29.070 0.0000000000
105026  41.086  5.244  28.781 0.0000000000
102851  40.694  3.433  28.381 0.0000000000
113826  54.061  14.114  28.184 0.0000000000
113835  54.067  14.219  27.165 0.0000000000
112858  54.742  13.216  27.620 0.0000000000
113834  54.499  13.609  27.117 0.0000000000
113859  53.838  14.490  25.208 0.0000000000
114815  53.811  14.910  24.233 0.0000000000
114832  53.931  14.825  23.469 0.0000000000
114862  53.063  15.078  21.754 0.0000000000
109148  43.654  9.043  21.457 0.0000000000
109147  44.134  9.693  21.781 0.0000000000
109156  43.671  8.900  20.609 0.0000000000
108188  43.833  8.359  19.826 0.0000000000
107243  44.705  7.575  18.556 0.0000000000
105158  45.633  6.317  18.562 0.0000000000
106236  45.455  6.638  18.069 0.0000000000
106250  45.822  6.835  17.454 0.0000000000
107252  45.998  7.150  17.105 0.0000000000
106258  46.950  6.851  16.425 0.0000000000
106271  48.557  6.766  15.231 0.0000000000
105170  50.375  5.176  17.560 0.0000000000
105188  50.174  5.452  16.503 0.0000000000
105201  52.320  6.018  15.278 0.0000000000
105202  51.076  5.888  15.527 0.0000000000
105203  49.972  5.949  15.611 0.0000000000
105204  48.987  6.154  15.728 0.0000000000
106270  49.761  6.690  14.941 0.0000000000
106284  49.492  7.316  14.167 0.0000000000
107276  50.052  7.939  13.259 0.0000000000
106297  50.807  7.849  12.884 0.0000000000
107287  52.086  7.706  12.176 0.0000000000
107288  51.259  7.823  12.172 0.0000000000
107302  50.829  7.647  11.677 0.0000000000
107313  51.495  7.380  11.535 0.0000000000
106310  51.114  6.960  11.584 0.0000000000
106309  51.616  6.537  11.663 0.0000000000
105224  51.601  5.493  12.586 0.0000000000
109061  48.575  9.265  34.902 0.0000000000
108083  48.702  8.846  33.962 0.0000000000
109089  48.582  9.249  32.927 0.0000000000
110001  44.746  10.111  34.419 0.0000000000
108085  46.356  8.560  33.393 0.0000000000
108073  46.993  8.860  34.222 0.0000000000
109097  47.943  8.928  31.967 0.0000000000
109099  48.321  9.656  30.907 0.0000000000
110042  47.650  10.033  29.933 0.0000000000
110981  46.640  10.624  28.276 0.0000000000
110047  45.963  9.816  28.480 0.0000000000
110986  45.552  10.943  27.222 0.0000000000
110989  45.350  11.486  26.508 0.0000000000
110994  44.695  11.393  25.542 0.0000000000
110069  44.315  10.912  24.643 0.0000000000
110082  43.746  9.991  23.071 0.0000000000
108126  40.970  8.176  32.078 0.0000000000
106108  42.455  6.774  29.937 0.0000000000
107159  43.007  7.389  30.665 0.0000000000
105035  42.285  5.325  27.618 0.0000000000
106145  42.575  6.251  27.933 0.0000000000
107174  43.568  6.955  28.577 0.0000000000
107176  43.569  7.590  28.431 0.0000000000
108145  43.512  8.391  27.983 0.0000000000
109113  43.216  9.042  27.214 0.0000000000
109116  42.849  9.384  26.415 0.0000000000
108153  42.194  8.530  25.104 0.0000000000
110061  42.884  9.962  25.447 0.0000000000
109122  42.887  9.777  24.606 0.0000000000
109136  43.648  9.432  22.416 0.0000000000
108165  43.210  8.321  21.955 0.0000000000
107217  43.298  7.462  21.561 0.0000000000
106196  44.381  6.372  20.864 0.0000000000
106184  43.755  6.543  22.016 0.0000000000
105107  44.853  5.873  21.106 0.0000000000
105123  46.560  5.354  20.346 0.0000000000
104041  48.729  4.823  20.196 0.0000000000
103985  45.117  4.201  23.145 0.0000000000
102915  46.388  4.097  22.641 0.0000000000
104002  46.810  4.714  22.160 0.0000000000
104001  47.909  4.427  22.017 0.0000000000
104019  47.573  4.782  21.505 0.0000000000
104030  48.343  4.833  20.804 0.0000000000
104040  48.966  4.838  20.435 0.0000000000
108092  39.110  8.961  32.996 0.0000000000
108111  38.576  8.461  32.407 0.0000000000
108112  37.746  8.557  32.356 0.0000000000
107150  37.040  7.489  31.083 0.0000000000
108129  35.418  7.981  31.538 0.0000000000
106100  35.489  6.438  30.755 0.0000000000
116688  46.866  17.168  27.186 0.0000000000
114789  46.881  15.778  26.697 0.0000000000
115745  46.678  16.490  26.841 0.0000000000
115746  46.290  16.636  26.345 0.0000000000
114870  44.620  16.212  21.564 0.0000000000
115791  44.402  16.700  20.756 0.0000000000
115820  43.848  16.533  19.966 0.0000000000
114883  44.224  15.266  19.707 0.0000000000
113918  44.263  14.589  19.482 0.0000000000
112947  44.238  13.706  18.396 0.0000000000
115817  46.434  16.671  19.117 0.0000000000
115830  45.877  16.068  18.537 0.0000000000
114913  46.459  15.799  17.294 0.0000000000
114903  46.295  15.781  17.918 0.0000000000
114904  45.747  15.544  18.259 0.0000000000
113928  45.235  14.741  18.154 0.0000000000
112958  42.271  13.201  16.883 0.0000000000
112981  41.994  13.365  15.544 0.0000000000
110942  52.660  10.967  33.789 0.0000000000
111909  52.671  12.008  30.593 0.0000000000
110968  49.256  10.599  30.538 0.0000000000
110972  50.385  11.607  29.427 0.0000000000
111934  49.902  12.359  27.473 0.0000000000
111924  50.737  12.034  28.555 0.0000000000
110971  51.081  11.752  29.658 0.0000000000
111916  51.721  12.024  29.575 0.0000000000
111915  53.084  12.419  29.393 0.0000000000
111922  53.578  12.351  28.255 0.0000000000
112861  53.719  12.586  26.804 0.0000000000
112875  53.441  13.033  25.323 0.0000000000
111975  52.505  12.989  24.735 0.0000000000
112886  53.327  13.326  24.416 0.0000000000
112895  54.025  13.784  23.746 0.0000000000
113890  53.904  14.238  22.834 0.0000000000
113891  53.171  14.570  22.321 0.0000000000
113905  52.661  15.087  20.089 0.0000000000
110107  44.778  10.200  21.324 0.0000000000
110116  45.646  10.673  20.731 0.0000000000
110125  44.836  10.039  19.307 0.0000000000
110115  46.131  11.113  21.247 0.0000000000
111037  47.477  11.678  21.047 0.0000000000
111036  48.232  11.831  20.779 0.0000000000
108212  46.223  8.479  15.676 0.0000000000
109199  45.720  9.636  15.820 0.0000000000
111094  45.825  11.369  15.529 0.0000000000
111085  45.733  11.407  16.571 0.0000000000
111078  45.921  11.627  17.695 0.0000000000
111059  46.928  11.755  19.252 0.0000000000
111058  47.570  12.000  19.471 0.0000000000
112015  48.674  12.413  20.474 0.0000000000
112014  49.341  12.791  20.807 0.0000000000
112926  49.959  13.247  20.293 0.0000000000
112925  50.845  13.674  20.498 0.0000000000
113927  48.997  13.882  17.726 0.0000000000
112943  50.501  13.970  19.066 0.0000000000
113907  51.139  14.062  19.983 0.0000000000
113906  51.978  14.316  20.190 0.0000000000
113916  52.008  15.031  19.267 0.0000000000
114890  52.303  15.699  19.560 0.0000000000
114902  51.185  15.556  18.462 0.0000000000
114911  50.657  15.649  17.643 0.0000000000
114932  49.510  15.976  15.308 0.0000000000
114933  49.231  15.894  14.727 0.0000000000
114944  49.153  16.144  14.807 0.0000000000
114946  47.832  15.936  14.029 0.0000000000
114947  46.915  15.419  13.755 0.0000000000
112079  45.840  12.632  12.900 0.0000000000
112088  45.358  11.684  12.483 0.0000000000
112997  45.527  13.450  13.188 0.0000000000
113980  44.991  14.199  13.478 0.0000000000
113981  44.028  14.009  13.820 0.0000000000
111105  43.208  11.862  14.224 0.0000000000
110174  43.265  10.871  14.215 0.0000000000
105225  50.557  5.547  12.741 0.0000000000
104103  49.968  4.909  13.419 0.0000000000
101838  42.710  2.631  25.207 0.0000000000
102893  44.103  3.297  23.940 0.0000000000
102895  42.754  3.511  24.721 0.0000000000
102912  49.265  3.904  22.622 0.0000000000
103932  42.113  4.600  28.499 0.0000000000
103963  41.898  3.976  25.336 0.0000000000
103974  42.279  4.476  24.761 0.0000000000
104020  46.980  4.936  21.804 0.0000000000
104031  47.746  4.825  21.008 0.0000000000
104074  46.058  4.162  14.809 0.0000000000
105036  41.692  5.371  26.867 0.0000000000
105050  41.530  5.403  25.328 0.0000000000
105125  44.802  6.158  20.585 0.0000000000
105213  52.659  6.370  14.648 0.0000000000
105250  52.730  6.604  11.671 0.0000000000
106106  44.461  6.817  30.073 0.0000000000
106121  45.070  7.253  29.688 0.0000000000
106136  43.241  6.328  28.483 0.0000000000
106137  40.850  5.745  28.781 0.0000000000
106183  44.301  6.216  21.509 0.0000000000
106208  44.560  6.599  20.110 0.0000000000
106209  44.067  6.827  20.598 0.0000000000
106221  45.247  6.534  18.835 0.0000000000
106235  46.053  6.427  17.654 0.0000000000
106237  44.978  6.917  18.540 0.0000000000
106248  47.089  6.342  16.622 0.0000000000
106249  46.457  6.631  17.041 0.0000000000
106256  48.227  6.410  15.920 0.0000000000
106257  47.721  6.635  16.145 0.0000000000
106299  46.050  6.818  12.867 0.0000000000
106320  52.897  6.965  11.616 0.0000000000
106321  52.527  6.873  11.520 0.0000000000
106323  51.653  7.149  11.464 0.0000000000
107132  42.809  7.870  32.101 0.0000000000
107142  45.100  7.958  31.467 0.0000000000
107156  45.967  7.906  30.612 0.0000000000
107169  45.054  7.428  29.459 0.0000000000
107172  44.749  7.578  29.019 0.0000000000
107173  44.080  7.390  28.726 0.0000000000
107218  43.157  7.779  21.779 0.0000000000
107225  43.664  7.466  20.580 0.0000000000
107232  44.160  7.515  19.711 0.0000000000
107242  45.047  7.127  18.133 0.0000000000
107254  44.858  7.999  18.007 0.0000000000
107262  46.304  7.597  16.301 0.0000000000
107268  47.998  7.458  14.710 0.0000000000
107270  46.690  8.230  15.209 0.0000000000
107290  49.425  8.277  12.542 0.0000000000
107300  52.431  7.412  11.780 0.0000000000
107310  52.689  7.075  11.514 0.0000000000
107311  52.421  7.114  11.524 0.0000000000
107317  47.093  7.891  11.755 0.0000000000
108070  49.491  8.899  34.997 0.0000000000
108071  49.000  8.822  34.894 0.0000000000
108120  46.484  8.326  31.595 0.0000000000
108123  44.223  8.079  32.159 0.0000000000
108124  42.435  7.996  32.088 0.0000000000
108132  47.020  8.694  30.338 0.0000000000
108134  45.961  8.113  30.994 0.0000000000
108141  44.389  8.399  28.511 0.0000000000
108154  41.801  7.833  25.604 0.0000000000
108158  41.901  7.783  24.893 0.0000000000
108166  43.057  7.994  21.877 0.0000000000
108175  43.096  7.978  21.632 0.0000000000
108181  43.558  8.265  20.361 0.0000000000
108187  44.287  8.405  19.149 0.0000000000
108204  44.980  8.501  17.733 0.0000000000
108222  46.043  9.076  15.588 0.0000000000
108232  44.342  8.459  14.328 0.0000000000
109074  50.340  9.665  33.786 0.0000000000
109076  48.965  9.124  33.574 0.0000000000
109090  47.970  8.850  32.664 0.0000000000
109095  49.174  9.742  31.737 0.0000000000
109096  48.593  9.578  31.617 0.0000000000
109103  46.558  9.171  29.368 0.0000000000
109104  46.179  8.653  29.328 0.0000000000
109115  43.476  9.628  26.864 0.0000000000
109118  42.894  9.888  25.063 0.0000000000
109119  42.695  9.526  25.352 0.0000000000
109126  42.661  8.668  23.998 0.0000000000
109135  44.049  9.788  22.194 0.0000000000
109164  43.707  8.740  20.125 0.0000000000
109191  45.331  9.502  16.677 0.0000000000
109208  43.761  9.632  14.153 0.0000000000
110014  52.173  10.730  33.839 0.0000000000
110016  50.903  9.982  33.731 0.0000000000
110017  50.287  9.901  33.379 0.0000000000
110028  51.570  10.405  33.042 0.0000000000
110032  51.147  10.435  32.343 0.0000000000
110033  50.515  10.222  31.992 0.0000000000
110034  49.643  10.018  31.670 0.0000000000
110035  49.079  9.914  31.383 0.0000000000
110039  48.151  9.837  30.515 0.0000000000
110045  47.214  10.264  29.272 0.0000000000
110046  46.553  10.156  28.916 0.0000000000
110050  45.523  10.224  27.711 0.0000000000
110054  45.091  10.683  27.049 0.0000000000
110057  42.876  9.995  25.775 0.0000000000
110105  46.077  11.349  21.642 0.0000000000
110144  44.926  9.727  17.844 0.0000000000
110163  45.909  10.495  15.175 0.0000000000
110943  52.106  10.795  34.059 0.0000000000
110960  52.042  11.536  31.265 0.0000000000
110962  50.024  10.629  31.283 0.0000000000
110973  49.331  11.216  29.577 0.0000000000
110975  47.632  10.433  29.348 0.0000000000
110990  44.567  11.185  26.123 0.0000000000
111007  44.936  11.453  24.833 0.0000000000
111017  46.514  12.002  23.067 0.0000000000
111026  48.105  11.863  21.459 0.0000000000
111028  46.658  11.719  22.326 0.0000000000
111029  45.960  11.435  22.637 0.0000000000
111038  46.640  11.528  21.529 0.0000000000
111047  48.228  12.021  20.378 0.0000000000
111067  46.590  11.987  18.259 0.0000000000
111892  52.868  11.768  32.598 0.0000000000
111907  54.573  12.763  29.857 0.0000000000
111910  51.922  11.813  30.285 0.0000000000
111921  54.484  12.305  28.139 0.0000000000
111926  49.031  11.879  28.337 0.0000000000
111929  54.706  12.818  27.384 0.0000000000
111937  46.912  11.921  27.518 0.0000000000
111940  54.576  12.914  27.091 0.0000000000
111941  54.606  12.741  27.163 0.0000000000
111948  45.996  11.965  26.520 0.0000000000
111956  52.816  12.885  25.238 0.0000000000
111957  51.897  12.910  25.339 0.0000000000
111974  53.073  12.857  24.969 0.0000000000
112001  47.636  12.088  22.524 0.0000000000
112016  48.276  12.276  20.058 0.0000000000
112022  49.335  12.839  20.159 0.0000000000
112025  47.566  12.212  19.060 0.0000000000
112031  48.600  12.866  19.022 0.0000000000
112040  47.520  12.963  18.130 0.0000000000
112042  46.337  12.308  17.350 0.0000000000
112043  42.779  12.770  17.723 0.0000000000
112061  46.525  12.733  16.139 0.0000000000
112859  54.479  12.546  27.067 0.0000000000
112863  54.634  13.109  27.114 0.0000000000
112865  53.949  12.884  26.287 0.0000000000
112866  53.256  13.065  26.225 0.0000000000
112876  52.994  13.032  25.647 0.0000000000
112885  54.001  13.635  24.701 0.0000000000
112887  52.459  13.355  24.006 0.0000000000
112896  53.402  13.589  23.443 0.0000000000
112898  51.411  13.269  23.016 0.0000000000
112905  54.032  13.786  23.059 0.0000000000
112916  51.892  13.952  21.583 0.0000000000
112918  50.051  13.154  20.941 0.0000000000
112927  43.538  13.911  20.099 0.0000000000
112934  50.551  13.784  19.802 0.0000000000
112936  49.165  13.253  19.056 0.0000000000
112937  44.261  14.033  19.027 0.0000000000
112944  49.841  13.796  18.631 0.0000000000
112945  48.852  13.452  18.323 0.0000000000
112954  47.696  13.412  17.448 0.0000000000
112957  43.205  13.218  17.084 0.0000000000
112967  47.808  13.655  16.490 0.0000000000
112988  46.198  12.822  14.664 0.0000000000
113831  47.807  15.556  28.027 0.0000000000
113832  47.673  15.727  27.878 0.0000000000
113839  47.747  15.493  27.790 0.0000000000
113840  47.617  15.638  27.653 0.0000000000
113843  54.121  13.851  26.271 0.0000000000
113845  52.131  14.700  26.893 0.0000000000
113846  51.507  14.715  27.282 0.0000000000
113848  47.443  14.794  26.010 0.0000000000
113860  49.097  14.784  25.154 0.0000000000
113861  48.280  14.718  25.294 0.0000000000
113863  46.902  15.031  25.047 0.0000000000
113874  47.962  14.892  24.521 0.0000000000
113875  47.260  14.934  24.547 0.0000000000
113882  54.259  14.141  23.314 0.0000000000
113883  47.961  14.998  24.131 0.0000000000
113915  52.500  15.405  19.727 0.0000000000
113919  43.842  14.291  19.918 0.0000000000
113938  48.983  14.283  17.183 0.0000000000
113954  43.535  13.854  16.122 0.0000000000
113957  49.339  15.691  14.989 0.0000000000
113968  48.349  15.664  14.157 0.0000000000
114769  48.254  15.802  28.312 0.0000000000
114775  47.476  15.765  27.498 0.0000000000
114776  47.006  16.112  27.134 0.0000000000
114786  49.539  14.839  26.759 0.0000000000
114804  47.164  14.966  25.929 0.0000000000
114817  51.458  15.374  24.415 0.0000000000
114819  48.976  14.975  24.224 0.0000000000
114820  48.430  14.936  24.285 0.0000000000
114831  54.184  14.485  23.530 0.0000000000
114848  53.565  14.861  22.769 0.0000000000
114864  51.270  15.933  21.676 0.0000000000
114881  47.578  15.775  20.415 0.0000000000
114889  52.717  15.699  19.975 0.0000000000
114897  43.945  16.325  19.826 0.0000000000
114901  51.702  15.580  19.092 0.0000000000
114905  45.112  15.144  18.629 0.0000000000
114921  50.385  15.915  16.971 0.0000000000
114923  47.390  16.155  15.603 0.0000000000
114934  47.550  16.123  15.037 0.0000000000
114945  48.735  16.024  14.402 0.0000000000
114948  46.327  15.064  13.444 0.0000000000
114956  46.544  14.818  13.196 0.0000000000
115728  48.022  16.485  28.334 0.0000000000
115735  47.512  16.494  27.912 0.0000000000
115755  46.415  16.106  26.290 0.0000000000
115798  52.643  15.997  20.254 0.0000000000
115801  50.136  16.103  20.024 0.0000000000
115804  44.298  16.834  20.113 0.0000000000
115812  51.788  16.151  19.532 0.0000000000
115840  47.632  16.394  16.998 0.0000000000
115849  50.035  16.191  16.793 0.0000000000
115851  48.487  16.488  16.087 0.0000000000
115860  49.064  16.343  15.318 0.0000000000
115861  48.427  16.344  15.217 0.0000000000
115869  48.813  16.254  14.778 0.0000000000
116672  49.263  17.406  29.548 0.0000000000
116676  47.695  17.203  28.191 0.0000000000
116687  47.260  17.178  27.707 0.0000000000
116698  46.466  17.205  26.628 0.0000000000
116699  46.037  17.029  26.169 0.0000000000
117584  48.466  17.694  28.707 0.0000000000
