#!ascii label  , from subject S5_07 vox2ras=TkReg
1080
36767  12.559  -52.306  61.595 0.0000000000
41043  6.594  -50.607  46.229 0.0000000000
31692  3.532  -55.421  57.899 0.0000000000
43587  4.200  -48.075  58.613 0.0000000000
45039  2.416  -45.468  51.388 0.0000000000
35508  7.706  -52.405  59.273 0.0000000000
40828  6.299  -49.521  60.920 0.0000000000
34260  14.437  -52.537  58.744 0.0000000000
34271  8.960  -53.407  57.977 0.0000000000
31708  5.691  -55.355  55.675 0.0000000000
49970  6.938  -43.305  57.238 0.0000000000
44981  4.428  -45.965  55.483 0.0000000000
51170  6.300  -42.715  53.189 0.0000000000
33007  1.799  -54.461  52.471 0.0000000000
39497  2.251  -51.957  53.717 0.0000000000
38087  3.101  -51.387  58.590 0.0000000000
47549  6.151  -45.768  60.226 0.0000000000
40918  4.915  -50.449  53.124 0.0000000000
45014  7.324  -46.777  51.939 0.0000000000
47695  5.370  -44.591  47.241 0.0000000000
50130  1.920  -42.899  45.106 0.0000000000
35490  10.326  -51.997  59.749 0.0000000000
36756  9.328  -50.928  60.252 0.0000000000
35521  13.507  -53.685  60.501 0.0000000000
34262  12.469  -52.904  58.629 0.0000000000
34239  11.670  -54.108  60.151 0.0000000000
34256  8.997  -53.963  59.361 0.0000000000
51138  6.625  -42.433  55.172 0.0000000000
31720  2.565  -54.963  54.237 0.0000000000
35587  3.148  -53.489  55.120 0.0000000000
35551  3.034  -53.041  58.282 0.0000000000
46272  8.700  -46.240  60.657 0.0000000000
44922  5.935  -47.179  60.670 0.0000000000
30360  5.361  -56.423  56.785 0.0000000000
30424  4.463  -55.801  53.747 0.0000000000
30404  3.752  -55.886  54.227 0.0000000000
29076  2.357  -55.461  50.901 0.0000000000
39481  3.693  -51.357  55.546 0.0000000000
40900  3.225  -51.336  53.572 0.0000000000
40866  4.281  -50.232  55.715 0.0000000000
45003  2.672  -46.112  53.624 0.0000000000
44991  6.363  -46.655  54.093 0.0000000000
45036  4.882  -46.466  51.518 0.0000000000
45066  7.042  -45.536  49.921 0.0000000000
43705  4.149  -45.473  48.832 0.0000000000
32953  5.325  -53.852  58.756 0.0000000000
36792  4.142  -52.793  60.657 0.0000000000
36773  6.567  -51.469  60.380 0.0000000000
40813  8.207  -48.854  60.796 0.0000000000
35580  15.098  -51.098  57.703 0.0000000000
38122  13.836  -49.863  55.791 0.0000000000
35582  13.231  -51.438  57.728 0.0000000000
35603  9.578  -51.841  56.366 0.0000000000
32975  7.280  -54.197  56.500 0.0000000000
31682  6.616  -54.533  58.183 0.0000000000
47567  4.317  -45.451  58.435 0.0000000000
44959  4.340  -46.735  57.076 0.0000000000
48797  3.948  -44.196  56.020 0.0000000000
49998  2.665  -43.635  54.446 0.0000000000
48850  2.760  -43.881  52.609 0.0000000000
38049  14.731  -51.284  60.694 0.0000000000
36843  19.295  -50.541  55.229 0.0000000000
35575  20.180  -52.308  56.739 0.0000000000
35533  16.300  -51.384  59.221 0.0000000000
35500  15.723  -52.049  60.586 0.0000000000
34341  0.657  -54.155  49.704 0.0000000000
36916  1.026  -52.732  50.314 0.0000000000
36866  0.969  -52.676  53.195 0.0000000000
38096  3.336  -51.957  55.732 0.0000000000
40841  3.638  -49.848  58.368 0.0000000000
38077  3.473  -50.873  60.865 0.0000000000
42241  3.453  -48.732  59.845 0.0000000000
46303  4.452  -46.808  59.345 0.0000000000
49943  5.913  -44.317  58.807 0.0000000000
39561  2.151  -51.965  50.543 0.0000000000
40981  3.923  -51.634  49.573 0.0000000000
40959  5.921  -50.283  50.603 0.0000000000
42282  5.729  -48.456  55.546 0.0000000000
42323  7.117  -48.759  52.899 0.0000000000
40977  7.511  -49.108  49.692 0.0000000000
43684  8.556  -47.248  49.660 0.0000000000
46428  8.214  -45.295  48.335 0.0000000000
51218  5.650  -41.044  50.059 0.0000000000
51222  3.154  -42.359  49.725 0.0000000000
52321  1.983  -40.574  48.463 0.0000000000
46431  1.671  -44.520  48.457 0.0000000000
45129  3.347  -44.988  46.006 0.0000000000
35489  11.296  -52.303  60.410 0.0000000000
36769  10.862  -51.654  60.205 0.0000000000
38053  11.980  -51.035  60.438 0.0000000000
35487  13.005  -52.997  61.852 0.0000000000
34226  12.141  -53.709  60.659 0.0000000000
35504  11.685  -53.080  60.725 0.0000000000
35505  10.709  -52.853  60.296 0.0000000000
41066  6.710  -50.353  45.130 0.0000000000
41042  7.474  -50.008  45.934 0.0000000000
31702  3.441  -55.169  56.472 0.0000000000
34272  3.157  -54.349  56.777 0.0000000000
34258  3.109  -53.907  58.536 0.0000000000
39508  15.979  -49.191  54.616 0.0000000000
31696  4.153  -56.113  57.687 0.0000000000
30382  4.562  -55.748  55.155 0.0000000000
30368  3.878  -55.405  56.419 0.0000000000
30384  2.992  -55.374  54.463 0.0000000000
42263  4.257  -49.364  57.539 0.0000000000
40867  4.000  -50.943  55.656 0.0000000000
42275  4.257  -49.579  57.083 0.0000000000
45019  2.823  -46.271  52.597 0.0000000000
45018  3.764  -46.552  52.546 0.0000000000
45037  3.988  -46.548  51.423 0.0000000000
43667  4.344  -46.373  50.602 0.0000000000
43669  3.407  -45.625  50.387 0.0000000000
32948  6.701  -52.914  58.642 0.0000000000
35510  5.384  -52.367  59.628 0.0000000000
35493  7.137  -51.993  59.807 0.0000000000
39428  8.624  -49.671  60.902 0.0000000000
44909  9.931  -46.838  60.610 0.0000000000
35548  14.678  -51.718  58.736 0.0000000000
35581  14.081  -51.094  57.828 0.0000000000
35549  13.971  -51.981  58.758 0.0000000000
34263  11.177  -53.282  58.859 0.0000000000
35568  10.921  -52.334  57.705 0.0000000000
34274  9.340  -52.473  57.267 0.0000000000
32969  8.076  -53.845  57.304 0.0000000000
34242  8.683  -53.573  59.283 0.0000000000
32957  7.783  -54.081  58.543 0.0000000000
32951  7.338  -53.504  58.616 0.0000000000
32959  6.431  -54.291  58.376 0.0000000000
48785  4.934  -44.269  57.882 0.0000000000
47576  4.370  -45.256  57.294 0.0000000000
51099  4.950  -43.138  56.481 0.0000000000
51152  6.454  -42.429  54.270 0.0000000000
51140  4.752  -42.723  54.787 0.0000000000
51154  4.712  -42.781  54.024 0.0000000000
48822  1.531  -43.747  53.930 0.0000000000
51190  4.881  -42.960  52.402 0.0000000000
35545  17.432  -50.856  58.458 0.0000000000
34316  1.401  -54.440  51.026 0.0000000000
35638  1.057  -53.365  51.770 0.0000000000
34300  1.838  -53.785  52.972 0.0000000000
36802  3.257  -52.184  57.169 0.0000000000
36816  3.102  -52.678  54.780 0.0000000000
38092  3.402  -51.520  56.873 0.0000000000
39471  3.424  -50.683  57.613 0.0000000000
39463  3.127  -50.467  58.501 0.0000000000
38075  4.747  -51.165  61.202 0.0000000000
36786  3.863  -51.867  61.103 0.0000000000
39450  4.566  -50.233  60.796 0.0000000000
46293  6.183  -46.533  60.246 0.0000000000
43566  4.533  -47.795  60.782 0.0000000000
44932  4.960  -47.563  60.089 0.0000000000
44939  4.276  -47.693  59.539 0.0000000000
47551  5.434  -46.415  59.610 0.0000000000
47555  4.827  -46.015  59.353 0.0000000000
49914  6.256  -45.432  59.821 0.0000000000
38123  12.598  -49.733  55.630 0.0000000000
39510  13.202  -48.589  54.478 0.0000000000
31732  5.970  -54.633  54.234 0.0000000000
31765  6.132  -54.358  51.992 0.0000000000
31733  5.471  -55.035  53.747 0.0000000000
29057  3.545  -56.063  51.478 0.0000000000
30463  4.260  -56.034  51.224 0.0000000000
30448  1.975  -55.034  51.677 0.0000000000
31785  1.371  -55.307  50.183 0.0000000000
38161  0.992  -52.124  51.808 0.0000000000
39562  1.757  -51.952  50.749 0.0000000000
39534  1.981  -51.586  52.324 0.0000000000
40899  3.904  -50.942  53.778 0.0000000000
40941  3.337  -51.350  51.652 0.0000000000
40940  4.309  -50.995  51.816 0.0000000000
40960  4.927  -50.801  50.558 0.0000000000
39547  5.434  -50.551  52.047 0.0000000000
44968  4.391  -46.219  56.444 0.0000000000
43605  4.504  -47.469  56.890 0.0000000000
44966  5.466  -46.988  56.253 0.0000000000
44998  6.981  -47.017  52.894 0.0000000000
42293  7.262  -47.965  54.041 0.0000000000
42322  7.364  -48.226  52.590 0.0000000000
42353  7.160  -48.634  51.612 0.0000000000
42352  7.756  -48.273  50.923 0.0000000000
42364  8.326  -47.733  49.528 0.0000000000
43665  8.323  -47.029  50.573 0.0000000000
46430  6.351  -44.829  48.843 0.0000000000
46408  8.017  -45.472  49.043 0.0000000000
46445  6.599  -44.602  47.935 0.0000000000
53423  4.401  -39.803  49.492 0.0000000000
51220  4.187  -42.061  49.957 0.0000000000
52312  2.953  -40.515  49.458 0.0000000000
52356  2.718  -41.309  46.154 0.0000000000
51258  1.678  -42.007  47.045 0.0000000000
50079  1.638  -42.414  48.335 0.0000000000
47715  1.691  -43.628  46.696 0.0000000000
43748  2.151  -45.591  47.025 0.0000000000
46478  2.279  -44.370  45.447 0.0000000000
35507  8.676  -52.540  59.380 0.0000000000
35492  8.172  -51.956  59.800 0.0000000000
36770  9.773  -51.407  59.967 0.0000000000
34237  13.906  -53.755  59.859 0.0000000000
34261  13.679  -52.951  58.571 0.0000000000
34252  13.211  -53.446  59.307 0.0000000000
34253  12.101  -53.804  59.403 0.0000000000
34254  11.015  -54.193  59.491 0.0000000000
34265  9.036  -53.744  58.872 0.0000000000
34240  10.598  -54.181  60.164 0.0000000000
34229  9.202  -53.276  59.476 0.0000000000
49983  8.451  -43.115  56.525 0.0000000000
49985  6.467  -42.968  56.520 0.0000000000
51136  8.653  -42.339  55.053 0.0000000000
51150  8.422  -42.277  54.162 0.0000000000
51168  8.275  -42.050  53.131 0.0000000000
31721  2.338  -54.736  53.594 0.0000000000
34292  1.802  -53.976  53.750 0.0000000000
34277  2.934  -54.308  55.387 0.0000000000
34267  3.345  -53.517  56.935 0.0000000000
36801  3.371  -52.181  58.007 0.0000000000
43545  7.115  -47.622  61.271 0.0000000000
42218  6.007  -48.274  61.061 0.0000000000
44913  6.913  -46.961  61.187 0.0000000000
47539  7.053  -45.814  60.852 0.0000000000
48750  7.114  -44.980  61.244 0.0000000000
49912  7.268  -44.695  60.470 0.0000000000
30359  5.684  -56.169  56.584 0.0000000000
30423  5.011  -55.559  54.293 0.0000000000
30381  4.968  -55.864  55.361 0.0000000000
30403  4.267  -55.959  54.110 0.0000000000
29040  3.378  -55.742  52.700 0.0000000000
29075  2.814  -55.918  50.877 0.0000000000
29041  3.162  -55.674  53.023 0.0000000000
30427  2.612  -55.337  52.805 0.0000000000
39482  3.055  -51.927  54.549 0.0000000000
39513  2.403  -51.654  53.259 0.0000000000
39496  3.259  -51.588  54.424 0.0000000000
40881  3.900  -51.090  54.693 0.0000000000
40880  4.381  -50.636  54.859 0.0000000000
44994  3.531  -45.943  54.528 0.0000000000
44980  5.276  -46.600  55.438 0.0000000000
45001  4.582  -46.534  53.512 0.0000000000
45000  5.585  -46.497  53.369 0.0000000000
45015  6.530  -46.489  52.211 0.0000000000
45033  7.494  -46.501  51.076 0.0000000000
45053  5.817  -46.073  50.562 0.0000000000
45068  4.966  -45.525  49.948 0.0000000000
45097  4.514  -45.297  48.133 0.0000000000
51287  2.912  -42.361  44.140 0.0000000000
47780  2.633  -44.073  42.874 0.0000000000
49028  3.032  -42.909  41.728 0.0000000000
32962  4.027  -54.769  59.045 0.0000000000
34248  4.094  -53.898  59.544 0.0000000000
34247  4.705  -53.773  60.064 0.0000000000
36784  4.894  -52.345  60.349 0.0000000000
38069  6.125  -50.945  61.026 0.0000000000
36772  7.728  -51.367  60.550 0.0000000000
38058  7.460  -50.488  61.221 0.0000000000
40815  7.172  -48.863  60.777 0.0000000000
43544  7.617  -47.604  60.934 0.0000000000
36824  16.483  -50.748  56.642 0.0000000000
38121  14.904  -50.081  55.696 0.0000000000
36826  14.494  -50.596  56.896 0.0000000000
35566  12.673  -51.994  58.194 0.0000000000
35584  11.185  -51.577  57.393 0.0000000000
36830  9.891  -51.200  55.734 0.0000000000
32979  7.070  -54.029  55.269 0.0000000000
32976  6.545  -54.563  56.224 0.0000000000
32964  8.089  -53.794  58.063 0.0000000000
32971  7.365  -54.374  57.819 0.0000000000
31695  6.305  -55.678  57.025 0.0000000000
31688  6.160  -55.479  57.753 0.0000000000
31685  5.378  -55.424  58.793 0.0000000000
44952  4.385  -46.926  58.169 0.0000000000
43595  4.328  -47.857  57.744 0.0000000000
46321  4.254  -45.884  57.298 0.0000000000
46326  4.145  -45.272  56.419 0.0000000000
46334  3.491  -45.335  55.884 0.0000000000
51112  4.656  -42.842  56.007 0.0000000000
48808  3.233  -44.036  55.491 0.0000000000
46353  3.149  -45.049  54.741 0.0000000000
44996  2.420  -45.245  54.008 0.0000000000
46373  2.124  -45.212  52.748 0.0000000000
46382  2.092  -44.895  51.624 0.0000000000
36752  13.057  -51.748  61.484 0.0000000000
36844  18.113  -50.375  55.424 0.0000000000
35614  21.473  -52.115  55.066 0.0000000000
35574  21.089  -52.619  56.684 0.0000000000
35615  20.788  -51.727  55.098 0.0000000000
35616  20.254  -51.401  55.612 0.0000000000
35598  19.453  -51.111  56.204 0.0000000000
36823  17.607  -50.468  56.325 0.0000000000
35546  16.401  -51.111  58.574 0.0000000000
34249  15.597  -51.847  59.457 0.0000000000
35518  16.294  -51.594  59.840 0.0000000000
34236  14.984  -53.364  59.743 0.0000000000
35501  14.887  -53.069  61.091 0.0000000000
35486  14.135  -52.833  61.639 0.0000000000
36883  0.869  -52.657  52.292 0.0000000000
38126  1.450  -52.184  53.365 0.0000000000
35606  2.158  -53.463  53.737 0.0000000000
36832  2.556  -52.778  53.944 0.0000000000
39475  3.699  -51.121  56.515 0.0000000000
40850  3.809  -50.092  57.548 0.0000000000
42253  4.103  -49.088  58.233 0.0000000000
35524  3.478  -52.967  59.840 0.0000000000
36794  3.403  -52.222  59.625 0.0000000000
38084  3.091  -51.385  59.362 0.0000000000
40833  4.238  -49.294  60.604 0.0000000000
40834  3.758  -49.367  60.489 0.0000000000
39458  3.097  -50.080  59.178 0.0000000000
42244  3.516  -48.812  59.315 0.0000000000
43579  4.028  -48.152  59.124 0.0000000000
44942  3.985  -47.414  58.816 0.0000000000
46310  4.142  -46.411  58.811 0.0000000000
48775  4.827  -44.555  58.724 0.0000000000
49956  6.490  -43.759  57.896 0.0000000000
49923  7.662  -44.254  59.685 0.0000000000
49955  7.491  -43.675  58.135 0.0000000000
49969  7.940  -43.358  57.337 0.0000000000
31801  6.055  -54.813  49.345 0.0000000000
30462  4.694  -55.268  51.886 0.0000000000
40942  2.563  -51.590  51.523 0.0000000000
40982  3.202  -51.867  49.591 0.0000000000
40998  6.409  -50.375  48.430 0.0000000000
43606  4.325  -48.305  57.107 0.0000000000
40864  4.939  -48.962  56.177 0.0000000000
40878  5.297  -49.570  54.586 0.0000000000
42281  6.319  -47.961  55.046 0.0000000000
42311  6.417  -48.732  54.225 0.0000000000
40917  5.693  -49.802  52.844 0.0000000000
40938  6.085  -50.180  51.798 0.0000000000
40978  6.562  -49.822  49.581 0.0000000000
40997  7.280  -49.481  48.609 0.0000000000
42389  7.942  -48.969  47.790 0.0000000000
45065  7.925  -45.716  49.782 0.0000000000
46407  8.480  -45.647  48.779 0.0000000000
52270  7.856  -41.312  51.630 0.0000000000
52298  7.615  -40.195  50.312 0.0000000000
51206  6.785  -41.294  51.063 0.0000000000
51209  4.536  -42.955  51.466 0.0000000000
50051  3.588  -43.455  50.961 0.0000000000
47652  2.224  -44.063  50.497 0.0000000000
51231  2.312  -41.432  48.792 0.0000000000
48877  1.674  -43.037  49.021 0.0000000000
45057  1.955  -45.090  50.122 0.0000000000
43707  2.732  -45.447  48.214 0.0000000000
43724  3.456  -45.676  47.675 0.0000000000
45127  4.305  -45.118  46.515 0.0000000000
46490  4.393  -44.635  44.769 0.0000000000
36768  11.718  -52.026  60.969 0.0000000000
36753  12.250  -51.681  61.074 0.0000000000
35503  12.527  -53.360  61.237 0.0000000000
35488  12.061  -52.715  61.342 0.0000000000
41067  5.983  -50.938  45.367 0.0000000000
31698  3.721  -55.214  57.121 0.0000000000
32972  3.355  -54.701  56.801 0.0000000000
32968  3.193  -54.841  58.054 0.0000000000
38119  17.340  -50.153  55.111 0.0000000000
38138  16.900  -49.735  54.863 0.0000000000
38139  16.316  -49.728  55.080 0.0000000000
31697  3.704  -55.838  57.528 0.0000000000
30362  4.053  -55.917  57.026 0.0000000000
30363  3.867  -55.630  57.051 0.0000000000
31709  3.275  -55.370  55.951 0.0000000000
45038  3.215  -46.216  51.639 0.0000000000
43654  3.034  -45.800  50.936 0.0000000000
43653  3.493  -46.314  50.947 0.0000000000
34231  7.252  -52.619  58.811 0.0000000000
35509  6.598  -52.382  59.289 0.0000000000
34259  14.747  -51.902  59.082 0.0000000000
34270  10.035  -52.880  57.935 0.0000000000
34275  8.276  -52.857  56.925 0.0000000000
34230  8.221  -53.068  59.409 0.0000000000
34243  8.352  -52.953  59.013 0.0000000000
34244  7.823  -52.870  58.784 0.0000000000
32947  7.158  -53.000  58.569 0.0000000000
49957  5.615  -43.561  57.512 0.0000000000
49958  4.949  -43.686  57.215 0.0000000000
49972  5.569  -43.096  56.761 0.0000000000
51169  7.292  -42.330  53.191 0.0000000000
51153  5.482  -42.584  54.214 0.0000000000
51172  4.371  -43.155  53.591 0.0000000000
51171  5.260  -42.955  53.334 0.0000000000
33016  1.489  -54.597  51.429 0.0000000000
34309  1.431  -53.969  52.105 0.0000000000
36805  3.290  -52.195  56.385 0.0000000000
38088  3.231  -51.362  57.799 0.0000000000
39449  5.141  -50.524  60.910 0.0000000000
39446  5.274  -49.851  60.739 0.0000000000
47545  6.246  -46.178  59.957 0.0000000000
46294  5.693  -46.874  59.898 0.0000000000
46299  5.134  -47.054  59.607 0.0000000000
47546  5.757  -46.512  59.775 0.0000000000
47550  6.066  -46.119  59.791 0.0000000000
48758  6.216  -45.644  60.025 0.0000000000
31718  6.115  -54.947  55.136 0.0000000000
31719  5.564  -55.271  54.726 0.0000000000
29073  3.596  -56.321  50.563 0.0000000000
31750  1.755  -55.015  52.013 0.0000000000
31767  1.790  -54.917  51.089 0.0000000000
33030  1.387  -54.740  50.680 0.0000000000
39514  1.554  -51.794  52.971 0.0000000000
39535  1.365  -51.769  52.106 0.0000000000
40919  4.267  -50.803  52.903 0.0000000000
39549  4.501  -50.873  52.385 0.0000000000
39548  4.903  -50.813  52.151 0.0000000000
39533  4.725  -50.720  52.636 0.0000000000
44967  4.891  -46.624  56.309 0.0000000000
43642  7.388  -47.575  52.518 0.0000000000
42337  7.509  -48.066  51.878 0.0000000000
43651  7.881  -47.253  51.254 0.0000000000
43666  8.177  -47.578  50.384 0.0000000000
43650  8.174  -46.983  50.914 0.0000000000
46446  5.528  -44.629  47.854 0.0000000000
53408  4.970  -39.308  49.709 0.0000000000
53409  3.875  -39.116  49.693 0.0000000000
52310  4.266  -40.364  49.506 0.0000000000
53424  3.680  -39.809  49.500 0.0000000000
51271  2.441  -42.086  45.990 0.0000000000
51257  2.160  -41.652  46.640 0.0000000000
50097  2.007  -42.352  46.356 0.0000000000
50098  1.746  -42.670  46.713 0.0000000000
48921  1.667  -43.195  46.236 0.0000000000
46477  1.871  -44.075  45.476 0.0000000000
47750  1.844  -43.736  44.918 0.0000000000
35506  9.680  -52.627  59.793 0.0000000000
35491  9.191  -51.893  59.700 0.0000000000
38054  10.962  -50.773  60.461 0.0000000000
34255  9.950  -54.253  59.512 0.0000000000
34228  10.075  -53.602  60.393 0.0000000000
51122  8.008  -42.812  55.756 0.0000000000
51149  9.382  -41.955  54.168 0.0000000000
51167  8.992  -41.941  53.417 0.0000000000
52258  8.981  -41.503  52.769 0.0000000000
32991  2.552  -54.613  54.366 0.0000000000
32992  2.262  -54.460  54.095 0.0000000000
32981  2.761  -54.644  54.783 0.0000000000
34266  2.961  -53.966  57.433 0.0000000000
34273  3.009  -54.012  56.387 0.0000000000
35552  3.260  -53.000  57.384 0.0000000000
44912  7.458  -46.961  61.136 0.0000000000
43546  6.661  -47.651  61.337 0.0000000000
46283  7.891  -46.299  60.810 0.0000000000
47538  7.650  -45.621  60.795 0.0000000000
47543  6.917  -45.505  61.051 0.0000000000
49904  7.992  -44.678  60.668 0.0000000000
49905  7.263  -44.743  60.974 0.0000000000
30365  5.281  -56.495  56.094 0.0000000000
29020  3.614  -55.847  53.484 0.0000000000
29019  3.861  -55.797  53.152 0.0000000000
29021  3.285  -55.821  53.688 0.0000000000
31710  2.895  -55.132  55.335 0.0000000000
30406  2.772  -55.454  53.656 0.0000000000
31734  2.513  -55.103  53.414 0.0000000000
40858  3.897  -50.195  56.588 0.0000000000
42285  4.434  -50.249  55.480 0.0000000000
44993  4.485  -46.238  54.525 0.0000000000
45002  3.559  -46.378  53.591 0.0000000000
45017  4.748  -46.485  52.464 0.0000000000
45016  5.682  -46.307  52.385 0.0000000000
45035  5.747  -46.348  51.447 0.0000000000
45034  6.648  -46.379  51.287 0.0000000000
43686  4.330  -45.739  50.244 0.0000000000
45084  4.925  -45.336  48.997 0.0000000000
51286  3.324  -42.030  44.565 0.0000000000
51302  3.171  -41.692  43.439 0.0000000000
50165  2.770  -42.429  42.936 0.0000000000
50186  3.026  -41.956  41.903 0.0000000000
32961  5.070  -54.795  59.097 0.0000000000
32954  4.876  -54.237  59.385 0.0000000000
34246  5.253  -53.523  59.393 0.0000000000
35494  6.142  -51.925  59.724 0.0000000000
36774  5.336  -51.555  60.225 0.0000000000
36771  8.733  -51.371  60.101 0.0000000000
36757  8.498  -51.024  60.758 0.0000000000
38057  8.091  -50.411  61.123 0.0000000000
39429  7.945  -49.485  61.030 0.0000000000
39430  7.378  -49.716  61.170 0.0000000000
40814  7.558  -48.865  60.798 0.0000000000
42215  7.288  -48.219  60.989 0.0000000000
42214  7.822  -48.207  60.689 0.0000000000
36809  15.631  -51.024  57.074 0.0000000000
36825  15.492  -50.676  56.578 0.0000000000
36810  14.769  -50.809  57.316 0.0000000000
36811  13.799  -51.026  57.426 0.0000000000
36812  12.930  -51.095  57.617 0.0000000000
35550  13.311  -52.266  58.467 0.0000000000
35567  11.804  -52.172  57.844 0.0000000000
35602  10.289  -51.431  56.786 0.0000000000
36814  11.379  -51.196  57.195 0.0000000000
36831  9.391  -51.839  55.732 0.0000000000
35617  8.585  -52.310  54.560 0.0000000000
32980  6.561  -54.476  55.636 0.0000000000
32956  8.292  -53.910  58.709 0.0000000000
32958  7.041  -54.348  58.421 0.0000000000
32966  7.250  -54.377  58.090 0.0000000000
31694  6.772  -54.633  57.460 0.0000000000
31687  6.617  -54.621  57.961 0.0000000000
32960  5.691  -54.472  58.535 0.0000000000
31686  4.642  -55.374  58.765 0.0000000000
46320  4.301  -46.142  58.156 0.0000000000
47585  4.163  -44.870  56.410 0.0000000000
47577  4.247  -45.150  56.668 0.0000000000
47586  3.516  -44.812  56.152 0.0000000000
44970  4.105  -45.487  56.220 0.0000000000
46335  3.256  -45.139  56.073 0.0000000000
51124  5.884  -42.592  56.078 0.0000000000
51125  5.067  -42.619  55.725 0.0000000000
51142  3.862  -43.258  54.548 0.0000000000
49987  3.793  -43.258  55.067 0.0000000000
48815  2.684  -43.996  54.938 0.0000000000
46344  3.150  -44.769  55.178 0.0000000000
47601  2.631  -44.353  54.711 0.0000000000
46354  2.695  -44.873  54.514 0.0000000000
47607  1.941  -44.351  54.164 0.0000000000
48836  2.212  -43.825  53.146 0.0000000000
46366  1.859  -44.395  53.523 0.0000000000
46374  2.214  -44.601  52.923 0.0000000000
47644  2.560  -44.460  51.955 0.0000000000
36751  13.905  -51.756  61.328 0.0000000000
38051  13.522  -51.307  60.996 0.0000000000
38050  14.237  -51.346  60.788 0.0000000000
36862  20.016  -50.344  54.329 0.0000000000
38136  19.547  -49.502  54.232 0.0000000000
36863  18.902  -50.111  54.793 0.0000000000
35558  20.324  -52.426  57.564 0.0000000000
35557  21.197  -53.042  57.589 0.0000000000
35596  20.918  -52.244  55.870 0.0000000000
35597  20.280  -51.683  56.124 0.0000000000
35577  18.427  -51.098  57.202 0.0000000000
35599  18.158  -50.728  56.758 0.0000000000
35534  15.714  -51.608  59.075 0.0000000000
35499  16.918  -51.443  60.211 0.0000000000
35519  15.461  -52.896  60.249 0.0000000000
34235  15.688  -52.422  59.709 0.0000000000
36750  14.640  -51.615  60.925 0.0000000000
36765  14.424  -52.139  61.373 0.0000000000
36766  13.505  -52.359  61.698 0.0000000000
34355  0.755  -54.370  48.978 0.0000000000
35659  0.699  -53.599  50.005 0.0000000000
35629  1.099  -53.355  52.706 0.0000000000
38142  0.887  -52.000  52.713 0.0000000000
35605  2.561  -53.692  54.275 0.0000000000
35588  2.751  -53.200  54.177 0.0000000000
38097  3.053  -52.246  54.622 0.0000000000
38109  2.339  -52.328  53.870 0.0000000000
39476  3.482  -51.740  55.371 0.0000000000
42245  3.716  -48.908  58.817 0.0000000000
35523  3.931  -53.305  60.222 0.0000000000
35535  3.729  -53.466  59.514 0.0000000000
38082  3.305  -51.291  60.232 0.0000000000
39454  3.466  -50.253  60.360 0.0000000000
43556  5.784  -47.693  61.147 0.0000000000
42228  5.371  -48.335  60.850 0.0000000000
43557  5.210  -47.728  60.903 0.0000000000
43567  3.979  -47.824  60.614 0.0000000000
42237  3.989  -48.453  60.804 0.0000000000
42238  3.684  -48.622  60.396 0.0000000000
40836  3.361  -49.449  60.100 0.0000000000
40838  3.257  -49.491  59.534 0.0000000000
43578  3.963  -48.234  59.497 0.0000000000
44941  3.958  -47.343  59.108 0.0000000000
44951  4.019  -46.833  58.676 0.0000000000
48774  5.471  -44.986  59.573 0.0000000000
47565  4.840  -45.210  59.427 0.0000000000
39492  14.710  -49.443  55.342 0.0000000000
39493  13.505  -49.150  55.285 0.0000000000
31766  5.453  -54.847  51.285 0.0000000000
31783  6.306  -54.465  50.662 0.0000000000
30444  4.937  -55.539  53.160 0.0000000000
30445  4.242  -55.714  52.576 0.0000000000
33047  1.022  -54.827  49.599 0.0000000000
33066  0.840  -55.190  48.360 0.0000000000
38208  2.157  -52.464  49.228 0.0000000000
39579  2.018  -52.389  49.738 0.0000000000
40983  2.730  -51.962  49.904 0.0000000000
40921  2.709  -51.341  52.523 0.0000000000
40962  3.260  -51.701  50.588 0.0000000000
39575  4.949  -50.956  48.908 0.0000000000
40979  5.511  -50.589  49.395 0.0000000000
40999  5.433  -51.189  48.310 0.0000000000
43594  4.336  -47.589  57.240 0.0000000000
42262  4.372  -48.693  57.361 0.0000000000
42271  5.405  -48.136  56.271 0.0000000000
42272  4.800  -48.490  56.634 0.0000000000
42283  5.091  -49.232  56.026 0.0000000000
42297  4.918  -49.719  55.257 0.0000000000
42296  5.423  -49.157  55.117 0.0000000000
44979  6.040  -47.002  54.878 0.0000000000
42310  6.808  -48.705  53.735 0.0000000000
42294  6.719  -48.261  54.432 0.0000000000
40895  6.471  -49.074  53.631 0.0000000000
40896  6.011  -49.247  53.944 0.0000000000
40916  6.541  -49.222  53.220 0.0000000000
40937  6.570  -49.110  52.179 0.0000000000
40957  7.626  -48.741  50.328 0.0000000000
40958  6.921  -49.293  50.844 0.0000000000
42378  7.973  -48.630  48.872 0.0000000000
43704  8.960  -47.453  48.581 0.0000000000
45052  6.772  -45.986  50.505 0.0000000000
45051  7.681  -46.091  50.433 0.0000000000
46427  8.913  -45.814  48.308 0.0000000000
46442  9.318  -45.761  47.637 0.0000000000
53406  7.074  -39.264  49.948 0.0000000000
52299  6.820  -40.205  50.220 0.0000000000
52285  7.355  -40.979  50.885 0.0000000000
51207  6.061  -41.529  50.853 0.0000000000
51208  5.158  -42.354  51.077 0.0000000000
51221  3.421  -42.183  49.742 0.0000000000
50059  3.815  -42.710  50.353 0.0000000000
50060  3.486  -42.801  50.235 0.0000000000
48861  2.788  -43.400  50.453 0.0000000000
48868  2.796  -43.077  50.069 0.0000000000
53444  1.614  -40.060  48.063 0.0000000000
53435  1.736  -39.721  48.698 0.0000000000
52304  1.970  -39.769  49.328 0.0000000000
52314  2.063  -40.336  49.046 0.0000000000
48889  1.622  -43.232  48.200 0.0000000000
47676  1.856  -44.039  48.724 0.0000000000
47659  1.833  -44.056  49.522 0.0000000000
45069  1.631  -45.005  48.982 0.0000000000
43671  1.956  -45.212  49.334 0.0000000000
43690  1.844  -45.186  48.536 0.0000000000
43768  2.756  -45.646  46.796 0.0000000000
43725  2.910  -45.666  47.506 0.0000000000
43767  3.150  -45.524  46.670 0.0000000000
43744  3.971  -45.561  46.882 0.0000000000
45128  3.943  -45.002  45.930 0.0000000000
45208  3.255  -44.479  42.611 0.0000000000
36754  11.418  -51.442  60.452 0.0000000000
35502  13.612  -53.375  61.161 0.0000000000
34225  12.904  -53.734  60.809 0.0000000000
34227  11.152  -53.721  60.599 0.0000000000
42403  8.160  -49.320  46.637 0.0000000000
32978  2.671  -54.789  56.100 0.0000000000
30361  4.708  -56.281  57.190 0.0000000000
30366  5.102  -56.145  56.156 0.0000000000
30367  4.483  -55.658  56.192 0.0000000000
30383  3.663  -55.477  55.187 0.0000000000
30405  3.058  -55.788  54.008 0.0000000000
40859  3.940  -50.376  56.680 0.0000000000
45055  4.361  -46.663  50.887 0.0000000000
43652  3.749  -46.565  50.936 0.0000000000
43668  3.907  -46.289  50.604 0.0000000000
43687  3.770  -45.474  49.725 0.0000000000
34245  5.579  -53.269  58.760 0.0000000000
34232  5.980  -52.870  59.003 0.0000000000
38056  8.999  -50.454  60.755 0.0000000000
40812  9.061  -48.933  60.693 0.0000000000
42213  8.633  -48.192  60.621 0.0000000000
43542  9.249  -47.516  60.679 0.0000000000
35563  15.373  -51.307  58.161 0.0000000000
35564  14.461  -51.471  58.277 0.0000000000
35565  13.596  -51.654  58.286 0.0000000000
34269  11.416  -52.629  58.258 0.0000000000
35585  9.968  -51.968  57.334 0.0000000000
32974  7.956  -53.823  56.790 0.0000000000
32949  8.359  -53.788  58.903 0.0000000000
32950  7.955  -53.794  58.768 0.0000000000
31683  6.386  -54.719  58.128 0.0000000000
32952  6.279  -53.483  58.626 0.0000000000
48786  4.608  -44.550  57.688 0.0000000000
49959  4.524  -43.852  56.786 0.0000000000
49973  4.704  -43.367  56.436 0.0000000000
51139  5.649  -42.482  55.152 0.0000000000
49996  4.275  -43.068  54.335 0.0000000000
51155  3.804  -43.209  54.021 0.0000000000
48821  1.980  -43.916  54.313 0.0000000000
51157  3.026  -43.446  53.942 0.0000000000
51174  3.262  -43.433  53.624 0.0000000000
51192  3.757  -43.399  53.015 0.0000000000
36842  20.164  -51.074  55.084 0.0000000000
35561  17.417  -50.770  57.881 0.0000000000
35532  17.488  -51.152  59.149 0.0000000000
35484  15.348  -52.045  60.929 0.0000000000
34328  1.075  -54.218  50.507 0.0000000000
34317  1.305  -53.997  51.251 0.0000000000
35569  3.440  -53.007  56.424 0.0000000000
36815  3.313  -52.616  55.662 0.0000000000
40839  3.367  -49.598  58.979 0.0000000000
36785  4.536  -52.186  60.979 0.0000000000
36793  3.734  -52.308  60.503 0.0000000000
38076  3.976  -51.175  61.204 0.0000000000
39451  3.853  -50.213  60.767 0.0000000000
44923  5.487  -47.359  60.337 0.0000000000
43574  3.958  -48.170  60.001 0.0000000000
44933  4.502  -47.673  59.893 0.0000000000
46300  4.606  -47.361  59.593 0.0000000000
47554  5.524  -45.849  59.616 0.0000000000
49925  6.215  -45.128  59.758 0.0000000000
39494  12.238  -49.167  54.785 0.0000000000
32998  6.516  -54.192  53.730 0.0000000000
31748  6.198  -54.687  53.166 0.0000000000
31749  5.486  -54.953  52.560 0.0000000000
30465  2.230  -55.177  51.591 0.0000000000
29077  1.791  -55.593  50.392 0.0000000000
30466  1.910  -55.205  50.782 0.0000000000
38176  1.286  -52.286  51.057 0.0000000000
38190  1.484  -52.309  50.572 0.0000000000
39551  1.538  -51.921  51.289 0.0000000000
39550  1.962  -51.743  51.400 0.0000000000
40920  3.521  -51.090  52.711 0.0000000000
40961  4.096  -51.387  50.635 0.0000000000
40939  5.236  -50.609  51.467 0.0000000000
44958  4.436  -46.992  57.068 0.0000000000
43593  4.349  -47.313  57.123 0.0000000000
43604  5.030  -47.492  56.552 0.0000000000
43603  5.479  -47.484  56.286 0.0000000000
43631  6.896  -46.964  53.718 0.0000000000
43621  6.847  -47.434  54.417 0.0000000000
43630  7.183  -47.546  53.623 0.0000000000
42309  7.329  -48.147  53.280 0.0000000000
42338  7.145  -48.541  52.233 0.0000000000
42365  8.066  -48.086  49.818 0.0000000000
43685  8.245  -47.628  49.947 0.0000000000
46410  6.644  -45.196  49.471 0.0000000000
46409  7.249  -45.240  49.307 0.0000000000
46429  7.357  -45.015  48.559 0.0000000000
46444  7.638  -44.699  47.797 0.0000000000
52301  5.058  -40.514  49.619 0.0000000000
51219  5.145  -41.477  50.118 0.0000000000
52302  4.472  -41.035  49.679 0.0000000000
51228  3.443  -41.139  49.518 0.0000000000
51229  3.163  -41.304  49.466 0.0000000000
52328  2.120  -40.468  47.550 0.0000000000
52329  2.093  -40.963  47.993 0.0000000000
51239  1.919  -41.600  48.364 0.0000000000
51247  1.614  -41.769  47.782 0.0000000000
48904  1.693  -43.150  47.171 0.0000000000
47696  1.683  -43.743  47.588 0.0000000000
43709  1.899  -45.141  47.845 0.0000000000
46461  1.965  -44.535  46.428 0.0000000000
45113  2.355  -45.137  46.639 0.0000000000
45149  2.965  -44.654  45.023 0.0000000000
38055  9.935  -50.540  60.417 0.0000000000
34251  14.261  -53.264  59.153 0.0000000000
34238  12.797  -53.889  60.124 0.0000000000
34264  10.123  -53.870  58.747 0.0000000000
34241  9.520  -54.056  59.996 0.0000000000
49984  7.435  -43.146  56.469 0.0000000000
51123  6.958  -42.705  55.861 0.0000000000
51137  7.657  -42.431  55.071 0.0000000000
51151  7.453  -42.352  54.203 0.0000000000
32999  2.171  -54.291  53.319 0.0000000000
32982  2.499  -54.376  54.343 0.0000000000
34283  2.748  -54.161  54.596 0.0000000000
40816  6.698  -48.980  60.697 0.0000000000
40829  5.909  -49.109  60.613 0.0000000000
42217  6.492  -48.250  61.167 0.0000000000
43547  6.219  -47.785  61.342 0.0000000000
44914  6.374  -47.121  61.029 0.0000000000
46284  7.219  -46.303  60.877 0.0000000000
46285  6.937  -46.366  60.933 0.0000000000
46286  6.362  -46.574  60.615 0.0000000000
46292  6.547  -46.157  60.544 0.0000000000
47544  6.589  -45.796  60.495 0.0000000000
48757  6.635  -45.276  60.600 0.0000000000
48756  6.953  -44.743  61.088 0.0000000000
30364  5.214  -55.963  56.145 0.0000000000
30401  5.150  -55.691  55.200 0.0000000000
30380  5.180  -56.145  55.566 0.0000000000
30402  4.719  -55.780  54.843 0.0000000000
30425  4.039  -55.773  53.038 0.0000000000
29039  3.615  -55.839  52.429 0.0000000000
29058  3.241  -55.888  51.748 0.0000000000
29059  3.008  -55.784  51.949 0.0000000000
29060  2.633  -55.436  52.228 0.0000000000
29042  2.942  -55.600  52.758 0.0000000000
30447  2.296  -55.255  52.164 0.0000000000
31735  2.288  -54.767  52.863 0.0000000000
40898  4.518  -50.532  53.883 0.0000000000
44992  5.445  -46.512  54.364 0.0000000000
44999  6.402  -46.605  53.152 0.0000000000
45054  4.903  -46.401  50.660 0.0000000000
45067  5.941  -45.350  49.649 0.0000000000
45083  5.263  -44.989  48.557 0.0000000000
45096  4.746  -44.926  47.717 0.0000000000
50128  2.882  -42.358  45.087 0.0000000000
50147  2.233  -42.898  44.510 0.0000000000
48953  2.038  -43.570  44.374 0.0000000000
48988  2.785  -42.817  43.267 0.0000000000
50209  3.081  -41.655  41.339 0.0000000000
41018  6.168  -50.808  47.307 0.0000000000
32967  3.680  -55.173  58.346 0.0000000000
32963  3.432  -54.425  58.757 0.0000000000
32955  4.430  -54.153  59.472 0.0000000000
35522  4.566  -53.161  60.674 0.0000000000
34233  5.259  -53.283  60.117 0.0000000000
35511  5.087  -52.957  60.728 0.0000000000
36775  5.024  -51.583  60.978 0.0000000000
38070  5.380  -51.070  61.107 0.0000000000
39445  5.807  -50.162  61.093 0.0000000000
36758  8.040  -51.078  61.077 0.0000000000
38067  7.676  -50.935  61.142 0.0000000000
38068  7.038  -50.880  61.125 0.0000000000
39443  7.131  -50.303  61.285 0.0000000000
39444  6.672  -50.003  61.266 0.0000000000
44911  8.286  -46.937  60.936 0.0000000000
44910  9.098  -47.037  60.744 0.0000000000
36846  16.137  -50.448  56.079 0.0000000000
38120  16.068  -50.108  55.445 0.0000000000
38103  15.710  -50.415  56.026 0.0000000000
38104  15.144  -50.407  56.138 0.0000000000
38105  14.169  -50.313  56.334 0.0000000000
38106  13.070  -50.262  56.348 0.0000000000
38108  10.800  -50.544  55.666 0.0000000000
34268  12.113  -52.451  58.217 0.0000000000
35583  12.296  -51.598  57.680 0.0000000000
36813  11.864  -51.119  57.353 0.0000000000
36829  11.156  -50.910  56.734 0.0000000000
32989  6.890  -53.770  54.227 0.0000000000
32990  6.548  -54.403  54.699 0.0000000000
31707  6.095  -54.922  55.971 0.0000000000
32970  7.515  -54.364  57.486 0.0000000000
32965  7.722  -54.188  58.216 0.0000000000
31699  7.043  -54.518  57.082 0.0000000000
31700  6.418  -54.781  56.706 0.0000000000
31701  5.831  -55.509  56.385 0.0000000000
30356  5.978  -56.224  57.190 0.0000000000
30357  5.517  -56.209  57.573 0.0000000000
31684  5.964  -55.145  58.376 0.0000000000
31689  5.559  -55.841  58.214 0.0000000000
30358  5.113  -56.073  57.812 0.0000000000
31690  4.786  -55.841  58.118 0.0000000000
31691  4.026  -55.602  58.284 0.0000000000
44960  4.247  -46.290  57.058 0.0000000000
44969  4.287  -45.902  56.389 0.0000000000
46333  3.747  -45.452  55.789 0.0000000000
51110  5.683  -42.833  56.553 0.0000000000
51111  5.246  -42.777  56.390 0.0000000000
49974  4.211  -43.527  55.949 0.0000000000
51113  4.317  -43.020  55.428 0.0000000000
47595  3.104  -44.537  55.425 0.0000000000
46343  3.426  -45.037  55.214 0.0000000000
44982  3.714  -45.298  55.307 0.0000000000
44983  3.383  -45.025  54.860 0.0000000000
44995  2.894  -45.432  54.415 0.0000000000
46365  2.150  -44.815  53.604 0.0000000000
45004  2.299  -45.522  53.512 0.0000000000
45020  2.263  -45.766  52.686 0.0000000000
46381  2.084  -45.393  52.143 0.0000000000
39441  13.748  -50.287  60.341 0.0000000000
35595  21.826  -52.272  55.889 0.0000000000
36821  19.493  -50.810  55.638 0.0000000000
36822  18.737  -50.621  55.962 0.0000000000
36845  16.945  -50.320  55.840 0.0000000000
35562  16.331  -50.947  58.035 0.0000000000
35547  15.450  -51.552  58.722 0.0000000000
34250  15.059  -52.293  59.275 0.0000000000
35517  17.663  -51.678  59.824 0.0000000000
35520  14.407  -53.460  60.477 0.0000000000
35485  15.002  -52.366  61.179 0.0000000000
35647  0.970  -53.425  50.870 0.0000000000
36900  0.920  -52.721  51.372 0.0000000000
35618  1.591  -53.340  53.367 0.0000000000
36849  1.837  -52.765  53.487 0.0000000000
35536  3.816  -53.043  58.963 0.0000000000
36798  3.385  -52.210  58.785 0.0000000000
40830  4.978  -49.195  60.571 0.0000000000
39457  3.155  -50.360  59.726 0.0000000000
39462  2.938  -50.710  59.084 0.0000000000
47556  4.323  -45.941  59.039 0.0000000000
47566  4.320  -45.189  59.081 0.0000000000
48776  4.458  -44.904  58.551 0.0000000000
49944  5.268  -44.140  57.986 0.0000000000
49913  6.620  -45.229  59.999 0.0000000000
49924  6.816  -44.738  59.588 0.0000000000
49941  8.117  -44.026  58.962 0.0000000000
49942  7.103  -44.236  58.834 0.0000000000
38052  12.760  -51.228  60.872 0.0000000000
39491  15.462  -49.733  55.372 0.0000000000
40891  15.069  -48.588  54.301 0.0000000000
30478  4.872  -55.563  50.455 0.0000000000
36928  1.588  -52.635  49.515 0.0000000000
40963  2.601  -51.838  50.572 0.0000000000
41002  3.078  -51.842  48.618 0.0000000000
40980  4.711  -51.198  49.527 0.0000000000
42274  4.389  -49.212  57.149 0.0000000000
40857  4.417  -49.530  56.558 0.0000000000
42273  4.520  -48.702  56.924 0.0000000000
40856  4.662  -49.181  56.641 0.0000000000
40865  4.544  -49.544  56.164 0.0000000000
42284  4.516  -49.829  55.639 0.0000000000
40879  4.870  -50.230  54.706 0.0000000000
40897  5.227  -50.047  53.880 0.0000000000
43615  5.922  -47.448  55.743 0.0000000000
42295  6.091  -48.754  54.761 0.0000000000
40877  5.636  -49.149  54.577 0.0000000000
39531  5.620  -50.284  52.317 0.0000000000
41017  7.184  -49.968  47.288 0.0000000000
45032  8.088  -46.687  50.793 0.0000000000
45050  8.298  -46.463  50.131 0.0000000000
45064  8.616  -46.085  49.296 0.0000000000
45082  9.045  -46.611  48.681 0.0000000000
52268  9.305  -40.882  52.204 0.0000000000
52269  8.574  -41.294  52.034 0.0000000000
51187  7.832  -41.743  52.404 0.0000000000
52284  8.275  -40.626  50.947 0.0000000000
51188  6.978  -41.853  51.890 0.0000000000
51189  5.792  -42.444  52.116 0.0000000000
50037  4.125  -43.292  52.012 0.0000000000
50049  4.227  -43.154  50.996 0.0000000000
48849  3.359  -43.766  52.089 0.0000000000
47643  2.861  -43.944  51.257 0.0000000000
45040  2.209  -44.987  50.841 0.0000000000
52313  2.453  -40.379  49.319 0.0000000000
51230  2.797  -41.605  49.304 0.0000000000
50071  2.124  -42.392  48.952 0.0000000000
50062  2.531  -42.702  49.569 0.0000000000
48870  1.999  -43.587  49.475 0.0000000000
46394  1.918  -44.644  50.299 0.0000000000
45056  2.300  -45.191  50.596 0.0000000000
43670  2.581  -45.303  50.161 0.0000000000
43688  3.065  -45.427  49.312 0.0000000000
43706  3.374  -45.522  48.482 0.0000000000
43708  2.163  -45.263  48.066 0.0000000000
43723  3.984  -45.668  47.609 0.0000000000
45111  4.375  -45.311  47.261 0.0000000000
46459  4.896  -44.755  47.162 0.0000000000
46509  2.505  -44.131  43.886 0.0000000000
45168  3.014  -44.600  44.137 0.0000000000
45147  3.740  -44.816  45.079 0.0000000000
46474  4.480  -44.723  45.647 0.0000000000
47714  5.361  -44.600  46.657 0.0000000000
29074  3.223  -56.190  50.777 0.0000000000
29089  3.702  -56.640  49.800 0.0000000000
30379  5.116  -55.814  55.755 0.0000000000
30426  2.979  -55.637  53.163 0.0000000000
30428  2.133  -55.037  52.338 0.0000000000
31693  7.129  -54.484  57.329 0.0000000000
31703  2.918  -55.217  56.131 0.0000000000
32973  3.031  -54.490  56.602 0.0000000000
32977  3.031  -55.022  56.388 0.0000000000
33015  1.442  -54.632  51.178 0.0000000000
33029  1.463  -54.665  50.946 0.0000000000
34234  4.963  -53.441  60.618 0.0000000000
34257  3.627  -53.923  59.118 0.0000000000
34284  2.210  -54.066  54.125 0.0000000000
34327  1.334  -54.528  50.804 0.0000000000
36927  1.852  -52.624  49.233 0.0000000000
36938  1.947  -52.655  48.902 0.0000000000
38081  3.534  -51.538  60.943 0.0000000000
38189  1.497  -52.462  50.156 0.0000000000
38207  2.530  -52.308  49.060 0.0000000000
38209  1.865  -52.364  49.989 0.0000000000
38210  1.779  -52.205  50.388 0.0000000000
38227  3.137  -52.239  48.830 0.0000000000
38228  2.464  -52.444  48.836 0.0000000000
39431  7.030  -49.351  60.962 0.0000000000
39532  5.223  -50.502  52.551 0.0000000000
39576  4.723  -51.136  49.009 0.0000000000
39577  2.620  -52.194  48.888 0.0000000000
39578  2.401  -52.353  48.877 0.0000000000
39580  2.082  -52.129  50.292 0.0000000000
39597  2.546  -52.188  48.688 0.0000000000
40817  6.332  -48.639  60.792 0.0000000000
41003  2.714  -52.001  48.579 0.0000000000
42216  6.923  -48.263  61.176 0.0000000000
42229  4.604  -48.387  60.867 0.0000000000
42298  4.634  -50.159  55.295 0.0000000000
43543  8.366  -47.601  60.701 0.0000000000
43614  6.231  -47.477  54.994 0.0000000000
43620  7.172  -47.658  54.071 0.0000000000
43689  2.339  -45.366  48.925 0.0000000000
43726  2.392  -45.514  47.379 0.0000000000
43727  2.028  -45.237  47.366 0.0000000000
43745  3.482  -45.780  47.056 0.0000000000
43746  3.023  -45.924  47.072 0.0000000000
43747  2.484  -45.645  46.890 0.0000000000
43765  4.038  -45.244  46.430 0.0000000000
43766  3.603  -45.386  46.545 0.0000000000
45085  1.666  -44.922  48.086 0.0000000000
45098  1.930  -44.963  47.285 0.0000000000
45110  4.597  -45.027  47.243 0.0000000000
45112  2.502  -45.410  46.689 0.0000000000
45126  4.556  -45.034  46.903 0.0000000000
45130  2.761  -45.066  46.308 0.0000000000
45131  2.627  -44.609  45.658 0.0000000000
45150  2.608  -44.417  44.738 0.0000000000
45167  3.213  -44.703  44.019 0.0000000000
45169  2.615  -44.352  44.222 0.0000000000
45185  3.258  -44.608  43.255 0.0000000000
45186  3.070  -44.566  43.264 0.0000000000
45207  3.656  -44.568  42.401 0.0000000000
46302  4.994  -46.609  59.480 0.0000000000
46342  3.484  -45.285  55.506 0.0000000000
46411  1.682  -44.600  49.347 0.0000000000
46447  1.711  -43.954  47.056 0.0000000000
46448  1.750  -44.363  47.443 0.0000000000
46460  1.756  -44.055  46.455 0.0000000000
46475  4.136  -44.770  45.154 0.0000000000
46476  1.630  -44.152  45.231 0.0000000000
46491  4.075  -44.816  44.446 0.0000000000
46492  1.701  -44.173  44.994 0.0000000000
46493  1.963  -44.034  44.896 0.0000000000
46494  2.303  -44.161  44.407 0.0000000000
46508  2.782  -44.386  43.828 0.0000000000
46521  3.053  -44.425  42.945 0.0000000000
46522  2.854  -44.308  43.156 0.0000000000
46523  2.565  -44.058  43.389 0.0000000000
46538  3.531  -44.430  42.077 0.0000000000
46539  3.075  -44.334  42.372 0.0000000000
46540  2.826  -44.105  42.489 0.0000000000
47540  6.892  -46.045  60.822 0.0000000000
47608  1.437  -44.083  54.037 0.0000000000
47622  1.657  -44.303  53.818 0.0000000000
47623  1.630  -44.143  53.615 0.0000000000
47634  3.104  -44.089  52.024 0.0000000000
47635  2.730  -44.173  52.334 0.0000000000
47636  2.166  -44.223  52.999 0.0000000000
47642  3.161  -43.895  51.644 0.0000000000
47651  2.559  -43.595  50.464 0.0000000000
47675  1.705  -43.758  48.270 0.0000000000
47697  1.709  -44.084  48.121 0.0000000000
47731  1.801  -43.947  45.132 0.0000000000
47732  1.722  -43.709  45.720 0.0000000000
47749  1.749  -43.942  44.854 0.0000000000
47751  1.981  -43.860  44.126 0.0000000000
47766  2.097  -43.947  44.163 0.0000000000
47779  2.763  -44.119  42.888 0.0000000000
48751  6.764  -45.311  61.015 0.0000000000
48762  6.040  -45.667  59.735 0.0000000000
48796  4.298  -44.387  56.653 0.0000000000
48835  2.784  -43.697  52.890 0.0000000000
48837  1.815  -43.847  53.461 0.0000000000
48851  2.251  -44.019  52.900 0.0000000000
48860  3.222  -43.517  50.839 0.0000000000
48869  2.355  -43.220  49.744 0.0000000000
48878  1.787  -43.598  48.900 0.0000000000
48890  1.721  -43.666  48.546 0.0000000000
48937  1.749  -43.288  45.403 0.0000000000
48952  1.930  -43.286  44.703 0.0000000000
48970  2.704  -42.872  43.515 0.0000000000
48971  2.287  -42.968  44.170 0.0000000000
48972  2.269  -43.584  43.940 0.0000000000
48989  2.794  -43.125  43.257 0.0000000000
48990  2.455  -43.726  43.463 0.0000000000
49010  2.645  -43.602  43.043 0.0000000000
49971  6.054  -43.146  57.004 0.0000000000
49975  3.594  -43.686  55.478 0.0000000000
49986  5.996  -42.834  56.569 0.0000000000
49988  3.099  -43.644  55.020 0.0000000000
49995  4.473  -42.910  54.253 0.0000000000
49997  2.962  -43.743  54.594 0.0000000000
50005  4.194  -43.206  53.978 0.0000000000
50006  4.152  -42.933  53.979 0.0000000000
50007  2.896  -43.483  54.151 0.0000000000
50008  2.305  -43.491  54.051 0.0000000000
50009  1.882  -43.598  53.741 0.0000000000
50020  3.807  -43.099  53.816 0.0000000000
50021  3.822  -42.964  54.011 0.0000000000
50022  3.106  -43.568  52.996 0.0000000000
50023  2.494  -43.567  53.554 0.0000000000
50024  1.988  -43.661  53.517 0.0000000000
50036  4.261  -43.190  51.813 0.0000000000
50038  3.663  -43.541  52.238 0.0000000000
50050  3.962  -43.305  50.938 0.0000000000
50061  3.025  -42.724  49.935 0.0000000000
50070  2.564  -42.185  49.253 0.0000000000
50087  1.579  -42.517  47.550 0.0000000000
50112  2.557  -42.367  45.406 0.0000000000
50113  2.139  -42.579  45.595 0.0000000000
50114  1.790  -42.831  45.881 0.0000000000
50129  2.514  -42.601  44.775 0.0000000000
50146  2.671  -42.658  43.900 0.0000000000
50166  2.998  -42.950  42.983 0.0000000000
50187  2.926  -42.787  42.351 0.0000000000
50210  3.059  -42.155  41.221 0.0000000000
51098  5.289  -43.240  56.798 0.0000000000
51126  4.546  -42.841  55.280 0.0000000000
51127  4.182  -43.086  55.020 0.0000000000
51141  4.239  -43.064  54.591 0.0000000000
51156  3.523  -43.349  54.045 0.0000000000
51173  3.919  -43.307  53.818 0.0000000000
51175  2.809  -43.448  53.887 0.0000000000
51191  4.262  -43.280  52.671 0.0000000000
51193  3.386  -43.507  53.056 0.0000000000
51270  3.059  -41.901  45.478 0.0000000000
51318  3.128  -41.361  42.339 0.0000000000
52286  6.659  -40.962  50.539 0.0000000000
52300  5.942  -40.406  50.106 0.0000000000
52311  3.674  -40.681  49.512 0.0000000000
52342  2.012  -41.299  47.342 0.0000000000
53427  1.792  -39.412  49.185 0.0000000000
