#!ascii label  , from subject  vox2ras=TkReg coords=orig
339
98140  17.437  -1.241  -14.646 0.8750000000
97066  17.478  -2.101  -14.979 0.8750000000
102297  15.713  2.516  -13.508 0.8750000000
100176  16.019  0.406  -14.972 1.0000000000
100160  15.287  1.045  -14.120 1.0000000000
101171  15.309  2.095  -13.460 0.8750000000
98141  17.074  -0.857  -15.160 1.0000000000
100136  15.590  0.745  -13.828 0.8750000000
97090  17.594  -2.101  -15.910 1.0000000000
102296  16.352  2.489  -14.220 0.8750000000
100175  16.314  0.282  -15.578 1.0000000000
101220  16.200  0.828  -15.030 1.0000000000
101195  16.443  1.952  -14.673 1.0000000000
99202  16.956  -0.842  -16.500 1.0000000000
99167  16.128  -0.325  -15.577 1.0000000000
98178  17.126  -1.304  -16.212 1.0000000000
98161  16.211  -0.564  -15.532 1.0000000000
103402  18.081  3.143  -15.403 1.0000000000
102322  16.931  2.491  -14.882 1.0000000000
99184  17.485  -0.157  -16.579 1.0000000000
101241  17.186  0.712  -15.856 1.0000000000
101219  16.823  1.328  -15.351 1.0000000000
102321  17.584  2.441  -15.560 1.0000000000
99201  17.444  -0.694  -16.558 1.0000000000
99185  16.910  -0.288  -16.535 1.0000000000
97123  20.050  -2.541  -18.144 1.0000000000
97126  18.119  -1.582  -16.422 1.0000000000
104480  18.898  3.478  -15.813 1.0000000000
104463  18.460  3.498  -15.358 1.0000000000
102339  18.152  2.345  -16.209 1.0000000000
103420  18.504  3.109  -15.880 1.0000000000
100196  17.998  0.444  -16.475 1.0000000000
100212  18.635  0.465  -17.096 1.0000000000
98190  19.432  -1.493  -17.661 1.0000000000
99215  19.835  -0.509  -17.738 1.0000000000
98205  20.082  -1.416  -18.253 1.0000000000
103419  18.975  3.325  -16.251 1.0000000000
102356  18.897  2.298  -16.903 1.0000000000
101254  19.054  1.395  -17.410 1.0000000000
100225  20.142  0.422  -17.941 1.0000000000
100211  19.412  0.436  -17.547 1.0000000000
98204  20.671  -1.451  -18.684 0.8750000000
103436  20.281  3.271  -17.333 1.0000000000
102371  20.589  1.948  -18.180 1.0000000000
102355  19.836  2.252  -17.567 1.0000000000
103437  19.399  3.152  -16.837 1.0000000000
101268  21.007  1.340  -18.505 1.0000000000
101253  19.772  1.260  -17.826 1.0000000000
100223  21.213  0.714  -18.712 0.8750000000
100224  20.705  0.537  -18.420 1.0000000000
99229  21.435  -0.543  -19.267 0.8750000000
103451  21.528  4.030  -18.608 1.0000000000
103435  21.087  3.499  -17.716 1.0000000000
102370  21.615  2.343  -18.748 1.0000000000
102353  21.306  3.042  -18.151 1.0000000000
102369  22.178  2.803  -19.142 1.0000000000
100238  22.027  0.774  -19.729 1.0000000000
101267  21.530  1.267  -18.849 1.0000000000
101280  22.305  1.349  -19.957 1.0000000000
105602  22.379  4.886  -18.745 1.0000000000
104509  21.780  4.323  -18.575 1.0000000000
104520  23.586  4.428  -19.571 1.0000000000
104521  22.821  4.249  -19.399 1.0000000000
103461  24.139  3.475  -20.091 1.0000000000
103462  23.280  3.250  -19.905 1.0000000000
103463  22.414  3.402  -19.298 1.0000000000
102398  24.225  2.523  -20.748 1.0000000000
102399  23.474  2.123  -20.771 0.8750000000
107686  23.226  7.457  -18.221 0.8750000000
106697  23.126  6.028  -18.720 1.0000000000
105611  22.993  5.323  -19.210 1.0000000000
108631  23.189  8.121  -18.148 1.0000000000
108630  23.730  8.404  -18.519 1.0000000000
106696  23.542  6.501  -18.972 1.0000000000
105610  23.803  5.549  -19.318 1.0000000000
105609  24.377  5.689  -19.049 1.0000000000
104508  24.732  5.158  -18.978 1.0000000000
107684  24.072  7.414  -19.076 1.0000000000
106682  24.584  6.570  -18.825 1.0000000000
106695  24.013  6.495  -19.181 1.0000000000
108623  23.190  8.982  -18.020 1.0000000000
97108  18.828  -2.792  -16.727 1.0000000000
103464  21.826  3.775  -18.967 1.0000000000
97044  17.770  -2.104  -14.668 0.6250000000
95055  18.599  -3.995  -15.463 0.7500000000
95056  18.629  -3.673  -15.766 1.0000000000
96085  18.551  -2.821  -16.068 1.0000000000
96093  19.962  -3.524  -17.471 1.0000000000
97155  21.501  -2.018  -19.370 0.8750000000
99228  21.967  -0.137  -19.831 0.8750000000
98220  21.971  -1.361  -19.682 0.8750000000
100252  23.043  0.499  -20.492 0.8750000000
103476  23.748  2.885  -20.515 1.0000000000
101293  23.423  1.152  -20.696 0.8750000000
104519  24.435  4.592  -19.367 1.0000000000
104507  25.201  4.641  -18.842 1.0000000000
105600  24.974  5.689  -18.677 1.0000000000
109559  23.835  9.536  -18.086 1.0000000000
108622  24.715  8.958  -18.324 1.0000000000
107683  24.830  7.459  -18.584 1.0000000000
96034  17.885  -2.688  -14.801 0.7500000000
100158  16.039  0.263  -14.187 0.8750000000
96054  18.008  -2.897  -15.149 1.0000000000
97089  17.813  -2.474  -15.464 1.0000000000
101196  15.755  1.446  -14.257 1.0000000000
100159  15.748  0.582  -14.360 1.0000000000
97109  18.209  -2.080  -16.290 1.0000000000
99200  18.201  -0.439  -16.766 1.0000000000
101218  17.423  1.798  -15.766 1.0000000000
102340  17.628  2.032  -15.993 1.0000000000
98191  18.601  -1.382  -17.183 1.0000000000
97124  19.183  -2.584  -17.235 1.0000000000
103438  18.730  2.931  -16.475 1.0000000000
99199  18.992  -0.489  -17.360 1.0000000000
101240  17.606  1.303  -16.092 1.0000000000
101239  18.443  1.375  -16.633 1.0000000000
99214  20.528  -0.468  -18.328 1.0000000000
99213  21.069  -0.014  -18.794 0.8750000000
98221  21.246  -1.456  -19.111 0.8750000000
102386  21.994  2.063  -19.368 1.0000000000
102372  20.118  1.687  -17.953 1.0000000000
102354  20.797  2.731  -17.917 1.0000000000
100253  22.428  0.623  -20.147 0.8750000000
104510  21.613  4.159  -18.731 1.0000000000
103450  21.583  3.622  -18.442 1.0000000000
103449  21.981  3.195  -18.844 1.0000000000
102384  23.196  2.616  -20.271 1.0000000000
102385  22.519  2.293  -19.856 1.0000000000
105588  22.013  5.168  -18.198 1.0000000000
105601  22.738  5.639  -18.485 1.0000000000
105612  22.570  4.686  -19.138 1.0000000000
104518  24.913  4.151  -19.184 1.0000000000
104522  22.149  4.225  -19.085 1.0000000000
106683  23.428  6.842  -18.663 1.0000000000
107685  23.531  7.329  -18.663 1.0000000000
107697  23.837  6.917  -19.152 1.0000000000
107698  23.720  7.108  -19.043 1.0000000000
109566  24.079  8.869  -18.451 1.0000000000
108629  24.486  8.387  -18.531 1.0000000000
95057  18.652  -3.079  -15.767 1.0000000000
109558  24.808  9.619  -18.078 1.0000000000
108621  25.187  8.708  -18.058 1.0000000000
89546  19.709  -8.942  -16.909 0.7500000000
90647  21.588  -8.655  -17.942 0.7500000000
89533  19.871  -8.871  -16.303 0.7500000000
90621  19.596  -8.005  -16.007 0.7500000000
91759  21.023  -7.905  -17.725 0.7500000000
90635  19.555  -8.288  -17.057 0.7500000000
91777  19.284  -7.673  -16.925 0.7500000000
90636  19.527  -8.084  -16.298 0.7500000000
91760  20.275  -7.527  -17.373 0.7500000000
91761  19.621  -7.513  -17.025 0.7500000000
93982  18.745  -5.067  -15.773 0.7500000000
92891  19.418  -6.354  -16.772 0.7500000000
93996  19.008  -5.112  -16.338 0.8750000000
91774  21.548  -7.469  -18.279 0.7500000000
91775  20.811  -7.110  -17.766 0.7500000000
92890  19.664  -6.446  -17.195 0.7500000000
95067  18.726  -3.902  -16.143 0.8750000000
92903  20.929  -6.304  -17.980 0.7500000000
94006  19.750  -5.419  -17.272 0.7500000000
94020  20.872  -5.319  -18.246 0.7500000000
95075  19.826  -4.483  -17.350 0.8750000000
96083  19.093  -3.593  -16.783 0.8750000000
95089  20.874  -4.387  -18.384 0.8750000000
96092  20.461  -3.587  -18.120 0.8750000000
97122  20.579  -3.070  -18.444 0.8750000000
96125  22.489  -3.737  -19.855 0.6250000000
97135  21.560  -3.157  -19.251 0.7500000000
97154  22.019  -2.678  -19.637 0.7500000000
97175  23.742  -2.551  -20.922 0.6250000000
97176  22.947  -2.517  -20.339 0.6250000000
98238  22.258  -1.507  -20.009 0.6250000000
98256  24.131  -1.193  -21.442 0.6250000000
99253  24.487  -0.515  -21.422 0.6250000000
99242  23.177  -0.423  -20.731 0.7500000000
100262  24.831  -0.017  -21.356 0.5000000000
100263  24.320  0.456  -21.279 0.6250000000
100251  24.578  0.990  -21.078 0.7500000000
100237  25.368  0.864  -20.009 0.6250000000
101292  24.570  1.616  -20.921 0.7500000000
101278  26.091  1.411  -18.926 0.6250000000
102381  25.665  2.347  -19.158 0.6250000000
102383  24.614  2.862  -20.220 0.8750000000
103459  25.389  2.954  -19.405 0.7500000000
103460  24.917  3.482  -19.513 0.8750000000
106681  25.473  6.583  -18.476 0.8750000000
103447  25.674  3.499  -18.865 0.7500000000
105599  25.746  5.536  -18.425 0.8750000000
106680  26.239  6.210  -18.272 0.8750000000
106669  26.097  6.854  -17.976 0.8750000000
104506  25.975  4.534  -18.183 0.6250000000
110500  23.561  10.709  -17.438 0.7500000000
110499  24.429  10.601  -17.636 0.8750000000
108628  24.975  8.050  -18.302 0.8750000000
108620  26.209  8.619  -17.372 0.7500000000
107674  26.409  7.488  -17.489 0.8750000000
105598  26.472  5.468  -17.926 0.7500000000
106668  26.845  6.448  -17.654 0.7500000000
110498  25.368  10.600  -17.608 0.8750000000
108619  26.747  8.059  -17.194 0.7500000000
105586  27.212  5.391  -17.236 0.5000000000
111432  23.328  11.723  -17.142 0.5000000000
111431  24.065  11.700  -17.670 0.7500000000
111429  25.980  11.576  -17.505 0.7500000000
111430  24.986  11.621  -17.668 0.7500000000
110496  27.125  10.884  -17.188 0.7500000000
110497  26.366  10.590  -17.377 0.7500000000
112401  26.615  12.505  -17.280 0.7500000000
110488  26.953  10.260  -17.128 0.7500000000
109549  27.088  9.663  -16.881 0.7500000000
110487  27.674  10.550  -16.901 0.7500000000
112403  24.615  12.667  -17.851 0.6250000000
112402  25.615  12.577  -17.539 0.7500000000
113329  25.250  13.577  -17.583 0.6250000000
95066  19.075  -4.266  -16.598 0.8750000000
95088  21.324  -4.263  -18.741 0.6250000000
109556  26.487  9.648  -17.200 0.7500000000
108611  26.652  9.148  -16.927 0.7500000000
107673  27.187  7.414  -17.056 0.7500000000
98236  23.539  -1.505  -20.908 0.6250000000
98219  22.309  -0.749  -19.955 0.7500000000
89544  20.909  -9.826  -17.459 0.7500000000
88490  20.043  -9.544  -16.878 0.7500000000
89558  21.546  -9.648  -17.720 0.7500000000
89545  20.292  -9.483  -17.181 0.7500000000
91746  19.403  -6.836  -16.019 0.7500000000
91773  22.341  -7.824  -18.628 0.6250000000
91797  22.095  -7.117  -18.732 0.7500000000
92921  22.262  -6.607  -18.993 0.6250000000
94043  22.080  -5.746  -19.129 0.6250000000
95101  21.838  -4.630  -19.245 0.5000000000
97137  20.361  -1.996  -18.586 0.7500000000
102397  24.655  2.198  -20.438 0.7500000000
107675  25.521  7.646  -17.946 0.8750000000
96094  19.374  -3.645  -17.079 0.8750000000
93983  18.584  -4.325  -15.742 0.7500000000
93997  18.543  -4.492  -15.977 0.8750000000
96084  18.854  -3.226  -16.432 0.8750000000
97136  21.035  -2.555  -18.850 0.7500000000
109565  24.376  9.073  -18.348 0.8750000000
89560  19.614  -8.189  -16.845 0.7500000000
89532  19.956  -9.329  -16.725 0.7500000000
90633  20.754  -8.809  -17.514 0.7500000000
89557  22.206  -9.522  -18.210 0.7500000000
91776  19.526  -7.725  -17.280 0.7500000000
91762  19.538  -7.328  -16.746 0.7500000000
92863  19.450  -6.194  -15.879 0.7500000000
92879  19.404  -6.185  -16.343 0.7500000000
92889  20.271  -6.370  -17.525 0.7500000000
94007  19.403  -5.339  -16.825 0.8750000000
94005  20.321  -5.393  -17.686 0.7500000000
92902  21.586  -6.233  -18.604 0.7500000000
94019  21.411  -5.098  -18.737 0.7500000000
95074  20.372  -4.452  -17.853 0.8750000000
96107  21.447  -3.646  -18.980 0.7500000000
96126  21.952  -3.716  -19.411 0.6250000000
97153  22.628  -3.157  -20.008 0.7500000000
99241  25.687  -0.709  -21.018 0.5000000000
100250  25.172  0.417  -20.801 0.6250000000
101291  24.959  1.460  -20.223 0.6250000000
102382  25.070  2.393  -19.792 0.6250000000
103434  26.499  3.579  -18.056 0.6250000000
104494  26.753  4.504  -17.559 0.5000000000
109557  25.718  9.626  -17.596 0.7500000000
107665  27.437  8.022  -16.734 0.6250000000
108610  27.079  8.695  -16.783 0.7500000000
106654  28.136  5.667  -16.596 0.5000000000
111428  26.889  11.567  -17.279 0.7500000000
88488  20.814  -10.582  -17.232 0.7500000000
88501  21.376  -10.427  -17.633 0.7500000000
88476  20.093  -9.329  -16.344 0.7500000000
87375  21.599  -11.377  -17.690 0.6250000000
88500  22.036  -10.537  -18.193 0.6250000000
88519  22.479  -10.155  -18.717 0.6250000000
86189  22.139  -12.048  -17.869 0.6250000000
87374  22.458  -11.600  -18.398 0.6250000000
90646  22.251  -8.577  -18.411 0.5000000000
87361  20.728  -11.005  -16.906 0.6250000000
87394  22.721  -10.830  -18.700 0.5000000000
87360  21.066  -11.618  -16.902 0.6250000000
87344  20.982  -11.825  -16.537 0.5000000000
100132  15.453  1.281  -13.447 0.8750000000
101172  15.234  1.638  -13.318 0.8750000000
97067  17.225  -1.771  -15.475 1.0000000000
102275  14.956  2.605  -12.938 0.7500000000
99168  16.071  -0.112  -15.133 1.0000000000
100137  15.226  1.044  -13.851 0.8750000000
101197  15.222  1.295  -13.927 1.0000000000
98160  16.624  -1.052  -15.750 1.0000000000
98142  16.388  -0.535  -15.344 1.0000000000
99153  16.277  -0.162  -14.771 1.0000000000
96074  18.379  -2.750  -15.792 1.0000000000
104464  18.028  3.482  -15.188 0.8750000000
99186  16.437  -0.523  -16.210 1.0000000000
100198  16.729  0.267  -16.057 1.0000000000
98193  17.588  -1.242  -16.378 1.0000000000
102320  18.126  2.778  -15.728 1.0000000000
100197  17.274  0.331  -16.302 1.0000000000
98192  18.108  -1.186  -16.571 1.0000000000
97125  18.466  -1.952  -16.748 1.0000000000
101269  20.344  1.225  -18.198 1.0000000000
99230  20.992  -0.793  -18.818 1.0000000000
100239  21.585  0.508  -19.226 0.8750000000
103465  21.565  3.933  -18.825 1.0000000000
101281  21.933  1.516  -19.394 1.0000000000
101294  22.873  1.441  -20.356 1.0000000000
104523  21.702  4.107  -18.969 1.0000000000
103477  23.457  2.734  -20.404 1.0000000000
102410  24.127  1.981  -21.206 0.8750000000
102400  22.906  1.992  -20.428 0.8750000000
101306  23.826  1.245  -21.136 0.8750000000
102411  23.914  1.741  -21.242 0.7500000000
97107  19.143  -3.156  -16.910 0.8750000000
96072  18.540  -3.339  -15.362 0.7500000000
96073  18.461  -2.995  -15.527 1.0000000000
95068  18.620  -3.277  -15.911 1.0000000000
99243  22.522  -0.239  -20.312 0.8750000000
97177  22.253  -1.873  -20.091 0.8750000000
98237  22.608  -1.272  -20.255 0.7500000000
100264  23.613  0.416  -20.966 0.8750000000
103448  25.201  3.952  -19.130 0.8750000000
88489  20.306  -10.047  -16.938 0.7500000000
89547  19.693  -8.479  -16.699 0.7500000000
90634  19.949  -8.458  -17.117 0.7500000000
89559  19.635  -8.320  -16.990 0.7500000000
90648  19.240  -8.247  -17.032 0.7500000000
90649  19.360  -7.936  -16.935 0.7500000000
95076  19.389  -4.449  -16.967 0.8750000000
96108  20.929  -3.585  -18.589 0.7500000000
95100  22.350  -4.452  -19.699 0.5000000000
98255  24.766  -1.351  -21.442 0.6250000000
99254  23.798  -0.447  -21.327 0.6250000000
99252  25.118  -0.578  -21.336 0.5000000000
101305  24.216  1.385  -21.183 0.7500000000
101279  25.459  1.424  -19.550 0.6250000000
105570  28.386  5.435  -16.526 0.5000000000
107664  28.322  8.076  -17.009 0.6250000000
88474  20.570  -10.720  -16.674 0.6250000000
