#!ascii label  , from subject S5_07 vox2ras=TkReg
1731
25918  50.993  -61.748  -22.888 0.2000000030
25917  51.374  -61.520  -22.230 0.2000000030
25935  51.238  -61.158  -22.888 0.2000000030
24535  50.556  -62.271  -23.198 0.2000000030
27356  50.346  -60.428  -24.246 0.1000000015
25898  51.483  -61.601  -21.267 0.3000000119
27303  51.352  -60.685  -21.474 0.2000000030
25936  50.841  -61.255  -23.578 0.1000000015
24543  50.280  -62.049  -23.782 0.2000000030
27312  51.275  -60.557  -22.377 0.1000000015
27313  50.928  -60.163  -22.756 0.1000000015
28732  50.926  -59.878  -22.245 0.1000000015
28725  50.576  -59.309  -21.733 0.1000000015
28733  50.356  -59.487  -22.562 0.1000000015
31507  50.202  -57.519  -21.219 0.1000000015
28750  50.090  -59.564  -23.233 0.1000000015
30174  49.811  -58.801  -22.447 0.1000000015
32785  50.656  -56.625  -20.699 0.2000000030
30156  49.685  -58.295  -22.280 0.1000000015
31471  51.534  -58.046  -18.768 0.1000000015
31478  51.507  -57.891  -19.380 0.1000000015
30146  50.992  -58.616  -20.550 0.1000000015
28718  51.215  -59.713  -20.688 0.1000000015
28724  51.055  -59.921  -21.612 0.1000000015
31485  51.150  -57.766  -20.037 0.1000000015
32768  50.905  -56.589  -20.223 0.1000000015
35303  51.419  -54.219  -19.460 0.2000000030
34040  51.238  -55.329  -19.831 0.2000000030
32806  50.146  -56.419  -21.343 0.2000000030
36582  51.163  -53.455  -19.700 0.2000000030
36605  50.711  -53.754  -20.269 0.1000000015
36606  50.209  -53.627  -20.185 0.1000000015
31472  51.245  -56.970  -18.630 0.1000000015
32767  51.167  -56.713  -19.781 0.1000000015
36566  51.098  -52.932  -18.644 0.2000000030
37870  51.326  -52.328  -18.892 0.2000000030
39258  51.363  -52.023  -19.043 0.2000000030
37886  51.274  -52.531  -19.179 0.2000000030
37887  50.878  -52.558  -19.422 0.1000000015
35304  49.411  -53.913  -20.090 0.2000000030
32757  51.520  -56.547  -19.088 0.1000000015
32758  51.338  -56.069  -18.684 0.1000000015
34015  51.520  -55.084  -18.978 0.2000000030
35252  50.443  -54.152  -18.060 0.2000000030
35279  51.373  -54.150  -19.062 0.3000000119
39259  50.862  -51.696  -18.784 0.3000000119
37888  50.037  -52.489  -19.461 0.2000000030
35305  48.822  -54.160  -19.672 0.2000000030
31488  47.136  -56.921  -20.810 0.2000000030
36543  50.388  -53.098  -18.069 0.3000000119
39238  50.573  -51.405  -18.237 0.3000000119
40635  50.474  -51.235  -18.403 0.3000000119
40657  49.654  -50.967  -18.452 0.3000000119
39260  50.012  -51.553  -18.994 0.3000000119
36585  49.087  -53.269  -19.399 0.2000000030
34043  47.774  -55.552  -19.625 0.2000000030
40619  49.594  -50.408  -17.201 0.4000000060
37850  50.503  -51.912  -17.946 0.3000000119
39239  50.195  -51.198  -17.634 0.3000000119
37871  50.917  -52.136  -18.440 0.2000000030
39261  49.272  -51.400  -18.620 0.3000000119
35281  48.458  -54.049  -19.123 0.2000000030
36567  48.494  -53.573  -18.934 0.2000000030
32769  47.363  -55.931  -19.669 0.2000000030
40636  50.015  -50.676  -18.016 0.3000000119
37852  48.831  -51.733  -18.526 0.2000000030
34018  46.552  -55.494  -18.819 0.2000000030
37874  48.246  -53.017  -18.354 0.2000000030
32759  46.036  -56.102  -19.086 0.1000000015
35282  47.981  -54.311  -18.900 0.2000000030
31479  45.731  -56.976  -20.078 0.2000000030
32770  46.785  -56.183  -19.512 0.2000000030
31489  46.046  -57.154  -20.458 0.2000000030
42044  49.170  -49.674  -17.304 0.3000000119
40637  48.949  -50.332  -18.072 0.3000000119
39240  48.766  -51.205  -18.298 0.3000000119
39241  48.016  -51.166  -17.648 0.2000000030
40658  49.184  -50.889  -18.412 0.3000000119
37853  48.252  -52.131  -18.063 0.1000000015
36569  47.115  -53.763  -17.953 0.1000000015
34019  45.673  -55.661  -18.628 0.1000000015
35283  46.776  -54.427  -18.265 0.1000000015
31480  45.344  -57.085  -20.042 0.1000000015
43399  49.130  -49.093  -16.907 0.3000000119
42045  48.369  -49.379  -17.399 0.2000000030
42046  47.538  -49.359  -17.232 0.1000000015
40638  47.846  -50.151  -17.449 0.1000000015
36546  47.543  -53.163  -17.766 0.1000000015
35284  45.991  -55.061  -18.321 0.1000000015
34020  44.864  -55.741  -18.468 0.1000000015
39242  46.943  -51.004  -17.062 0.1000000015
37831  46.532  -51.713  -16.843 0.1000000015
37854  47.031  -52.290  -17.177 0.1000000015
35257  45.681  -54.486  -17.706 0.1000000015
33999  45.364  -55.233  -18.177 0.1000000015
36547  46.504  -53.663  -17.525 0.1000000015
39219  46.158  -51.334  -16.725 0.1000000015
34000  44.638  -55.143  -17.805 0.1000000015
40639  47.021  -49.970  -16.955 0.1000000015
31486  50.727  -57.656  -20.599 0.1000000015
35329  50.849  -54.431  -20.577 0.1000000015
32611  51.116  -56.258  -9.314 0.5000000000
33816  50.358  -56.102  -8.959 0.5000000000
33840  51.514  -55.705  -9.885 0.5000000000
33860  52.123  -55.569  -10.304 0.5000000000
32593  47.593  -56.429  -8.258 0.2000000030
33818  48.298  -55.575  -8.525 0.3000000119
33817  49.402  -55.612  -8.737 0.3000000119
33842  49.946  -55.504  -9.142 0.5000000000
33841  50.538  -55.559  -9.431 0.5000000000
35095  50.840  -55.042  -9.904 0.5000000000
32626  53.353  -56.277  -10.625 0.5000000000
33859  52.820  -55.489  -10.593 0.5000000000
32625  53.947  -56.843  -11.112 0.5000000000
31331  53.647  -57.578  -11.477 0.5000000000
33819  47.252  -55.425  -8.538 0.3000000119
35110  51.710  -54.804  -10.497 0.5000000000
32642  54.038  -56.234  -11.551 0.5000000000
32641  54.176  -56.505  -11.724 0.5000000000
28525  51.077  -59.885  -10.536 0.4000000060
29976  51.997  -59.162  -10.779 0.5000000000
29992  52.960  -58.592  -11.229 0.5000000000
31330  54.091  -57.043  -11.523 0.5000000000
35075  47.860  -54.606  -8.668 0.4000000060
35096  49.619  -54.689  -9.431 0.5000000000
35112  49.753  -54.048  -10.089 0.5000000000
35111  50.434  -54.272  -10.254 0.5000000000
33858  53.676  -55.624  -11.286 0.5000000000
31358  54.141  -56.852  -11.920 0.6000000238
31359  53.494  -57.108  -12.056 0.5000000000
25715  49.968  -61.691  -11.429 0.4000000060
27110  50.320  -60.754  -10.721 0.4000000060
29977  50.958  -59.014  -10.769 0.5000000000
33773  42.867  -56.192  -6.229 0.1000000015
35058  43.158  -54.922  -7.540 0.1000000015
33823  43.866  -55.386  -7.728 0.1000000015
35079  43.660  -54.545  -8.029 0.1000000015
33822  44.489  -55.294  -8.062 0.1000000015
35078  44.958  -54.341  -8.238 0.1000000015
36388  44.553  -53.375  -8.259 0.1000000015
33820  46.297  -55.275  -8.436 0.2000000030
33821  45.397  -55.222  -8.296 0.1000000015
35097  48.870  -54.302  -9.203 0.5000000000
35076  46.907  -54.423  -8.513 0.4000000060
36401  48.822  -53.636  -9.505 0.4000000060
36400  49.395  -53.730  -9.894 0.5000000000
36417  51.102  -53.446  -10.707 0.5000000000
33882  54.294  -55.762  -12.117 0.5000000000
31332  52.806  -57.621  -11.819 0.5000000000
29993  51.915  -58.406  -11.275 0.5000000000
27118  49.448  -60.739  -11.224 0.4000000060
25729  49.426  -61.833  -12.425 0.5000000000
32510  40.099  -56.292  -4.434 0.1000000015
32509  40.865  -56.325  -4.627 0.1000000015
33761  41.896  -56.163  -5.213 0.1000000015
33774  42.213  -55.741  -6.061 0.1000000015
33797  42.550  -55.274  -6.873 0.1000000015
35044  42.193  -55.088  -6.787 0.1000000015
35059  42.611  -54.562  -7.386 0.1000000015
33775  41.557  -55.286  -5.922 0.1000000015
35080  43.001  -53.775  -8.069 0.1000000015
39101  45.606  -51.802  -8.715 0.2000000030
39113  45.569  -51.284  -8.866 0.2000000030
36387  45.572  -53.407  -8.398 0.1000000015
37709  46.114  -52.503  -8.676 0.2000000030
35077  45.957  -54.339  -8.373 0.2000000030
36386  46.502  -53.495  -8.539 0.2000000030
37708  46.824  -52.864  -8.967 0.2000000030
37722  46.748  -52.125  -9.017 0.2000000030
39112  46.168  -51.455  -9.017 0.2000000030
36385  47.440  -53.576  -8.840 0.2000000030
36402  48.039  -53.280  -9.367 0.3000000119
37719  49.115  -52.958  -10.129 0.4000000060
32674  53.778  -56.302  -12.363 0.5000000000
36418  49.976  -53.281  -10.328 0.4000000060
32676  51.430  -56.191  -12.202 0.5000000000
32675  52.699  -56.668  -12.258 0.5000000000
32644  51.561  -56.942  -11.852 0.5000000000
35109  53.073  -54.679  -11.272 0.5000000000
29994  50.837  -58.265  -11.170 0.5000000000
31333  51.692  -57.686  -11.618 0.5000000000
32643  52.240  -57.241  -11.879 0.5000000000
33914  54.148  -55.507  -12.756 0.5000000000
28526  49.970  -59.815  -10.753 0.5000000000
31360  53.072  -57.172  -12.051 0.5000000000
32673  54.211  -56.035  -12.193 0.6000000238
25716  49.115  -61.335  -11.817 0.4000000060
33753  39.472  -55.508  -3.872 0.1000000015
33751  40.929  -55.853  -4.695 0.1000000015
33752  40.477  -55.558  -4.551 0.1000000015
33763  40.700  -55.118  -5.029 0.1000000015
35030  40.330  -54.223  -4.086 0.1000000015
33762  41.264  -55.635  -5.178 0.1000000015
35037  41.277  -55.020  -5.808 0.1000000015
35060  41.902  -53.776  -7.275 0.1000000015
36390  43.069  -53.251  -7.906 0.1000000015
37711  44.216  -52.334  -8.405 0.1000000015
37710  45.181  -52.458  -8.513 0.1000000015
37721  47.480  -52.451  -9.297 0.3000000119
39111  47.029  -51.407  -9.431 0.2000000030
37720  48.366  -52.505  -9.791 0.3000000119
39110  47.892  -51.377  -9.753 0.2000000030
37731  48.900  -52.145  -10.274 0.3000000119
37730  49.619  -52.218  -10.414 0.4000000060
35163  52.625  -54.752  -13.067 0.5000000000
33915  53.313  -55.505  -12.887 0.5000000000
36476  52.343  -53.535  -13.195 0.5000000000
36475  53.246  -53.496  -13.410 0.5000000000
35186  53.686  -54.209  -13.393 0.5000000000
33941  53.351  -54.732  -13.274 0.5000000000
36416  52.329  -53.641  -11.291 0.5000000000
35185  54.200  -54.293  -13.200 0.5000000000
33939  54.443  -54.954  -13.022 0.6000000238
35108  53.585  -54.984  -11.469 0.5000000000
33913  54.327  -55.325  -12.522 0.5000000000
33883  54.142  -55.677  -11.825 0.5000000000
24364  49.634  -62.456  -13.249 0.4000000060
37678  40.827  -52.530  -4.345 0.1000000015
36370  40.491  -53.588  -4.777 0.1000000015
37688  40.762  -52.574  -5.321 0.1000000015
35038  40.845  -54.490  -5.543 0.1000000015
36372  40.743  -53.363  -5.708 0.1000000015
37699  40.807  -52.709  -5.964 0.1000000015
35046  41.038  -53.781  -6.221 0.1000000015
36374  41.306  -53.329  -6.872 0.1000000015
37698  41.151  -52.402  -6.473 0.1000000015
36379  42.547  -53.254  -7.688 0.1000000015
37703  42.147  -52.221  -7.622 0.1000000015
37712  43.246  -52.245  -8.220 0.1000000015
39103  43.823  -51.332  -8.362 0.2000000030
40499  44.223  -50.379  -8.496 0.2000000030
40507  45.586  -50.548  -9.027 0.2000000030
40506  46.472  -50.470  -9.448 0.2000000030
40562  54.991  -50.496  -13.897 0.2000000030
39152  54.472  -51.455  -13.273 0.2000000030
40546  53.750  -50.712  -12.412 0.2000000030
39135  53.427  -51.426  -12.064 0.2000000030
39123  48.513  -51.585  -10.093 0.2000000030
39169  54.512  -51.298  -13.833 0.2000000030
37759  54.340  -52.185  -12.743 0.2000000030
37743  53.880  -52.433  -12.196 0.2000000030
37744  53.150  -52.179  -11.616 0.2000000030
37745  52.450  -51.938  -11.396 0.4000000060
39170  53.865  -51.585  -13.911 0.2000000030
37758  54.411  -52.508  -13.120 0.3000000119
37742  54.311  -52.883  -12.552 0.4000000060
36437  52.640  -52.681  -11.420 0.5000000000
37729  50.542  -52.291  -10.725 0.4000000060
37780  52.789  -52.789  -13.368 0.5000000000
37779  53.539  -52.627  -13.510 0.4000000060
37778  54.150  -52.506  -13.457 0.4000000060
36455  54.318  -53.455  -12.670 0.4000000060
36435  54.061  -53.435  -12.225 0.5000000000
36474  53.967  -53.478  -13.442 0.5000000000
35161  54.347  -54.470  -12.731 0.5000000000
35131  54.312  -55.103  -12.221 0.5000000000
35132  53.829  -54.602  -11.842 0.5000000000
35133  53.330  -54.197  -11.716 0.5000000000
37666  41.059  -52.811  -3.410 0.1000000015
39057  41.527  -51.558  -4.508 0.1000000015
39072  41.035  -51.908  -5.533 0.1000000015
39071  41.284  -51.360  -5.323 0.1000000015
39085  41.143  -51.462  -6.084 0.1000000015
40462  41.509  -50.528  -5.737 0.1000000015
39097  41.570  -51.558  -6.978 0.1000000015
40490  41.881  -50.629  -7.116 0.1000000015
39105  42.486  -51.679  -7.808 0.1000000015
40500  43.416  -50.441  -8.181 0.2000000030
41898  43.068  -49.794  -7.898 0.2000000030
40505  47.473  -50.443  -9.811 0.2000000030
41955  54.345  -49.480  -12.932 0.1000000015
40545  54.430  -50.487  -13.042 0.2000000030
40528  53.055  -50.355  -11.832 0.2000000030
40504  47.921  -50.777  -9.885 0.2000000030
43302  53.872  -48.665  -12.498 0.1000000015
41956  53.686  -49.724  -12.390 0.1000000015
41939  53.017  -49.403  -11.908 0.1000000015
39136  52.716  -51.268  -11.561 0.1000000015
39122  49.167  -51.359  -10.299 0.2000000030
40530  51.503  -50.459  -10.971 0.1000000015
39137  51.914  -51.262  -11.237 0.1000000015
36436  53.364  -53.373  -11.666 0.5000000000
36456  54.113  -54.138  -12.376 0.5000000000
36415  52.988  -54.001  -11.639 0.5000000000
35162  54.211  -54.607  -12.288 0.5000000000
37654  41.502  -52.862  -2.857 0.1000000015
39022  42.307  -51.870  -3.273 0.1000000015
39056  42.126  -51.226  -4.053 0.1000000015
39042  41.963  -51.740  -3.787 0.1000000015
40444  42.136  -50.691  -4.517 0.1000000015
40445  41.690  -50.880  -5.064 0.1000000015
41868  41.688  -50.095  -6.235 0.1000000015
40461  42.001  -50.277  -5.185 0.1000000015
41900  42.085  -50.140  -7.229 0.1000000015
41899  42.518  -49.701  -7.316 0.2000000030
41911  43.691  -49.472  -8.283 0.2000000030
41910  44.555  -49.491  -8.666 0.2000000030
41909  45.200  -49.659  -8.995 0.2000000030
41920  45.901  -49.413  -9.312 0.2000000030
43303  53.290  -48.302  -12.082 0.1000000015
43286  53.310  -48.918  -12.105 0.1000000015
41940  52.385  -49.530  -11.537 0.1000000015
41941  51.683  -49.719  -11.127 0.1000000015
40529  52.203  -50.437  -11.380 0.1000000015
40516  49.494  -50.417  -10.396 0.1000000015
40517  48.351  -50.518  -10.167 0.2000000030
41927  51.234  -49.868  -10.803 0.1000000015
39120  51.030  -51.178  -10.763 0.1000000015
39121  50.061  -51.300  -10.484 0.2000000030
39021  42.977  -51.886  -3.145 0.1000000015
39041  42.640  -51.364  -3.629 0.1000000015
39039  44.046  -51.188  -3.025 0.1000000015
40427  42.473  -50.815  -3.945 0.1000000015
40425  43.801  -50.452  -3.236 0.1000000015
41822  43.292  -49.439  -3.839 0.1000000015
41845  42.408  -49.770  -4.687 0.1000000015
41867  42.230  -49.525  -5.898 0.1000000015
43218  43.372  -48.570  -6.745 0.1000000015
43254  43.658  -48.796  -8.059 0.1000000015
43239  43.967  -48.342  -7.549 0.1000000015
43253  44.241  -48.716  -8.337 0.1000000015
41919  46.836  -49.491  -9.639 0.2000000030
41918  47.491  -49.533  -9.901 0.2000000030
41931  48.023  -49.269  -10.215 0.1000000015
40518  47.831  -49.937  -10.042 0.2000000030
46025  53.672  -46.399  -12.055 0.1000000015
44642  52.849  -47.429  -11.714 0.1000000015
44643  51.770  -47.457  -11.248 0.1000000015
43288  51.709  -48.761  -11.214 0.1000000015
44644  51.184  -48.182  -11.047 0.1000000015
41928  50.749  -49.639  -10.612 0.1000000015
40515  50.403  -50.386  -10.530 0.1000000015
40404  44.583  -50.684  -2.810 0.1000000015
41821  44.699  -49.662  -3.138 0.1000000015
43198  43.505  -48.509  -5.753 0.1000000015
44600  44.755  -48.016  -8.054 0.1000000015
43252  45.212  -48.640  -8.833 0.2000000030
43251  46.009  -48.055  -9.059 0.1000000015
43267  45.849  -48.627  -9.216 0.2000000030
44618  46.696  -47.921  -9.313 0.1000000015
43266  46.419  -48.623  -9.401 0.2000000030
46000  50.427  -46.410  -10.271 0.1000000015
46001  49.333  -46.824  -10.133 0.1000000015
44633  48.889  -47.440  -10.033 0.1000000015
43264  48.100  -47.950  -9.672 0.1000000015
43278  48.004  -48.554  -9.929 0.1000000015
43265  47.359  -48.570  -9.681 0.1000000015
46009  53.163  -46.805  -11.776 0.1000000015
46011  51.799  -46.404  -11.023 0.1000000015
44631  50.883  -47.407  -10.828 0.1000000015
44632  49.870  -47.458  -10.467 0.1000000015
43276  49.446  -48.468  -10.379 0.1000000015
41930  48.968  -49.443  -10.345 0.1000000015
43275  50.560  -48.565  -10.678 0.1000000015
41929  49.957  -49.487  -10.434 0.1000000015
43153  44.352  -48.727  -3.817 0.1000000015
43175  44.935  -48.235  -4.509 0.1000000015
43197  44.545  -48.111  -5.492 0.1000000015
44556  44.602  -47.742  -6.898 0.1000000015
44599  45.636  -47.784  -8.343 0.1000000015
44595  49.223  -46.812  -8.309 0.1000000015
44596  48.750  -46.916  -8.463 0.1000000015
44597  47.714  -47.225  -8.511 0.1000000015
44598  46.627  -47.514  -8.622 0.1000000015
45962  50.623  -46.106  -8.751 0.1000000015
45963  49.566  -46.506  -8.699 0.1000000015
45964  48.961  -46.684  -9.209 0.1000000015
44617  47.405  -47.552  -9.278 0.1000000015
45983  50.221  -46.044  -9.463 0.1000000015
45984  49.505  -46.465  -9.653 0.1000000015
44616  48.358  -47.164  -9.303 0.1000000015
43216  45.210  -47.847  -6.189 0.1000000015
43215  46.193  -47.922  -6.095 0.1000000015
44554  45.741  -47.509  -6.822 0.1000000015
44553  46.709  -47.488  -6.804 0.1000000015
44578  46.175  -47.501  -7.652 0.1000000015
44575  49.421  -47.167  -7.808 0.1000000015
44576  48.310  -47.521  -7.484 0.1000000015
45949  50.224  -46.718  -8.139 0.1000000015
35074  48.824  -54.796  -8.848 0.4000000060
36384  48.288  -54.053  -9.099 0.4000000060
33796  43.220  -55.610  -7.055 0.1000000015
35045  41.556  -54.619  -6.541 0.1000000015
39102  44.897  -51.307  -8.667 0.2000000030
35035  40.089  -54.865  -4.109 0.1000000015
35034  40.450  -54.642  -4.696 0.1000000015
36378  43.068  -52.899  -7.878 0.1000000015
36389  43.583  -53.197  -8.036 0.1000000015
35188  52.377  -54.207  -13.145 0.5000000000
35187  52.929  -54.186  -13.374 0.5000000000
36457  51.536  -53.208  -12.830 0.5000000000
39086  40.935  -52.195  -5.884 0.1000000015
36380  41.811  -53.026  -7.416 0.1000000015
39104  42.900  -51.273  -8.010 0.1000000015
40498  44.903  -50.271  -8.765 0.2000000030
39153  54.152  -51.484  -12.603 0.2000000030
37728  51.682  -52.346  -11.166 0.4000000060
36434  54.262  -53.223  -12.476 0.5000000000
39171  52.809  -51.820  -13.530 0.5000000000
36473  54.312  -53.493  -13.154 0.5000000000
37665  41.691  -52.214  -3.251 0.1000000015
37677  41.447  -52.212  -3.903 0.1000000015
39058  41.044  -51.962  -5.009 0.1000000015
40475  41.546  -50.658  -6.495 0.1000000015
39095  42.600  -50.856  -7.703 0.1000000015
40488  42.804  -50.421  -7.795 0.2000000030
41823  42.610  -50.234  -4.071 0.1000000015
41883  42.261  -49.490  -6.723 0.1000000015
43240  43.135  -49.050  -7.555 0.2000000030
44658  53.531  -47.512  -12.115 0.1000000015
44659  53.063  -47.928  -11.947 0.1000000015
43287  52.672  -48.472  -11.724 0.1000000015
39040  43.413  -51.253  -3.343 0.1000000015
37652  43.311  -52.483  -2.703 0.1000000015
39020  43.769  -51.836  -2.931 0.1000000015
40426  43.030  -50.598  -3.666 0.1000000015
41866  42.847  -48.919  -5.698 0.1000000015
41844  42.836  -48.892  -4.993 0.1000000015
43199  42.898  -48.886  -6.178 0.1000000015
44580  44.603  -47.787  -7.255 0.1000000015
44641  53.187  -47.249  -11.857 0.1000000015
43274  51.219  -49.205  -10.794 0.1000000015
43176  43.800  -48.414  -4.625 0.1000000015
43217  44.319  -48.000  -6.587 0.1000000015
47253  50.886  -45.936  -10.280 0.1000000015
47262  51.791  -46.027  -10.900 0.1000000015
45999  51.267  -46.775  -10.809 0.1000000015
46002  48.948  -46.923  -10.106 0.1000000015
45985  48.919  -46.816  -9.823 0.1000000015
43277  48.570  -48.513  -10.086 0.1000000015
43152  45.379  -48.739  -3.717 0.1000000015
44579  45.285  -47.620  -7.517 0.1000000015
44577  47.165  -47.455  -7.676 0.1000000015
43196  45.597  -48.153  -5.358 0.1000000015
44552  47.606  -47.649  -6.851 0.1000000015
43214  47.243  -48.166  -6.159 0.1000000015
43237  49.042  -48.092  -7.186 0.1000000015
31260  48.358  -58.041  -7.776 0.1000000015
31259  48.908  -58.404  -7.854 0.1000000015
31285  49.358  -57.943  -8.144 0.1000000015
31286  48.704  -57.539  -8.061 0.1000000015
32592  48.701  -56.817  -8.297 0.1000000015
32565  47.887  -57.291  -7.842 0.1000000015
29920  48.592  -58.885  -7.688 0.2000000030
29918  49.661  -58.789  -7.996 0.2000000030
29943  49.597  -58.563  -8.051 0.1000000015
28482  50.317  -59.576  -8.250 0.2000000030
29942  50.075  -58.662  -8.152 0.2000000030
32591  49.953  -56.850  -8.552 0.2000000030
31284  50.633  -57.849  -8.467 0.2000000030
29941  51.207  -58.792  -8.369 0.2000000030
31283  51.934  -57.949  -8.724 0.2000000030
28481  51.571  -59.863  -8.426 0.2000000030
32590  51.160  -57.004  -8.887 0.2000000030
29940  52.444  -58.981  -8.698 0.2000000030
23053  50.951  -63.197  -9.828 0.1000000015
25659  52.162  -61.789  -8.542 0.1000000015
27061  51.869  -60.940  -8.534 0.1000000015
31299  52.228  -57.561  -9.077 0.2000000030
24302  51.425  -62.557  -9.087 0.1000000015
32610  52.099  -56.908  -9.440 0.4000000060
28480  52.566  -60.246  -8.601 0.2000000030
24278  53.095  -62.291  -8.979 0.1000000015
24321  52.619  -62.310  -9.492 0.2000000030
24280  52.275  -62.301  -8.753 0.1000000015
25686  53.113  -62.080  -9.062 0.1000000015
29939  53.148  -59.714  -8.896 0.2000000030
31282  52.473  -58.330  -8.847 0.2000000030
31298  52.827  -58.107  -9.248 0.2000000030
27060  52.637  -61.249  -8.719 0.1000000015
31297  53.552  -58.043  -10.156 0.4000000060
32609  53.260  -57.156  -10.180 0.4000000060
28479  53.010  -60.741  -8.924 0.2000000030
28503  53.230  -60.280  -9.288 0.4000000060
29955  53.068  -58.981  -9.049 0.3000000119
28522  53.322  -59.842  -9.938 0.4000000060
41974  55.247  -49.533  -14.314 0.1000000015
41975  54.859  -49.659  -13.584 0.1000000015
32608  53.656  -57.454  -10.656 0.5000000000
28536  53.435  -59.152  -10.477 0.4000000060
29954  53.423  -59.097  -9.525 0.3000000119
29974  53.604  -58.664  -10.323 0.4000000060
41999  55.143  -49.528  -14.644 0.1000000015
40561  55.126  -50.022  -14.394 0.1000000015
31313  54.030  -57.068  -11.322 0.4000000060
31314  53.707  -57.587  -10.961 0.5000000000
32624  54.181  -56.847  -11.364 0.5000000000
40583  54.907  -50.314  -14.340 0.1000000015
42001  54.667  -49.862  -14.552 0.1000000015
39183  54.655  -50.788  -14.246 0.1000000015
29921  47.684  -58.917  -7.449 0.1000000015
32564  48.411  -57.402  -7.990 0.1000000015
31261  47.290  -58.065  -7.357 0.1000000015
32566  46.877  -57.169  -7.652 0.1000000015
32594  46.562  -56.238  -8.233 0.1000000015
33839  52.528  -56.214  -10.191 0.4000000060
28465  48.174  -59.651  -7.604 0.1000000015
32589  51.872  -57.349  -9.034 0.3000000119
40582  55.002  -50.001  -14.593 0.1000000015
40584  54.468  -50.427  -14.388 0.1000000015
31262  46.173  -58.080  -6.728 0.1000000015
27294  39.478  -61.304  -20.324 0.1000000015
25884  39.212  -61.798  -20.703 0.1000000015
25881  42.435  -61.379  -20.772 0.1000000015
25861  38.986  -61.371  -20.315 0.1000000015
27291  41.932  -60.833  -20.224 0.1000000015
25862  38.484  -61.427  -20.240 0.1000000015
25886  37.541  -62.143  -20.264 0.1000000015
23223  35.342  -63.617  -20.268 0.1000000015
23221  37.499  -63.583  -20.640 0.1000000015
11757  35.168  -73.083  -15.761 0.1000000015
21932  31.306  -64.120  -19.216 0.1000000015
23227  31.742  -63.781  -20.055 0.1000000015
27272  41.457  -60.508  -19.476 0.1000000015
23225  33.164  -63.467  -20.174 0.1000000015
27293  39.954  -61.201  -20.281 0.1000000015
23205  34.956  -63.035  -19.693 0.1000000015
27271  42.499  -60.493  -19.395 0.1000000015
21955  34.671  -64.328  -20.853 0.1000000015
27290  42.793  -60.893  -20.117 0.1000000015
12931  35.623  -71.645  -15.378 0.1000000015
11768  35.494  -73.029  -16.334 0.1000000015
12956  34.403  -72.172  -16.940 0.1000000015
15357  36.444  -69.244  -14.284 0.1000000015
14171  36.036  -70.828  -15.014 0.1000000015
12954  36.233  -72.172  -16.086 0.1000000015
15414  33.635  -69.907  -17.015 0.1000000015
20638  30.933  -66.004  -17.266 0.1000000015
21916  31.107  -64.075  -18.241 0.1000000015
27252  40.962  -60.259  -18.802 0.1000000015
27253  40.001  -60.273  -19.017 0.1000000015
25863  37.380  -61.782  -20.007 0.1000000015
27251  42.009  -60.158  -18.418 0.1000000015
27249  44.053  -60.697  -18.425 0.1000000015
25880  43.473  -61.345  -20.483 0.1000000015
12955  35.405  -72.245  -16.609 0.1000000015
15413  34.662  -70.087  -16.819 0.1000000015
16674  37.235  -69.587  -14.476 0.1000000015
15378  36.641  -70.143  -14.701 0.1000000015
12930  36.430  -71.491  -15.521 0.1000000015
14203  36.132  -71.215  -16.454 0.1000000015
16704  35.275  -69.260  -16.502 0.1000000015
16705  34.256  -68.933  -16.595 0.1000000015
18078  33.612  -67.697  -16.312 0.1000000015
19362  32.191  -66.829  -16.486 0.1000000015
20631  31.427  -65.788  -16.338 0.1000000015
23152  31.140  -63.820  -16.743 0.1000000015
21901  30.938  -64.278  -17.353 0.1000000015
23167  31.266  -63.464  -17.521 0.1000000015
23187  31.886  -63.210  -18.527 0.1000000015
25848  35.750  -61.032  -18.924 0.1000000015
28696  41.283  -59.998  -18.083 0.1000000015
28698  39.768  -59.899  -18.215 0.1000000015
27275  38.154  -60.851  -19.711 0.1000000015
27277  36.659  -60.905  -19.307 0.1000000015
24488  35.570  -62.283  -19.624 0.1000000015
27250  43.165  -60.440  -18.406 0.1000000015
19350  34.699  -67.064  -15.385 0.1000000015
16652  37.317  -68.660  -13.977 0.1000000015
15377  37.631  -70.261  -14.870 0.1000000015
14170  36.838  -70.854  -15.464 0.1000000015
14202  37.115  -70.960  -15.999 0.1000000015
16703  36.147  -69.411  -16.353 0.1000000015
16689  35.847  -68.632  -16.008 0.1000000015
18077  34.289  -67.838  -16.119 0.1000000015
20622  32.736  -66.054  -15.396 0.1000000015
21881  31.514  -64.787  -15.377 0.1000000015
24414  31.380  -62.842  -15.333 0.1000000015
16673  38.138  -69.467  -14.541 0.1000000015
15376  38.786  -70.124  -15.080 0.1000000015
14183  37.899  -70.675  -15.872 0.1000000015
15410  37.894  -70.266  -16.216 0.1000000015
16688  36.977  -68.946  -15.903 0.1000000015
23144  31.293  -63.798  -15.813 0.1000000015
24438  31.297  -62.919  -16.570 0.1000000015
25836  32.489  -61.628  -17.226 0.1000000015
24456  32.183  -62.159  -17.751 0.1000000015
27234  33.572  -60.611  -17.212 0.1000000015
25851  32.721  -61.760  -17.902 0.1000000015
25849  34.532  -61.274  -18.661 0.1000000015
25850  33.391  -61.625  -18.228 0.1000000015
28700  37.661  -59.801  -18.151 0.1000000015
27257  35.612  -60.262  -18.324 0.1000000015
24471  34.113  -62.066  -18.917 0.1000000015
28679  40.639  -59.871  -17.294 0.1000000015
28699  38.753  -59.865  -18.202 0.1000000015
27255  37.858  -60.306  -18.974 0.1000000015
27230  41.698  -60.222  -17.272 0.1000000015
27204  43.262  -60.880  -16.817 0.1000000015
25832  44.850  -61.384  -17.384 0.1000000015
27228  43.874  -60.841  -17.339 0.1000000015
25810  45.253  -61.964  -16.854 0.1000000015
25811  44.651  -61.944  -16.591 0.1000000015
19331  35.292  -66.276  -14.813 0.1000000015
19332  34.172  -66.266  -15.056 0.1000000015
16651  38.513  -68.612  -14.003 0.1000000015
15375  39.858  -69.651  -15.170 0.1000000015
15394  39.231  -69.845  -15.699 0.1000000015
16686  39.284  -68.976  -15.972 0.1000000015
18074  37.594  -67.899  -15.684 0.1000000015
18075  36.438  -67.840  -15.679 0.1000000015
19349  35.872  -66.981  -15.349 0.1000000015
20606  33.452  -65.682  -14.739 0.1000000015
21869  32.018  -64.659  -14.562 0.1000000015
24392  31.649  -62.607  -14.359 0.1000000015
16672  39.229  -69.346  -14.628 0.1000000015
15409  38.509  -70.331  -16.088 0.1000000015
25778  31.877  -61.375  -14.603 0.1000000015
25795  32.012  -61.415  -15.504 0.1000000015
25816  32.230  -61.519  -16.392 0.1000000015
27211  32.593  -60.862  -15.952 0.1000000015
25815  32.879  -61.040  -16.789 0.1000000015
27210  33.262  -60.363  -16.380 0.1000000015
28683  36.731  -59.233  -17.122 0.1000000015
28684  35.640  -59.558  -17.489 0.1000000015
27231  41.214  -60.282  -16.731 0.1000000015
27207  40.697  -60.304  -16.297 0.1000000015
28654  40.177  -59.811  -16.802 0.1000000015
28655  39.637  -59.729  -16.380 0.1000000015
28682  37.591  -59.357  -17.252 0.1000000015
28701  36.529  -59.720  -17.947 0.1000000015
25794  42.049  -61.001  -15.820 0.1000000015
27206  41.853  -60.740  -16.237 0.1000000015
25814  42.215  -61.180  -15.918 0.1000000015
25813  42.611  -61.384  -16.037 0.1000000015
25812  43.660  -61.624  -16.305 0.1000000015
23143  45.933  -62.967  -15.702 0.1000000015
16649  40.585  -68.573  -13.857 0.1000000015
16650  39.539  -68.572  -14.036 0.1000000015
18045  38.914  -68.171  -13.280 0.1000000015
16685  40.322  -69.067  -15.679 0.1000000015
16671  40.293  -69.156  -14.696 0.1000000015
16687  38.199  -68.889  -15.932 0.1000000015
19330  36.426  -66.262  -14.768 0.1000000015
21867  33.992  -64.922  -13.995 0.1000000015
21851  32.799  -64.110  -13.692 0.1000000015
23123  31.872  -63.057  -13.942 0.1000000015
21850  33.514  -64.206  -13.291 0.1000000015
24370  31.882  -62.536  -13.642 0.1000000015
27181  32.247  -60.782  -14.171 0.1000000015
27195  32.311  -60.719  -15.081 0.1000000015
27194  32.993  -60.203  -15.507 0.1000000015
27180  32.845  -60.185  -14.586 0.1000000015
28636  34.273  -59.243  -15.368 0.1000000015
28635  35.088  -58.960  -15.614 0.1000000015
28659  35.397  -59.193  -16.398 0.1000000015
28657  37.454  -59.206  -16.340 0.1000000015
28658  36.437  -58.938  -16.309 0.1000000015
27208  40.159  -60.194  -15.931 0.1000000015
28656  38.476  -59.385  -16.392 0.1000000015
27191  41.643  -60.664  -15.583 0.1000000015
27192  40.574  -60.281  -15.558 0.1000000015
25776  42.875  -61.288  -14.982 0.1000000015
25792  43.422  -61.688  -15.550 0.1000000015
24413  43.781  -61.999  -15.863 0.1000000015
24436  43.951  -62.161  -15.978 0.1000000015
24411  45.101  -62.546  -15.698 0.1000000015
20603  36.960  -65.513  -14.229 0.1000000015
21847  36.539  -64.900  -13.413 0.1000000015
16648  41.586  -68.720  -13.872 0.1000000015
16670  41.386  -69.101  -14.766 0.1000000015
18070  41.682  -68.802  -15.438 0.1000000015
18058  40.150  -67.412  -15.171 0.1000000015
18073  38.758  -67.973  -15.658 0.1000000015
21848  35.871  -64.619  -13.415 0.1000000015
21835  34.380  -64.029  -12.448 0.1000000015
15374  40.713  -69.376  -15.142 0.1000000015
19329  37.513  -66.274  -14.823 0.1000000015
20604  35.866  -65.488  -14.393 0.1000000015
21836  33.678  -63.810  -12.703 0.1000000015
24354  32.829  -62.356  -12.081 0.1000000015
27140  32.328  -60.783  -12.981 0.1000000015
23121  33.302  -63.692  -12.875 0.1000000015
23111  32.759  -62.874  -12.625 0.1000000015
28616  33.452  -59.677  -14.093 0.1000000015
30098  34.734  -58.642  -14.897 0.1000000015
30097  35.581  -58.443  -15.084 0.1000000015
30112  36.398  -58.759  -15.761 0.1000000015
28612  39.188  -59.363  -14.674 0.1000000015
28633  37.230  -58.940  -15.491 0.1000000015
27177  41.063  -60.234  -15.014 0.1000000015
27193  39.872  -59.982  -15.590 0.1000000015
28631  39.180  -59.604  -15.601 0.1000000015
27175  43.294  -60.623  -14.451 0.1000000015
25775  44.066  -61.520  -14.751 0.1000000015
19313  39.856  -66.685  -13.782 0.1000000015
16669  41.875  -68.683  -14.478 0.1000000015
19326  40.386  -67.222  -14.222 0.1000000015
19314  39.111  -66.253  -13.991 0.1000000015
20582  37.770  -65.615  -13.704 0.1000000015
21833  36.377  -64.657  -12.784 0.1000000015
16628  41.098  -68.724  -13.079 0.1000000015
18056  41.791  -68.482  -15.044 0.1000000015
18057  40.922  -67.609  -14.941 0.1000000015
20601  38.282  -66.014  -14.373 0.1000000015
20602  37.933  -65.861  -14.359 0.1000000015
21834  35.550  -64.381  -12.607 0.1000000015
21818  34.602  -63.875  -11.838 0.1000000015
24353  33.324  -62.692  -11.485 0.1000000015
23110  33.564  -63.292  -12.219 0.1000000015
28544  33.691  -59.718  -12.089 0.1000000015
28564  33.721  -59.601  -12.802 0.1000000015
28590  34.198  -59.220  -13.515 0.1000000015
30078  36.105  -58.553  -14.345 0.1000000015
30077  37.167  -58.669  -14.400 0.1000000015
30095  37.100  -58.724  -15.023 0.1000000015
28589  39.400  -58.945  -14.117 0.1000000015
28610  41.538  -59.800  -14.522 0.1000000015
27179  39.601  -59.766  -15.204 0.1000000015
27157  44.115  -60.320  -13.928 0.1000000015
25751  44.997  -60.971  -14.154 0.1000000015
18042  41.773  -67.937  -13.755 0.1000000015
20569  38.601  -65.978  -13.048 0.1000000015
20571  36.893  -65.100  -12.847 0.1000000015
18043  40.917  -67.518  -14.117 0.1000000015
20570  37.613  -65.478  -12.826 0.1000000015
23096  34.533  -63.615  -11.289 0.1000000015
23081  33.840  -62.699  -10.602 0.1000000015
24340  33.418  -62.530  -10.835 0.1000000015
25719  33.074  -60.999  -11.032 0.1000000015
28543  34.339  -59.356  -11.697 0.1000000015
28563  34.343  -59.293  -12.530 0.1000000015
30054  36.475  -58.534  -13.452 0.1000000015
30055  35.594  -58.615  -13.575 0.1000000015
30052  38.495  -58.100  -13.260 0.1000000015
30075  38.953  -58.745  -13.973 0.1000000015
30048  42.222  -58.601  -13.439 0.1000000015
28588  39.968  -59.061  -14.133 0.1000000015
28562  43.996  -58.901  -13.006 0.1000000015
28586  41.958  -59.276  -13.891 0.1000000015
28611  40.451  -59.661  -14.568 0.1000000015
27156  45.242  -60.076  -13.173 0.1000000015
25750  46.029  -60.951  -13.274 0.1000000015
25731  47.176  -61.671  -11.916 0.1000000015
19312  40.765  -66.955  -13.508 0.1000000015
19302  39.922  -66.415  -12.856 0.1000000015
20555  37.203  -65.243  -12.104 0.1000000015
21799  35.434  -64.089  -10.914 0.1000000015
23095  35.136  -63.934  -11.029 0.1000000015
19311  41.342  -67.018  -12.905 0.1000000015
21816  36.473  -64.705  -11.723 0.1000000015
24328  33.814  -62.143  -10.195 0.1000000015
29983  34.805  -58.779  -11.271 0.1000000015
30003  34.977  -58.839  -12.152 0.1000000015
30027  35.741  -58.548  -12.722 0.1000000015
30025  37.566  -57.965  -12.730 0.1000000015
30020  42.412  -58.036  -12.959 0.1000000015
30051  39.482  -58.504  -13.684 0.1000000015
30049  41.273  -58.598  -13.588 0.1000000015
28584  44.390  -59.513  -13.252 0.1000000015
27138  45.775  -59.999  -12.314 0.1000000015
27137  46.222  -60.550  -12.301 0.1000000015
25717  47.434  -61.505  -11.208 0.1000000015
24326  48.390  -62.174  -10.596 0.1000000015
19286  41.017  -66.724  -11.650 0.1000000015
19301  40.689  -66.609  -12.508 0.1000000015
20553  39.439  -65.904  -11.997 0.1000000015
21815  37.660  -64.941  -11.285 0.1000000015
23078  36.652  -63.804  -10.098 0.1000000015
23080  34.504  -62.870  -10.297 0.1000000015
20554  38.270  -65.456  -11.764 0.1000000015
25695  34.048  -61.271  -9.894 0.1000000015
27095  33.898  -60.692  -10.196 0.1000000015
28530  34.312  -59.570  -10.835 0.1000000015
31371  37.136  -57.748  -12.305 0.1000000015
31368  39.698  -57.519  -12.732 0.1000000015
31392  39.307  -57.961  -13.219 0.1000000015
28486  45.317  -59.313  -8.047 0.1000000015
28485  46.026  -59.522  -8.598 0.1000000015
29944  45.516  -58.954  -8.919 0.1000000015
29981  44.784  -58.256  -10.702 0.1000000015
29999  44.393  -58.182  -11.629 0.1000000015
31366  41.806  -57.479  -12.571 0.1000000015
30022  40.602  -58.057  -13.169 0.1000000015
27067  46.309  -59.833  -8.048 0.1000000015
29956  45.631  -58.966  -9.873 0.1000000015
31365  42.619  -57.570  -12.378 0.1000000015
27050  46.228  -60.124  -7.426 0.1000000015
27066  46.923  -60.121  -8.347 0.1000000015
28484  46.603  -59.840  -8.755 0.1000000015
28528  46.412  -59.892  -10.481 0.1000000015
28542  45.771  -59.464  -11.522 0.1000000015
28561  44.620  -59.073  -12.708 0.1000000015
27049  46.849  -60.175  -7.507 0.1000000015
27092  47.013  -60.214  -9.447 0.1000000015
27122  46.158  -60.106  -11.760 0.1000000015
27091  47.518  -60.682  -9.351 0.1000000015
27121  46.561  -60.551  -11.388 0.1000000015
25663  48.559  -60.924  -8.834 0.1000000015
25708  47.917  -61.434  -10.313 0.1000000015
25707  48.557  -61.764  -10.016 0.1000000015
20540  40.069  -65.685  -10.905 0.1000000015
20552  40.077  -66.069  -11.625 0.1000000015
20541  39.107  -65.237  -10.918 0.1000000015
21796  38.495  -64.649  -10.595 0.1000000015
21797  37.329  -64.326  -10.454 0.1000000015
21814  38.242  -65.059  -11.153 0.1000000015
23058  35.485  -62.848  -9.570 0.1000000015
24311  34.299  -61.789  -9.659 0.1000000015
27094  34.452  -60.382  -9.725 0.1000000015
27113  34.125  -60.093  -10.270 0.1000000015
31346  36.116  -57.743  -11.628 0.1000000015
32683  39.224  -56.684  -12.081 0.1000000015
31341  42.723  -57.106  -11.639 0.1000000015
31367  40.863  -57.472  -12.630 0.1000000015
31315  44.399  -57.708  -9.920 0.1000000015
31339  44.215  -57.717  -10.825 0.1000000015
27048  47.626  -60.123  -7.623 0.1000000015
20524  39.734  -64.911  -10.118 0.1000000015
21795  39.197  -64.700  -10.310 0.1000000015
23056  37.408  -63.275  -9.633 0.1000000015
24308  36.421  -62.285  -9.086 0.1000000015
21778  37.757  -63.694  -9.907 0.1000000015
23057  36.423  -63.189  -9.521 0.1000000015
24309  35.479  -62.110  -9.157 0.1000000015
25694  34.660  -61.201  -9.409 0.1000000015
28506  35.089  -59.573  -9.445 0.1000000015
28507  34.590  -59.458  -10.016 0.1000000015
31319  35.856  -57.625  -11.159 0.1000000015
31343  38.211  -56.710  -11.721 0.1000000015
32657  37.262  -56.880  -11.398 0.1000000015
32652  41.848  -56.353  -11.445 0.1000000015
33892  40.341  -55.768  -11.074 0.1000000015
32654  39.770  -56.171  -11.573 0.1000000015
31300  44.365  -57.919  -8.818 0.1000000015
31301  43.863  -57.311  -9.228 0.1000000015
32651  42.584  -56.585  -11.083 0.1000000015
32682  40.266  -56.760  -12.215 0.1000000015
28469  44.935  -59.455  -7.319 0.1000000015
29945  44.605  -58.642  -8.074 0.1000000015
31340  43.613  -57.511  -11.399 0.1000000015
28442  45.446  -59.685  -6.830 0.1000000015
28468  45.692  -59.786  -7.525 0.1000000015
21776  39.291  -64.120  -9.634 0.1000000015
21777  38.372  -63.883  -9.890 0.1000000015
24307  37.247  -62.556  -9.215 0.1000000015
25692  36.119  -61.633  -8.862 0.1000000015
25693  35.447  -61.266  -8.963 0.1000000015
29949  35.493  -59.085  -9.214 0.1000000015
29959  35.358  -58.519  -9.726 0.1000000015
31303  35.687  -57.727  -10.353 0.1000000015
31318  36.331  -57.215  -10.602 0.1000000015
33893  39.482  -55.686  -10.971 0.1000000015
32655  38.625  -56.072  -11.264 0.1000000015
33861  42.279  -56.166  -10.445 0.1000000015
33891  41.207  -55.953  -11.101 0.1000000015
32628  42.837  -56.476  -10.327 0.1000000015
27031  46.154  -60.228  -6.917 0.1000000015
28466  47.187  -59.712  -7.042 0.1000000015
23055  38.254  -63.209  -9.550 0.1000000015
25666  37.099  -61.388  -8.652 0.1000000015
24285  37.170  -62.047  -8.946 0.1000000015
27070  36.826  -60.388  -8.355 0.1000000015
25667  36.256  -61.026  -8.595 0.1000000015
29948  36.067  -58.715  -8.939 0.1000000015
27071  35.917  -60.377  -8.616 0.1000000015
29958  36.048  -58.099  -9.284 0.1000000015
32615  36.763  -56.604  -9.960 0.1000000015
32632  37.013  -56.649  -10.895 0.1000000015
32630  38.385  -55.783  -10.631 0.1000000015
33844  41.524  -55.656  -9.773 0.1000000015
32627  43.378  -56.759  -9.577 0.1000000015
33843  42.277  -55.999  -9.923 0.1000000015
29946  43.893  -58.681  -7.336 0.1000000015
31287  44.239  -58.085  -8.275 0.1000000015
28467  46.720  -59.636  -6.733 0.1000000015
28488  36.448  -59.530  -8.465 0.1000000015
32600  36.742  -56.880  -9.168 0.1000000015
32631  37.806  -55.935  -10.296 0.1000000015
33865  38.846  -55.540  -10.267 0.1000000015
33864  39.963  -55.457  -10.337 0.1000000015
29889  45.532  -59.174  -6.426 0.1000000015
28443  44.756  -59.404  -6.803 0.1000000015
32612  43.269  -57.017  -8.735 0.1000000015
29888  46.092  -58.968  -6.483 0.1000000015
31291  36.637  -57.712  -8.806 0.1000000015
33829  37.784  -55.883  -8.411 0.1000000015
32599  37.219  -56.705  -8.368 0.1000000015
33826  40.415  -55.246  -8.670 0.1000000015
33828  38.523  -55.353  -8.392 0.1000000015
32614  37.326  -56.202  -9.218 0.1000000015
33798  41.023  -55.908  -8.057 0.1000000015
33846  39.666  -55.176  -9.452 0.1000000015
33845  40.633  -55.371  -9.615 0.1000000015
29890  44.456  -59.076  -6.294 0.1000000015
29923  44.314  -59.178  -7.012 0.1000000015
31289  42.988  -57.492  -7.978 0.1000000015
32613  42.806  -56.417  -9.279 0.1000000015
31265  43.451  -58.357  -7.121 0.1000000015
33847  38.762  -55.239  -9.265 0.1000000015
32598  41.757  -56.167  -8.337 0.1000000015
33825  41.296  -55.594  -8.887 0.1000000015
31236  43.159  -58.460  -6.568 0.1000000015
31266  42.853  -57.724  -7.253 0.1000000015
32597  42.531  -56.906  -8.209 0.1000000015
19372  30.184  -66.175  -18.682 0.1000000015
24491  33.212  -62.571  -18.834 0.1000000015
23208  31.829  -63.616  -19.607 0.1000000015
23207  32.773  -63.006  -19.234 0.1000000015
25883  40.399  -61.589  -20.780 0.1000000015
23206  33.928  -63.017  -19.555 0.1000000015
27292  40.931  -60.993  -20.235 0.1000000015
24487  36.554  -62.488  -19.995 0.1000000015
24489  34.596  -62.227  -19.226 0.1000000015
24503  36.777  -62.816  -20.163 0.1000000015
23222  36.482  -63.336  -20.255 0.1000000015
23204  35.873  -62.969  -19.949 0.1000000015
12932  34.419  -71.902  -15.235 0.1000000015
21959  30.936  -64.813  -20.184 0.1000000015
21917  30.834  -64.775  -18.809 0.1000000015
12953  36.782  -71.712  -15.857 0.1000000015
18091  33.698  -68.237  -16.503 0.1000000015
21890  31.019  -64.698  -16.492 0.1000000015
21891  30.752  -64.933  -17.246 0.1000000015
28697  40.622  -59.957  -18.196 0.1000000015
27276  37.130  -60.895  -19.468 0.1000000015
15412  35.717  -70.210  -16.633 0.1000000015
15411  36.870  -70.105  -16.354 0.1000000015
16690  34.989  -68.489  -16.164 0.1000000015
19352  32.603  -66.499  -15.890 0.1000000015
19361  32.736  -67.358  -16.457 0.1000000015
19333  33.561  -66.256  -15.240 0.1000000015
20623  31.962  -65.574  -15.403 0.1000000015
24437  31.838  -62.118  -16.936 0.1000000015
27256  36.609  -60.536  -18.901 0.1000000015
25866  34.763  -61.727  -19.065 0.1000000015
28678  41.066  -59.940  -17.701 0.1000000015
28680  39.628  -59.660  -17.367 0.1000000015
21868  32.934  -64.683  -14.189 0.1000000015
23133  31.644  -63.692  -14.501 0.1000000015
27233  34.508  -60.256  -17.708 0.1000000015
28685  34.772  -59.585  -16.963 0.1000000015
27232  35.140  -60.064  -18.005 0.1000000015
28681  38.650  -59.470  -17.324 0.1000000015
23132  32.354  -64.095  -14.056 0.1000000015
25754  31.669  -62.154  -13.938 0.1000000015
28660  34.550  -59.459  -16.169 0.1000000015
18072  40.012  -67.981  -15.539 0.1000000015
21866  34.593  -64.995  -13.913 0.1000000015
20584  35.419  -64.994  -13.919 0.1000000015
23122  32.563  -63.388  -13.369 0.1000000015
21849  34.785  -64.609  -13.441 0.1000000015
25733  32.370  -61.539  -12.542 0.1000000015
25753  31.915  -61.566  -13.585 0.1000000015
27159  32.756  -60.283  -13.613 0.1000000015
28615  34.111  -59.149  -14.520 0.1000000015
28632  38.233  -59.316  -15.531 0.1000000015
25752  44.284  -60.939  -14.345 0.1000000015
25774  44.935  -61.670  -14.542 0.1000000015
24390  45.105  -62.242  -14.949 0.1000000015
20583  37.059  -65.300  -13.477 0.1000000015
21865  36.254  -64.994  -13.936 0.1000000015
16683  41.854  -68.922  -15.205 0.1000000015
19345  39.789  -67.331  -15.249 0.1000000015
19328  38.532  -66.400  -14.649 0.1000000015
25720  32.850  -61.412  -11.673 0.1000000015
27124  32.682  -60.839  -12.269 0.1000000015
30080  34.615  -58.771  -14.194 0.1000000015
28613  37.925  -58.939  -14.868 0.1000000015
28608  43.189  -59.948  -14.190 0.1000000015
19327  39.760  -66.945  -14.745 0.1000000015
21817  35.242  -64.160  -11.571 0.1000000015
23097  33.719  -63.108  -11.032 0.1000000015
27123  33.203  -60.457  -11.668 0.1000000015
30028  34.978  -58.878  -13.013 0.1000000015
30076  38.205  -58.707  -14.103 0.1000000015
28585  43.225  -59.335  -13.616 0.1000000015
27155  45.883  -60.363  -12.780 0.1000000015
28531  33.818  -59.883  -11.395 0.1000000015
30053  37.439  -58.396  -13.381 0.1000000015
31393  38.991  -57.682  -12.942 0.1000000015
28587  40.923  -59.180  -14.066 0.1000000015
30019  43.311  -58.299  -12.737 0.1000000015
25718  46.969  -61.181  -11.584 0.1000000015
24339  47.929  -62.232  -11.124 0.1000000015
19288  40.150  -66.285  -12.099 0.1000000015
23079  35.483  -63.661  -10.389 0.1000000015
30002  35.681  -58.201  -11.766 0.1000000015
30024  38.034  -57.706  -12.692 0.1000000015
28560  45.232  -59.355  -12.361 0.1000000015
27120  47.122  -60.793  -11.073 0.1000000015
27111  47.330  -60.800  -10.328 0.1000000015
21798  36.039  -64.286  -10.780 0.1000000015
29960  34.782  -58.869  -10.468 0.1000000015
31344  37.673  -57.063  -11.773 0.1000000015
29957  45.050  -58.378  -9.550 0.1000000015
28505  46.061  -59.389  -9.662 0.1000000015
29980  45.413  -58.859  -10.644 0.1000000015
29998  45.126  -58.774  -11.542 0.1000000015
30018  44.202  -58.487  -12.440 0.1000000015
30000  43.834  -57.925  -12.140 0.1000000015
32681  41.288  -56.829  -12.170 0.1000000015
28504  46.556  -59.807  -9.552 0.1000000015
28529  45.949  -59.408  -10.579 0.1000000015
27032  45.789  -60.181  -7.060 0.1000000015
28541  46.236  -59.881  -11.179 0.1000000015
27112  46.831  -60.354  -10.396 0.1000000015
25691  48.208  -61.153  -9.366 0.1000000015
25690  49.048  -61.671  -9.423 0.1000000015
32653  40.781  -56.291  -11.615 0.1000000015
31316  43.691  -57.131  -10.350 0.1000000015
28440  46.742  -59.870  -6.697 0.1000000015
32656  37.715  -56.484  -11.261 0.1000000015
28441  46.256  -59.710  -6.627 0.1000000015
33824  42.194  -55.861  -8.990 0.1000000015
33866  38.340  -55.564  -9.751 0.1000000015
29991  53.430  -58.383  -10.827 0.4000000060
27107  52.818  -60.859  -9.963 0.3000000119
28523  52.936  -59.853  -10.386 0.3000000119
29975  52.743  -59.334  -10.772 0.3000000119
23217  50.578  -63.617  -20.071 0.1000000015
24452  51.787  -62.701  -17.600 0.1000000015
24431  50.732  -63.048  -16.201 0.2000000030
24387  49.351  -62.487  -14.291 0.3000000119
31334  50.667  -57.462  -11.446 0.4000000060
27106  52.971  -60.951  -9.468 0.3000000119
24408  50.190  -63.361  -15.297 0.2000000030
28538  49.162  -60.036  -11.256 0.4000000060
27119  48.722  -60.616  -11.821 0.4000000060
28527  49.310  -59.446  -10.960 0.4000000060
29978  49.993  -58.912  -10.884 0.4000000060
23216  51.287  -63.340  -19.599 0.1000000015
24430  51.434  -62.687  -17.038 0.2000000030
24409  49.625  -62.560  -15.290 0.3000000119
25748  49.039  -61.808  -13.159 0.3000000119
32677  50.913  -56.041  -12.123 0.4000000060
33916  52.088  -55.507  -12.635 0.4000000060
25730  48.709  -61.291  -12.597 0.4000000060
29979  49.178  -58.875  -10.905 0.4000000060
29995  49.802  -58.175  -11.075 0.4000000060
23229  51.137  -63.186  -20.409 0.2000000030
24467  51.939  -62.729  -18.169 0.2000000030
24432  50.168  -62.736  -15.805 0.2000000030
24388  48.741  -62.074  -14.505 0.3000000119
25749  48.401  -61.394  -13.762 0.3000000119
23230  50.661  -63.376  -21.094 0.1000000015
28539  48.540  -59.559  -11.578 0.4000000060
24410  49.109  -62.327  -14.904 0.3000000119
27135  47.963  -60.447  -12.761 0.4000000060
32645  50.504  -56.457  -11.833 0.5000000000
33917  50.781  -55.481  -12.314 0.4000000060
29996  48.640  -58.349  -11.190 0.4000000060
31335  49.544  -57.351  -11.317 0.5000000000
32646  49.239  -56.474  -11.542 0.5000000000
24466  52.467  -62.178  -18.259 0.2000000030
25807  51.078  -62.132  -16.865 0.2000000030
25789  49.434  -62.069  -15.839 0.4000000060
25808  49.961  -61.963  -16.430 0.2000000030
25790  48.910  -61.860  -15.463 0.4000000060
25773  48.447  -61.476  -14.797 0.3000000119
33884  49.824  -55.823  -11.973 0.5000000000
35164  51.603  -54.307  -12.769 0.4000000060
28557  47.841  -59.542  -12.319 0.4000000060
25805  52.125  -61.687  -17.600 0.2000000030
24494  51.539  -62.491  -19.942 0.2000000030
25806  51.776  -61.899  -17.279 0.2000000030
35165  50.293  -54.334  -12.413 0.4000000060
25829  50.658  -61.722  -17.070 0.2000000030
28540  47.892  -58.994  -11.741 0.4000000060
25827  51.868  -61.466  -17.685 0.2000000030
25809  49.282  -61.742  -16.071 0.3000000119
27188  48.325  -61.113  -15.500 0.4000000060
27172  47.998  -60.936  -14.688 0.3000000119
31336  48.368  -57.344  -11.338 0.5000000000
33885  48.965  -55.622  -11.776 0.5000000000
24507  51.319  -62.585  -21.002 0.2000000030
25842  52.558  -61.771  -18.168 0.2000000030
27136  47.431  -59.695  -12.924 0.4000000060
33918  49.634  -55.096  -12.277 0.5000000000
24523  51.273  -62.269  -21.791 0.2000000030
27223  51.923  -61.142  -17.943 0.2000000030
25828  51.201  -61.562  -17.417 0.2000000030
27201  49.577  -61.215  -16.884 0.2000000030
27173  47.631  -60.222  -14.629 0.4000000060
23250  50.156  -63.010  -22.877 0.2000000030
27153  47.797  -60.665  -13.911 0.3000000119
29997  47.696  -58.208  -11.777 0.5000000000
24524  50.855  -62.480  -22.437 0.2000000030
39172  51.976  -51.425  -13.221 0.4000000060
36458  50.700  -53.361  -12.569 0.4000000060
25854  52.483  -61.645  -18.671 0.2000000030
27202  48.847  -61.000  -16.481 0.4000000060
35166  49.337  -54.265  -12.183 0.4000000060
25875  51.637  -61.645  -20.313 0.2000000030
27224  51.059  -60.782  -17.890 0.2000000030
27225  50.088  -61.083  -17.468 0.2000000030
27246  51.939  -60.826  -18.284 0.2000000030
37781  51.962  -52.389  -13.099 0.4000000060
37761  50.043  -52.452  -12.496 0.4000000060
32647  48.139  -56.361  -11.433 0.5000000000
33919  48.840  -54.839  -12.017 0.5000000000
36459  49.714  -53.409  -12.296 0.4000000060
27203  48.180  -60.717  -15.961 0.4000000060
27154  47.418  -60.015  -13.705 0.4000000060
28581  46.886  -59.266  -13.514 0.3000000119
28558  47.254  -59.009  -12.437 0.4000000060
27189  47.872  -60.499  -15.434 0.4000000060
32648  47.170  -56.171  -11.558 0.5000000000
37760  50.981  -52.402  -12.694 0.4000000060
35167  48.809  -54.273  -12.015 0.5000000000
35134  48.301  -54.390  -11.839 0.5000000000
28559  46.704  -58.658  -12.928 0.4000000060
31337  47.106  -57.294  -11.731 0.5000000000
33886  47.991  -55.307  -11.624 0.5000000000
30015  46.948  -58.183  -12.334 0.5000000000
28537  53.214  -59.071  -10.774 0.4000000060
25705  51.450  -61.765  -10.581 0.3000000119
27109  51.285  -60.777  -10.488 0.2000000030
28524  52.073  -59.950  -10.445 0.2000000030
23092  51.094  -63.530  -11.563 0.2000000030
25714  50.765  -62.048  -11.119 0.3000000119
24337  50.526  -62.461  -11.550 0.3000000119
25706  50.700  -61.441  -10.799 0.3000000119
24363  50.317  -63.312  -12.783 0.2000000030
24349  50.071  -62.501  -12.215 0.2000000030
23148  50.986  -63.702  -15.993 0.2000000030
23268  48.252  -63.624  -25.237 0.1000000015
24561  48.566  -62.537  -25.123 0.1000000015
31461  50.021  -57.578  -18.027 0.1000000015
25703  52.716  -61.778  -9.607 0.1000000015
27108  52.171  -60.829  -10.208 0.2000000030
24323  51.765  -62.427  -10.433 0.2000000030
25704  52.247  -61.736  -10.119 0.2000000030
23073  51.643  -63.117  -10.241 0.1000000015
23091  51.260  -63.689  -11.259 0.1000000015
24335  51.569  -62.991  -10.500 0.2000000030
21792  51.165  -64.025  -10.991 0.1000000015
21810  51.139  -64.173  -11.724 0.1000000015
24508  50.995  -62.905  -21.746 0.1000000015
23260  49.333  -63.232  -24.254 0.1000000015
30132  51.290  -59.378  -18.563 0.1000000015
30133  49.820  -59.284  -18.250 0.1000000015
28695  49.245  -59.272  -18.282 0.1000000015
30124  48.270  -58.641  -17.804 0.1000000015
30131  51.579  -59.161  -18.755 0.1000000015
30122  50.183  -58.817  -18.264 0.1000000015
30123  49.224  -58.634  -18.303 0.1000000015
30125  47.284  -58.843  -17.216 0.1000000015
31463  47.689  -57.378  -17.512 0.1000000015
31464  46.915  -57.956  -17.059 0.1000000015
31450  46.981  -57.314  -17.095 0.1000000015
31451  46.441  -57.504  -16.528 0.1000000015
24322  52.241  -62.515  -10.016 0.2000000030
28651  48.437  -60.125  -16.896 0.1000000015
28606  47.116  -59.569  -14.565 0.3000000119
27268  51.918  -60.755  -19.690 0.1000000015
28692  51.545  -60.090  -18.572 0.1000000015
28653  47.066  -59.527  -16.394 0.2000000030
28582  46.312  -58.519  -13.642 0.3000000119
31362  46.000  -57.183  -12.655 0.3000000119
24544  49.668  -62.458  -24.239 0.1000000015
27289  51.521  -60.712  -20.529 0.1000000015
28675  49.055  -59.865  -17.662 0.1000000015
28677  47.538  -59.534  -16.788 0.1000000015
28630  46.686  -59.249  -15.533 0.2000000030
30045  45.898  -57.807  -13.561 0.3000000119
30130  51.775  -59.150  -19.056 0.1000000015
30094  46.167  -58.361  -15.587 0.2000000030
30074  45.543  -57.659  -14.204 0.3000000119
31430  45.715  -57.349  -15.617 0.2000000030
31414  45.125  -57.128  -14.320 0.4000000060
32748  47.071  -56.477  -17.007 0.1000000015
32728  45.632  -56.188  -15.555 0.1000000015
32729  45.059  -56.335  -15.027 0.3000000119
27046  48.766  -59.952  -7.796 0.1000000015
27063  49.398  -60.281  -8.207 0.1000000015
35135  47.472  -54.508  -11.655 0.4000000060
30016  46.430  -58.023  -12.918 0.3000000119
31361  46.622  -57.698  -12.395 0.4000000060
32649  46.395  -55.990  -11.714 0.4000000060
31363  45.418  -56.781  -13.040 0.4000000060
33889  45.501  -55.477  -12.038 0.4000000060
31391  45.417  -57.091  -13.486 0.4000000060
32703  44.607  -55.948  -13.479 0.5000000000
31432  44.901  -56.805  -14.799 0.3000000119
32720  44.732  -56.436  -14.179 0.5000000000
33991  46.970  -55.440  -16.569 0.2000000030
32749  46.316  -56.386  -16.268 0.1000000015
33972  44.847  -56.010  -14.661 0.4000000060
33998  47.599  -55.371  -17.130 0.1000000015
33992  46.348  -55.411  -15.960 0.2000000030
33996  49.310  -55.289  -17.561 0.1000000015
33997  48.367  -55.328  -17.364 0.1000000015
33995  50.290  -55.147  -18.119 0.1000000015
36460  48.701  -53.521  -11.913 0.4000000060
36438  47.889  -53.838  -11.738 0.4000000060
35136  46.509  -54.500  -11.603 0.4000000060
33888  46.076  -55.313  -11.725 0.4000000060
32679  45.261  -56.101  -12.646 0.4000000060
35169  44.414  -54.405  -12.512 0.4000000060
35168  44.800  -54.971  -12.194 0.4000000060
33942  44.314  -55.118  -13.303 0.5000000000
33943  44.041  -54.622  -13.841 0.4000000060
35220  45.733  -54.787  -15.234 0.3000000119
33971  45.231  -55.439  -14.993 0.4000000060
35205  44.468  -54.079  -14.470 0.4000000060
35254  48.758  -54.261  -17.245 0.2000000030
35236  48.226  -54.267  -16.828 0.2000000030
35219  46.362  -54.548  -15.564 0.2000000030
35255  48.071  -54.696  -17.108 0.2000000030
31508  49.525  -57.532  -21.939 0.1000000015
37763  48.325  -52.415  -11.869 0.4000000060
37762  49.170  -52.468  -12.139 0.4000000060
37747  46.782  -52.561  -11.634 0.4000000060
37748  45.602  -52.486  -11.535 0.4000000060
36440  46.074  -53.539  -11.559 0.4000000060
36441  45.113  -53.333  -11.689 0.4000000060
36477  43.942  -53.659  -12.857 0.4000000060
36461  44.045  -53.314  -12.298 0.4000000060
36478  43.669  -53.290  -13.376 0.3000000119
36490  44.294  -53.181  -14.296 0.4000000060
36491  43.736  -53.181  -14.004 0.4000000060
36488  46.070  -53.373  -14.797 0.3000000119
35203  46.057  -54.190  -15.090 0.3000000119
35204  45.231  -54.449  -14.836 0.4000000060
36545  48.804  -53.480  -17.075 0.2000000030
36525  48.356  -53.602  -16.566 0.2000000030
36526  47.530  -53.800  -16.179 0.2000000030
36527  46.915  -53.924  -15.805 0.2000000030
35253  49.837  -54.233  -17.647 0.2000000030
30196  48.503  -58.121  -23.864 0.1000000015
30195  49.020  -58.245  -23.398 0.1000000015
39155  50.314  -51.507  -12.652 0.3000000119
39157  48.609  -51.492  -12.071 0.4000000060
39139  47.206  -51.433  -11.696 0.4000000060
41945  45.904  -49.449  -11.396 0.4000000060
39140  46.071  -51.487  -11.556 0.4000000060
39141  44.985  -51.493  -11.570 0.4000000060
39159  43.810  -52.028  -12.168 0.4000000060
39142  44.046  -51.569  -11.838 0.4000000060
39174  43.713  -51.555  -13.440 0.4000000060
37766  43.377  -52.419  -13.031 0.3000000119
39185  46.493  -51.673  -14.970 0.3000000119
39186  45.492  -51.466  -14.622 0.3000000119
39187  44.560  -51.360  -14.226 0.3000000119
37797  43.989  -52.252  -14.053 0.3000000119
37828  49.205  -51.961  -16.846 0.2000000030
37829  48.488  -52.353  -16.371 0.2000000030
37815  47.821  -52.320  -15.948 0.3000000119
37816  46.960  -52.660  -15.149 0.2000000030
37795  45.734  -52.468  -14.626 0.3000000119
36489  45.082  -53.335  -14.561 0.3000000119
36524  49.023  -52.840  -16.886 0.2000000030
36508  47.358  -53.262  -15.645 0.2000000030
36544  49.440  -53.357  -17.369 0.2000000030
41959  49.956  -49.608  -12.612 0.3000000119
40549  49.676  -50.605  -12.544 0.3000000119
40550  48.970  -50.743  -12.343 0.4000000060
39156  49.446  -51.545  -12.435 0.3000000119
41944  46.972  -49.441  -11.541 0.3000000119
41943  48.012  -49.494  -11.948 0.4000000060
43292  46.394  -48.437  -11.415 0.4000000060
40533  46.511  -50.448  -11.519 0.4000000060
41946  44.919  -49.468  -11.563 0.4000000060
40534  45.424  -50.471  -11.502 0.4000000060
43309  44.062  -48.871  -12.317 0.3000000119
40551  44.034  -50.008  -12.026 0.4000000060
40535  44.350  -50.486  -11.732 0.4000000060
42002  46.024  -49.353  -14.649 0.3000000119
42003  44.954  -49.429  -14.244 0.2000000030
41979  43.845  -49.478  -13.248 0.2000000030
40567  43.672  -50.544  -12.971 0.3000000119
40552  43.796  -50.503  -12.245 0.3000000119
40608  47.139  -50.515  -15.313 0.3000000119
40586  45.274  -50.420  -14.437 0.3000000119
40587  44.473  -50.381  -14.071 0.2000000030
40566  43.985  -50.438  -13.550 0.2000000030
39216  49.629  -51.313  -17.135 0.2000000030
39203  48.330  -51.237  -16.136 0.3000000119
39204  47.492  -51.467  -15.508 0.3000000119
40547  51.553  -50.502  -13.116 0.3000000119
39154  51.250  -51.462  -12.846 0.3000000119
44649  44.962  -47.479  -11.654 0.3000000119
46066  45.210  -46.346  -14.194 0.2000000030
47330  44.868  -46.028  -13.493 0.2000000030
44664  44.392  -47.654  -12.314 0.2000000030
46016  44.808  -46.536  -11.983 0.2000000030
46065  46.072  -46.537  -14.786 0.2000000030
43351  44.554  -48.394  -13.733 0.2000000030
44698  44.695  -47.016  -13.802 0.2000000030
44678  44.318  -47.376  -13.161 0.2000000030
40565  52.336  -50.924  -13.442 0.2000000030
34016  51.033  -55.379  -18.549 0.1000000015
39217  49.020  -51.104  -16.556 0.3000000119
37851  49.760  -52.200  -17.452 0.2000000030
28483  49.580  -59.620  -8.094 0.1000000015
27226  49.377  -60.802  -17.138 0.1000000015
28652  47.863  -60.150  -16.352 0.3000000119
28629  47.377  -59.881  -15.478 0.2000000030
28673  50.664  -59.688  -18.325 0.1000000015
24336  51.141  -62.844  -11.067 0.2000000030
24348  50.678  -63.192  -11.844 0.1000000015
31462  48.916  -57.459  -17.917 0.1000000015
28709  51.985  -59.925  -19.250 0.1000000015
30121  50.925  -58.951  -18.375 0.1000000015
28674  50.053  -59.869  -18.090 0.1000000015
28676  48.054  -59.531  -17.122 0.1000000015
30111  46.581  -58.661  -16.491 0.1000000015
28607  46.414  -58.938  -14.554 0.3000000119
32678  45.969  -56.411  -12.115 0.4000000060
30073  45.874  -58.088  -14.567 0.3000000119
31413  45.412  -57.512  -14.821 0.3000000119
36439  47.102  -53.673  -11.606 0.4000000060
35137  45.324  -54.559  -11.827 0.4000000060
35237  47.688  -54.532  -16.624 0.2000000030
37764  47.605  -52.240  -11.806 0.4000000060
39158  47.952  -51.747  -11.851 0.4000000060
37794  46.351  -52.556  -14.802 0.3000000119
36509  46.746  -53.731  -15.138 0.2000000030
36507  47.958  -53.008  -16.102 0.2000000030
39138  47.991  -51.106  -11.697 0.4000000060
40531  48.364  -50.389  -11.976 0.4000000060
40532  47.531  -50.387  -11.657 0.4000000060
40585  46.206  -50.516  -14.857 0.3000000119
37830  48.252  -51.904  -16.247 0.2000000030
41960  48.860  -49.665  -12.297 0.4000000060
43294  44.550  -48.538  -11.773 0.4000000060
43327  43.844  -49.236  -12.686 0.2000000030
43349  46.203  -48.506  -14.715 0.2000000030
43350  45.507  -48.466  -14.412 0.2000000030
42004  44.286  -49.613  -13.800 0.2000000030
41942  48.416  -49.845  -12.077 0.3000000119
43307  48.634  -48.604  -12.191 0.3000000119
40548  50.612  -50.545  -12.713 0.2000000030
41958  50.902  -49.587  -12.802 0.2000000030
23128  50.332  -64.232  -14.537 0.1000000015
24386  49.949  -63.277  -14.076 0.1000000015
27090  53.033  -61.263  -9.123 0.1000000015
23139  50.990  -64.150  -15.862 0.1000000015
23140  50.670  -63.898  -15.579 0.1000000015
40564  53.097  -50.811  -13.732 0.1000000015
41977  53.110  -49.808  -13.912 0.1000000015
41978  52.268  -50.064  -13.563 0.1000000015
41957  51.604  -49.528  -13.206 0.1000000015
43304  51.219  -48.713  -12.992 0.1000000015
43306  49.426  -48.607  -12.435 0.2000000030
43305  50.352  -48.655  -12.717 0.1000000015
44662  49.928  -47.637  -12.510 0.2000000030
43291  47.486  -48.435  -11.666 0.2000000030
44663  48.894  -47.494  -12.106 0.2000000030
43308  48.115  -48.729  -12.055 0.2000000030
46028  49.564  -46.540  -12.372 0.2000000030
46012  48.244  -46.810  -11.806 0.2000000030
44647  46.885  -47.460  -11.522 0.2000000030
44648  45.867  -47.442  -11.446 0.2000000030
47267  45.268  -45.531  -11.905 0.1000000015
46027  50.564  -46.753  -12.613 0.2000000030
46013  47.422  -46.563  -11.672 0.2000000030
46014  46.437  -46.486  -11.554 0.1000000015
48444  46.627  -44.703  -11.722 0.1000000015
46015  45.502  -46.472  -11.658 0.1000000015
43325  52.205  -48.777  -13.449 0.1000000015
44660  51.472  -47.966  -13.136 0.1000000015
46029  48.766  -46.286  -12.112 0.2000000030
40606  48.777  -50.300  -16.314 0.2000000030
40607  48.068  -50.356  -15.776 0.2000000030
40620  49.264  -50.076  -16.686 0.2000000030
42026  49.037  -49.540  -16.534 0.2000000030
42019  46.821  -49.651  -15.130 0.2000000030
42017  48.604  -49.296  -16.029 0.2000000030
42018  47.701  -49.434  -15.525 0.2000000030
42025  49.237  -49.447  -16.874 0.2000000030
43370  47.026  -48.454  -15.166 0.2000000030
43379  48.783  -48.830  -16.607 0.1000000015
43368  48.523  -48.562  -16.145 0.1000000015
43369  48.143  -48.460  -15.728 0.1000000015
43400  48.576  -48.584  -17.043 0.1000000015
44714  47.028  -47.121  -15.135 0.1000000015
44712  48.234  -47.774  -16.142 0.1000000015
44728  48.111  -47.718  -16.508 0.1000000015
43401  47.493  -48.501  -17.044 0.1000000015
47283  50.229  -45.640  -12.483 0.1000000015
48459  51.676  -44.681  -12.797 0.1000000015
47282  51.479  -45.857  -12.796 0.1000000015
44697  45.314  -47.402  -14.295 0.1000000015
44696  46.214  -47.743  -14.711 0.1000000015
44713  47.831  -47.440  -15.621 0.1000000015
46080  47.688  -46.391  -15.564 0.1000000015
44747  47.677  -47.571  -16.835 0.1000000015
46119  47.747  -46.626  -16.746 0.1000000015
48460  50.836  -44.693  -12.587 0.1000000015
47284  49.119  -45.496  -12.088 0.1000000015
47339  47.260  -45.484  -15.611 0.1000000015
47340  46.365  -45.480  -15.169 0.1000000015
47338  48.046  -45.576  -15.897 0.1000000015
46079  48.194  -46.546  -15.946 0.1000000015
47352  48.140  -45.527  -16.516 0.1000000015
48559  48.198  -45.235  -17.405 0.1000000015
47372  48.065  -45.695  -16.865 0.1000000015
46097  48.046  -46.638  -16.328 0.1000000015
48461  49.836  -44.583  -12.307 0.1000000015
47328  45.651  -45.477  -14.514 0.1000000015
48558  48.696  -44.808  -17.328 0.1000000015
48500  45.532  -44.546  -14.138 0.1000000015
43378  49.106  -49.154  -16.773 0.1000000015
30218  44.307  -58.964  -24.712 0.1000000015
28810  43.613  -59.698  -25.340 0.1000000015
28809  44.387  -59.418  -25.562 0.1000000015
24588  42.233  -62.171  -27.156 0.1000000015
24621  41.741  -62.583  -27.666 0.1000000015
22086  40.829  -64.126  -28.542 0.1000000015
30176  46.484  -58.183  -23.041 0.1000000015
30177  45.954  -58.270  -22.976 0.1000000015
27399  42.838  -60.849  -26.287 0.1000000015
27398  43.689  -60.623  -26.608 0.1000000015
30178  44.952  -58.375  -22.932 0.1000000015
31511  46.824  -57.530  -21.501 0.1000000015
32809  48.022  -56.600  -20.994 0.1000000015
31541  47.486  -57.670  -22.514 0.1000000015
30236  44.798  -59.105  -25.380 0.1000000015
28811  42.827  -59.980  -25.021 0.1000000015
34059  48.635  -55.651  -20.551 0.1000000015
34058  49.221  -55.051  -21.013 0.1000000015
30219  43.680  -59.028  -24.353 0.1000000015
31512  45.716  -57.675  -21.445 0.1000000015
30201  43.400  -58.861  -23.844 0.1000000015
31543  45.330  -58.035  -22.236 0.1000000015
31544  44.232  -57.980  -22.208 0.1000000015
31542  46.490  -58.019  -22.494 0.1000000015
22087  39.811  -64.884  -28.600 0.1000000015
10645  35.331  -73.212  -15.901 0.1000000015
10646  34.910  -73.299  -15.931 0.1000000015
10662  35.273  -73.222  -16.125 0.1000000015
11756  35.779  -73.010  -15.900 0.1000000015
11769  34.706  -73.068  -16.704 0.1000000015
12929  36.705  -71.412  -15.681 0.1000000015
12937  36.754  -71.688  -15.690 0.1000000015
12938  36.221  -72.098  -15.747 0.1000000015
12939  35.395  -72.518  -15.617 0.1000000015
14168  38.514  -70.426  -15.682 0.1000000015
14169  37.818  -70.588  -15.493 0.1000000015
14182  38.549  -70.502  -15.943 0.1000000015
14184  37.045  -70.974  -15.747 0.1000000015
14200  38.350  -70.521  -16.101 0.1000000015
14201  38.068  -70.578  -16.068 0.1000000015
14204  35.089  -71.196  -16.847 0.1000000015
15392  40.785  -69.216  -15.336 0.1000000015
15393  40.399  -69.353  -15.341 0.1000000015
15395  38.561  -69.719  -16.154 0.1000000015
15396  37.755  -69.605  -16.216 0.1000000015
16609  41.443  -69.155  -12.639 0.1000000015
16684  41.138  -69.046  -15.243 0.1000000015
18044  39.686  -68.343  -13.288 0.1000000015
18071  41.147  -68.582  -15.330 0.1000000015
18076  35.340  -67.827  -15.701 0.1000000015
19300  41.146  -66.815  -12.066 0.1000000015
19303  39.336  -66.298  -13.301 0.1000000015
19346  39.195  -67.166  -15.328 0.1000000015
19347  38.122  -67.011  -15.362 0.1000000015
19348  37.005  -67.010  -15.285 0.1000000015
19351  33.329  -66.953  -15.777 0.1000000015
20542  38.534  -65.119  -11.077 0.1000000015
20556  36.703  -64.952  -12.382 0.1000000015
20568  39.297  -66.180  -12.795 0.1000000015
20581  38.405  -65.896  -14.079 0.1000000015
20585  34.878  -65.031  -13.880 0.1000000015
20605  34.710  -65.449  -14.337 0.1000000015
20607  32.436  -65.348  -14.796 0.1000000015
20608  31.892  -65.131  -14.962 0.1000000015
20621  33.275  -66.212  -15.308 0.1000000015
20630  32.152  -66.164  -15.880 0.1000000015
20632  30.839  -65.408  -16.940 0.1000000015
20639  30.790  -65.474  -17.626 0.1000000015
20646  30.435  -65.436  -19.324 0.1000000015
21829  51.132  -64.173  -11.964 0.1000000015
21864  36.673  -65.177  -13.776 0.1000000015
21902  30.809  -64.838  -17.943 0.1000000015
21933  30.864  -64.765  -19.735 0.1000000015
21958  31.416  -64.381  -20.328 0.1000000015
23050  52.428  -62.512  -9.420 0.1000000015
23051  52.143  -62.665  -9.592 0.1000000015
23059  34.885  -62.448  -9.554 0.1000000015
23072  52.341  -62.548  -9.630 0.2000000030
23077  37.299  -63.786  -10.014 0.1000000015
23109  34.266  -63.699  -11.967 0.1000000015
23131  45.615  -62.674  -15.336 0.1000000015
23186  32.448  -62.917  -18.729 0.1000000015
23203  36.298  -62.933  -20.069 0.1000000015
23224  34.264  -63.548  -20.253 0.1000000015
23226  32.152  -63.577  -20.105 0.1000000015
24279  52.829  -62.334  -8.932 0.1000000015
24281  51.817  -62.165  -8.611 0.1000000015
24299  52.982  -62.354  -9.193 0.1000000015
24300  52.736  -62.365  -9.223 0.1000000015
24301  52.228  -62.556  -9.227 0.1000000015
24310  34.787  -61.898  -9.310 0.1000000015
24327  34.419  -62.262  -9.761 0.1000000015
24329  33.261  -61.984  -10.698 0.1000000015
24341  33.044  -62.133  -11.258 0.1000000015
24365  48.898  -62.204  -13.750 0.3000000119
24369  32.268  -62.397  -12.918 0.1000000015
24391  44.331  -61.965  -15.200 0.1000000015
24412  44.223  -62.142  -15.616 0.1000000015
24429  52.119  -62.001  -17.451 0.2000000030
24435  44.443  -62.312  -16.101 0.1000000015
24451  52.407  -62.104  -17.830 0.2000000030
24457  31.691  -62.716  -17.589 0.1000000015
24472  33.618  -62.124  -18.681 0.1000000015
24473  32.696  -62.453  -18.450 0.1000000015
24474  32.082  -62.621  -18.101 0.1000000015
24482  52.558  -62.059  -18.506 0.2000000030
24483  52.007  -62.456  -18.877 0.2000000030
24486  37.079  -62.305  -20.068 0.1000000015
24490  33.716  -62.539  -19.057 0.1000000015
24502  37.307  -62.606  -20.275 0.1000000015
24536  50.045  -62.744  -23.523 0.2000000030
24545  49.114  -62.852  -24.571 0.1000000015
25657  53.011  -62.124  -8.906 0.1000000015
25658  52.778  -61.978  -8.706 0.1000000015
25687  52.917  -62.095  -9.290 0.2000000030
25702  53.000  -61.689  -9.256 0.1000000015
25709  33.477  -61.307  -10.498 0.1000000015
25710  33.054  -61.585  -10.987 0.1000000015
25732  46.680  -61.302  -12.327 0.1000000015
25777  42.363  -61.114  -15.157 0.1000000015
25779  31.656  -61.935  -14.279 0.1000000015
25791  43.992  -61.871  -15.310 0.1000000015
25793  42.400  -61.208  -15.543 0.1000000015
25796  31.659  -62.035  -15.000 0.1000000015
25817  31.614  -62.082  -15.963 0.1000000015
25826  52.292  -61.576  -17.862 0.2000000030
25833  44.270  -61.439  -16.823 0.1000000015
25834  33.791  -60.971  -17.919 0.1000000015
25835  33.146  -61.279  -17.543 0.1000000015
25847  36.202  -60.964  -19.112 0.1000000015
25855  52.088  -61.640  -19.412 0.2000000030
25864  36.320  -61.378  -19.428 0.1000000015
25865  35.234  -61.652  -19.194 0.1000000015
25885  38.029  -62.065  -20.454 0.1000000015
25951  50.200  -61.372  -24.393 0.1000000015
25992  42.548  -61.533  -26.711 0.1000000015
27030  46.800  -60.128  -6.891 0.1000000015
27059  53.026  -61.634  -8.899 0.1000000015
27093  35.188  -60.418  -9.168 0.1000000015
27114  33.675  -60.433  -10.820 0.1000000015
27139  33.054  -60.158  -12.652 0.1000000015
27158  43.492  -60.046  -14.089 0.1000000015
27160  32.246  -60.826  -13.572 0.1000000015
27174  43.929  -60.880  -14.390 0.1000000015
27176  42.180  -60.630  -14.930 0.1000000015
27178  40.106  -59.966  -15.065 0.1000000015
27190  42.141  -60.969  -15.291 0.1000000015
27205  42.649  -60.837  -16.579 0.1000000015
27209  33.994  -59.903  -16.785 0.1000000015
27222  52.153  -61.210  -18.042 0.2000000030
27227  44.444  -60.861  -17.843 0.1000000015
27229  42.797  -60.469  -17.420 0.1000000015
27245  52.264  -61.205  -18.335 0.2000000030
27247  51.568  -60.626  -18.230 0.2000000030
27254  38.958  -60.249  -19.087 0.1000000015
27258  34.923  -60.437  -18.228 0.1000000015
27267  52.335  -60.851  -18.994 0.2000000030
27270  43.526  -60.760  -19.443 0.1000000015
27273  40.428  -60.667  -19.645 0.1000000015
27274  39.286  -60.960  -19.965 0.1000000015
27333  51.089  -60.668  -23.049 0.1000000015
27334  50.616  -60.196  -23.365 0.1000000015
27377  44.103  -60.090  -26.058 0.1000000015
27378  43.279  -60.353  -25.742 0.1000000015
28463  49.669  -59.146  -7.981 0.2000000030
28464  49.062  -59.495  -7.839 0.1000000015
28489  35.654  -59.608  -8.906 0.1000000015
28583  44.906  -59.496  -12.885 0.1000000015
28591  33.414  -59.759  -13.322 0.1000000015
28609  42.598  -59.891  -14.358 0.1000000015
28614  37.384  -58.782  -14.953 0.1000000015
28634  36.670  -58.814  -15.701 0.1000000015
28637  33.509  -59.626  -15.015 0.1000000015
28661  33.719  -59.739  -15.903 0.1000000015
28691  51.971  -60.153  -18.833 0.1000000015
28693  51.111  -60.020  -18.422 0.1000000015
28694  49.504  -59.462  -18.188 0.1000000015
28702  35.912  -59.790  -17.978 0.1000000015
28710  51.684  -59.803  -19.883 0.1000000015
28719  50.762  -59.275  -21.071 0.1000000015
28734  49.777  -59.145  -22.868 0.1000000015
28753  43.163  -59.168  -24.073 0.1000000015
28778  50.051  -59.793  -23.818 0.1000000015
28781  43.894  -59.308  -25.042 0.1000000015
28782  43.331  -59.329  -24.506 0.1000000015
29919  49.282  -58.751  -7.890 0.1000000015
29982  35.267  -58.225  -10.767 0.1000000015
30001  36.286  -57.856  -11.896 0.1000000015
30017  44.781  -58.738  -12.176 0.1000000015
30021  41.542  -57.993  -13.117 0.1000000015
30023  39.887  -58.135  -13.292 0.1000000015
30026  36.651  -58.131  -12.472 0.1000000015
30046  45.530  -57.459  -13.777 0.3000000119
30047  42.816  -58.540  -13.221 0.1000000015
30050  40.358  -58.586  -13.671 0.1000000015
30056  34.906  -58.712  -13.704 0.1000000015
30079  35.243  -58.523  -14.306 0.1000000015
30096  36.534  -58.628  -15.218 0.1000000015
30113  35.903  -58.717  -15.776 0.1000000015
30120  51.346  -58.731  -18.590 0.1000000015
30134  49.554  -59.079  -18.347 0.1000000015
30140  51.450  -58.787  -20.078 0.1000000015
30147  50.498  -58.503  -21.125 0.1000000015
30155  50.013  -58.534  -21.856 0.1000000015
30175  49.482  -58.356  -22.794 0.1000000015
30179  43.841  -58.386  -22.951 0.1000000015
30199  45.681  -58.410  -23.683 0.1000000015
30200  44.602  -58.580  -23.775 0.1000000015
30217  45.438  -58.641  -24.516 0.1000000015
30235  45.338  -58.923  -25.306 0.1000000015
31288  43.687  -57.803  -8.054 0.1000000015
31302  36.189  -57.516  -9.671 0.1000000015
31317  43.100  -56.951  -10.978 0.1000000015
31338  46.487  -56.661  -11.842 0.4000000060
31342  42.062  -57.064  -12.052 0.1000000015
31345  36.772  -57.429  -11.642 0.1000000015
31364  43.270  -57.612  -12.118 0.1000000015
31369  38.496  -57.287  -12.388 0.1000000015
31370  37.605  -57.523  -12.274 0.1000000015
31390  45.720  -57.413  -13.358 0.4000000060
31415  44.867  -56.749  -14.482 0.3000000119
31431  45.155  -56.972  -15.162 0.3000000119
31487  47.694  -56.702  -20.936 0.2000000030
31510  47.912  -57.067  -21.565 0.1000000015
31569  46.731  -58.127  -23.101 0.1000000015
32596  43.094  -57.316  -8.240 0.1000000015
32629  42.274  -56.266  -10.822 0.1000000015
32650  45.796  -55.908  -11.959 0.4000000060
32680  44.644  -55.684  -12.995 0.5000000000
32684  38.624  -56.684  -11.871 0.1000000015
32702  45.049  -56.581  -13.440 0.4000000060
32719  45.051  -56.853  -13.859 0.4000000060
32730  44.838  -56.480  -14.652 0.3000000119
32760  45.265  -56.223  -19.053 0.1000000015
32771  45.866  -56.700  -19.744 0.2000000030
32784  50.952  -57.036  -20.255 0.1000000015
32786  48.398  -56.099  -20.653 0.1000000015
32787  47.771  -56.260  -20.333 0.2000000030
32788  46.627  -56.711  -20.125 0.2000000030
32789  46.163  -56.855  -20.098 0.2000000030
33827  39.447  -55.080  -8.460 0.1000000015
33848  38.018  -55.581  -9.224 0.1000000015
33862  41.755  -55.942  -10.670 0.1000000015
33863  40.898  -55.630  -10.462 0.1000000015
33887  46.940  -55.309  -11.584 0.4000000060
33890  41.602  -56.065  -11.093 0.1000000015
33920  45.092  -55.339  -12.220 0.4000000060
33921  44.703  -55.317  -12.627 0.4000000060
33940  54.003  -54.916  -13.252 0.5000000000
33958  44.980  -55.056  -14.736 0.4000000060
33959  44.510  -55.218  -14.344 0.4000000060
33960  44.112  -54.357  -14.172 0.4000000060
33970  45.833  -55.274  -15.522 0.3000000119
34017  47.396  -55.086  -19.001 0.2000000030
34041  50.846  -56.083  -20.216 0.2000000030
34042  48.466  -55.186  -19.872 0.2000000030
34044  47.171  -55.674  -19.285 0.2000000030
34060  48.169  -55.690  -20.064 0.2000000030
34074  48.966  -55.569  -21.118 0.1000000015
35073  49.265  -55.016  -8.962 0.4000000060
35094  51.325  -55.208  -10.098 0.5000000000
35138  44.630  -53.777  -11.972 0.4000000060
35189  44.055  -54.175  -13.322 0.5000000000
35190  43.848  -53.933  -13.873 0.4000000060
35206  44.027  -53.772  -14.193 0.4000000060
35238  46.892  -54.557  -16.241 0.2000000030
35256  46.307  -54.214  -17.817 0.1000000015
35280  51.001  -54.132  -18.604 0.3000000119
35306  48.103  -54.892  -19.370 0.2000000030
35328  51.319  -54.295  -20.115 0.1000000015
35330  49.816  -54.245  -20.544 0.1000000015
35331  48.962  -54.826  -20.377 0.2000000030
36375  40.920  -53.112  -6.296 0.1000000015
36442  44.466  -53.092  -11.877 0.4000000060
36462  43.629  -53.054  -12.785 0.4000000060
36565  51.365  -53.326  -19.087 0.2000000030
36568  47.675  -53.719  -18.353 0.2000000030
36583  50.490  -53.235  -19.784 0.1000000015
36584  49.670  -53.468  -19.838 0.2000000030
36604  51.142  -53.924  -20.250 0.1000000015
37702  42.735  -52.531  -7.880 0.1000000015
37704  41.514  -52.502  -7.153 0.1000000015
37713  42.646  -51.996  -8.023 0.1000000015
37746  47.766  -53.041  -11.675 0.4000000060
37749  44.673  -52.425  -11.685 0.4000000060
37750  44.055  -52.503  -11.989 0.4000000060
37765  43.693  -52.484  -12.456 0.4000000060
37782  43.598  -52.548  -13.605 0.4000000060
37796  44.832  -52.352  -14.383 0.3000000119
37814  48.074  -52.580  -16.165 0.2000000030
37832  45.932  -52.152  -16.688 0.1000000015
37872  49.831  -52.014  -19.232 0.3000000119
37873  49.142  -52.375  -18.929 0.3000000119
37889  49.475  -52.885  -19.421 0.2000000030
39096  42.268  -51.236  -7.543 0.1000000015
39143  43.730  -51.128  -12.029 0.4000000060
39160  43.664  -51.530  -12.509 0.3000000119
39173  44.135  -51.068  -13.825 0.2000000030
39188  44.026  -51.561  -13.921 0.3000000119
39202  48.715  -50.856  -16.361 0.2000000030
39218  48.521  -51.655  -16.333 0.3000000119
39277  51.162  -52.022  -19.197 0.1000000015
39278  50.597  -51.937  -19.253 0.3000000119
39279  50.140  -51.927  -19.270 0.2000000030
40489  42.358  -50.489  -7.466 0.1000000015
40514  50.995  -50.304  -10.701 0.1000000015
40536  43.878  -50.919  -11.866 0.4000000060
40656  50.287  -51.208  -18.496 0.3000000119
41884  41.849  -49.915  -6.790 0.1000000015
41961  48.380  -49.116  -12.193 0.3000000119
41962  44.248  -49.481  -11.912 0.4000000060
41963  43.910  -49.589  -12.337 0.3000000119
41980  43.696  -49.850  -12.714 0.2000000030
43219  42.639  -49.089  -6.834 0.1000000015
43241  42.722  -49.231  -7.259 0.2000000030
43289  51.189  -48.686  -10.871 0.1000000015
43290  48.209  -48.031  -11.879 0.2000000030
43293  45.367  -48.450  -11.462 0.4000000060
43310  43.914  -49.226  -12.447 0.3000000119
43326  44.063  -48.481  -12.914 0.2000000030
44555  44.930  -47.632  -6.865 0.1000000015
44630  51.301  -47.202  -10.968 0.1000000015
44645  48.288  -47.446  -11.827 0.2000000030
44646  47.764  -47.454  -11.684 0.2000000030
46010  52.491  -46.590  -11.406 0.1000000015
46030  44.568  -46.469  -12.680 0.2000000030
46045  44.617  -46.484  -13.359 0.2000000030
46067  44.870  -46.263  -13.733 0.2000000030
46081  46.865  -46.215  -15.342 0.1000000015
47220  50.711  -45.824  -9.369 0.1000000015
47240  50.887  -45.729  -9.925 0.1000000015
47266  46.064  -45.511  -11.649 0.1000000015
47285  48.688  -45.806  -12.048 0.2000000030
47329  45.100  -45.492  -13.730 0.2000000030
48515  46.638  -44.591  -15.493 0.1000000015
49635  46.422  -44.180  -11.941 0.1000000015
