#!ascii label  , from subject S5_07 vox2ras=TkReg
194
35095  50.840  -55.042  -9.904 0.0000000000
28557  47.841  -59.542  -12.319 0.0000000000
29941  51.207  -58.792  -8.369 0.0000000000
31332  52.806  -57.621  -11.819 0.0000000000
24336  51.141  -62.844  -11.067 0.0000000000
28503  53.230  -60.280  -9.288 0.0000000000
23074  51.020  -63.524  -10.418 0.0000000000
29978  49.993  -58.912  -10.884 0.0000000000
33917  50.781  -55.481  -12.314 0.0000000000
32590  51.160  -57.004  -8.887 0.0000000000
31297  53.552  -58.043  -10.156 0.0000000000
28524  52.073  -59.950  -10.445 0.0000000000
25716  49.115  -61.335  -11.817 0.0000000000
24386  49.949  -63.277  -14.076 0.0000000000
36402  48.039  -53.280  -9.367 0.0000000000
33818  48.298  -55.575  -8.525 0.0000000000
31260  48.358  -58.041  -7.776 0.0000000000
33915  53.313  -55.505  -12.887 0.0000000000
24302  51.425  -62.557  -9.087 0.0000000000
28539  48.540  -59.559  -11.578 0.0000000000
29996  48.640  -58.349  -11.190 0.0000000000
31283  51.934  -57.949  -8.724 0.0000000000
31282  52.473  -58.330  -8.847 0.0000000000
25704  52.247  -61.736  -10.119 0.0000000000
27107  52.818  -60.859  -9.963 0.0000000000
25705  51.450  -61.765  -10.581 0.0000000000
27110  50.320  -60.754  -10.721 0.0000000000
24337  50.526  -62.461  -11.550 0.0000000000
24387  49.351  -62.487  -14.291 0.0000000000
32594  46.562  -56.238  -8.233 0.0000000000
32592  48.701  -56.817  -8.297 0.0000000000
32566  46.877  -57.169  -7.652 0.0000000000
31330  54.091  -57.043  -11.523 0.0000000000
32675  52.699  -56.668  -12.258 0.0000000000
35166  49.337  -54.265  -12.183 0.0000000000
35165  50.293  -54.334  -12.413 0.0000000000
28481  51.571  -59.863  -8.426 0.0000000000
29939  53.148  -59.714  -8.896 0.0000000000
27061  51.869  -60.940  -8.534 0.0000000000
25686  53.113  -62.080  -9.062 0.0000000000
24335  51.569  -62.991  -10.500 0.0000000000
29994  50.837  -58.265  -11.170 0.0000000000
32644  51.561  -56.942  -11.852 0.0000000000
31334  50.667  -57.462  -11.446 0.0000000000
33885  48.965  -55.622  -11.776 0.0000000000
27154  47.418  -60.015  -13.705 0.0000000000
32611  51.116  -56.258  -9.314 0.0000000000
32608  53.656  -57.454  -10.656 0.0000000000
29991  53.430  -58.383  -10.827 0.0000000000
29954  53.423  -59.097  -9.525 0.0000000000
28536  53.435  -59.152  -10.477 0.0000000000
29992  52.960  -58.592  -11.229 0.0000000000
29977  50.958  -59.014  -10.769 0.0000000000
28538  49.162  -60.036  -11.256 0.0000000000
27119  48.722  -60.616  -11.821 0.0000000000
24363  50.317  -63.312  -12.783 0.0000000000
24364  49.634  -62.456  -13.249 0.0000000000
25748  49.039  -61.808  -13.159 0.0000000000
25749  48.401  -61.394  -13.762 0.0000000000
36400  49.395  -53.730  -9.894 0.0000000000
35096  49.619  -54.689  -9.431 0.0000000000
35075  47.860  -54.606  -8.668 0.0000000000
33842  49.946  -55.504  -9.142 0.0000000000
33816  50.358  -56.102  -8.959 0.0000000000
32591  49.953  -56.850  -8.552 0.0000000000
29943  49.597  -58.563  -8.051 0.0000000000
29920  48.592  -58.885  -7.688 0.0000000000
28483  49.580  -59.620  -8.094 0.0000000000
33916  52.088  -55.507  -12.635 0.0000000000
35110  51.710  -54.804  -10.497 0.0000000000
28540  47.892  -58.994  -11.741 0.0000000000
29940  52.444  -58.981  -8.698 0.0000000000
24323  51.765  -62.427  -10.433 0.0000000000
25714  50.765  -62.048  -11.119 0.0000000000
24431  50.732  -63.048  -16.201 0.0000000000
31331  53.647  -57.578  -11.477 0.0000000000
31359  53.494  -57.108  -12.056 0.0000000000
31360  53.072  -57.172  -12.051 0.0000000000
36459  49.714  -53.409  -12.296 0.0000000000
25660  51.271  -61.711  -8.579 0.0000000000
23053  50.951  -63.197  -9.828 0.0000000000
24280  52.275  -62.301  -8.753 0.0000000000
24278  53.095  -62.291  -8.979 0.0000000000
24321  52.619  -62.310  -9.492 0.0000000000
23073  51.643  -63.117  -10.241 0.0000000000
29995  49.802  -58.175  -11.075 0.0000000000
32646  49.239  -56.474  -11.542 0.0000000000
33919  48.840  -54.839  -12.017 0.0000000000
32610  52.099  -56.908  -9.440 0.0000000000
31314  53.707  -57.587  -10.961 0.0000000000
28523  52.936  -59.853  -10.386 0.0000000000
29975  52.743  -59.334  -10.772 0.0000000000
28537  53.214  -59.071  -10.774 0.0000000000
29976  51.997  -59.162  -10.779 0.0000000000
28525  51.077  -59.885  -10.536 0.0000000000
25715  49.968  -61.691  -11.429 0.0000000000
27118  49.448  -60.739  -11.224 0.0000000000
20637  50.154  -65.260  -16.511 0.0000000000
23128  50.332  -64.232  -14.537 0.0000000000
21877  50.661  -64.702  -15.461 0.0000000000
24410  49.109  -62.327  -14.904 0.0000000000
24388  48.741  -62.074  -14.505 0.0000000000
25773  48.447  -61.476  -14.797 0.0000000000
37719  49.115  -52.958  -10.129 0.0000000000
36401  48.822  -53.636  -9.505 0.0000000000
33819  47.252  -55.425  -8.538 0.0000000000
35074  48.824  -54.796  -8.848 0.0000000000
33817  49.402  -55.612  -8.737 0.0000000000
32564  48.411  -57.402  -7.990 0.0000000000
31286  48.704  -57.539  -8.061 0.0000000000
31285  49.358  -57.943  -8.144 0.0000000000
28466  47.187  -59.712  -7.042 0.0000000000
28465  48.174  -59.651  -7.604 0.0000000000
32677  50.913  -56.041  -12.123 0.0000000000
32676  51.430  -56.191  -12.202 0.0000000000
35164  51.603  -54.307  -12.769 0.0000000000
29979  49.178  -58.875  -10.905 0.0000000000
32589  51.872  -57.349  -9.034 0.0000000000
31299  52.228  -57.561  -9.077 0.0000000000
31298  52.827  -58.107  -9.248 0.0000000000
27106  52.971  -60.951  -9.468 0.0000000000
27108  52.171  -60.829  -10.208 0.0000000000
27109  51.285  -60.777  -10.488 0.0000000000
25706  50.700  -61.441  -10.799 0.0000000000
24408  50.190  -63.361  -15.297 0.0000000000
24409  49.625  -62.560  -15.290 0.0000000000
32593  47.593  -56.429  -8.258 0.0000000000
32565  47.887  -57.291  -7.842 0.0000000000
32674  53.778  -56.302  -12.363 0.0000000000
33918  49.634  -55.096  -12.277 0.0000000000
36458  50.700  -53.361  -12.569 0.0000000000
28482  50.317  -59.576  -8.250 0.0000000000
28480  52.566  -60.246  -8.601 0.0000000000
28479  53.010  -60.741  -8.924 0.0000000000
27060  52.637  -61.249  -8.719 0.0000000000
27090  53.033  -61.263  -9.123 0.0000000000
25703  52.716  -61.778  -9.607 0.0000000000
24322  52.241  -62.515  -10.016 0.0000000000
31333  51.692  -57.686  -11.618 0.0000000000
32643  52.240  -57.241  -11.879 0.0000000000
32645  50.504  -56.457  -11.833 0.0000000000
31335  49.544  -57.351  -11.317 0.0000000000
33884  49.824  -55.823  -11.973 0.0000000000
35167  48.809  -54.273  -12.015 0.0000000000
27136  47.431  -59.695  -12.924 0.0000000000
33841  50.538  -55.559  -9.431 0.0000000000
33860  52.123  -55.569  -10.304 0.0000000000
33840  51.514  -55.705  -9.885 0.0000000000
28522  53.322  -59.842  -9.938 0.0000000000
29974  53.604  -58.664  -10.323 0.0000000000
29993  51.915  -58.406  -11.275 0.0000000000
28526  49.970  -59.815  -10.753 0.0000000000
28527  49.310  -59.446  -10.960 0.0000000000
27135  47.963  -60.447  -12.761 0.0000000000
23091  51.260  -63.689  -11.259 0.0000000000
20627  50.519  -65.170  -15.866 0.0000000000
23106  51.099  -63.908  -12.151 0.0000000000
24348  50.678  -63.192  -11.844 0.0000000000
24349  50.071  -62.501  -12.215 0.0000000000
25729  49.426  -61.833  -12.425 0.0000000000
25730  48.709  -61.291  -12.597 0.0000000000
27153  47.797  -60.665  -13.911 0.0000000000
36418  49.976  -53.281  -10.328 0.0000000000
35112  49.753  -54.048  -10.089 0.0000000000
35076  46.907  -54.423  -8.513 0.0000000000
36384  48.288  -54.053  -9.099 0.0000000000
35097  48.870  -54.302  -9.203 0.0000000000
31284  50.633  -57.849  -8.467 0.0000000000
29942  50.075  -58.662  -8.152 0.0000000000
31259  48.908  -58.404  -7.854 0.0000000000
29918  49.661  -58.789  -7.996 0.0000000000
35163  52.625  -54.752  -13.067 0.0000000000
20636  50.407  -65.147  -16.275 0.0000000000
23050  52.428  -62.512  -9.420 0.0000000000
23051  52.143  -62.665  -9.592 0.0000000000
23052  51.598  -62.973  -9.752 0.0000000000
23072  52.341  -62.548  -9.630 0.0000000000
24279  52.829  -62.334  -8.932 0.0000000000
24281  51.817  -62.165  -8.611 0.0000000000
24299  52.982  -62.354  -9.193 0.0000000000
24300  52.736  -62.365  -9.223 0.0000000000
24301  52.228  -62.556  -9.227 0.0000000000
24365  48.898  -62.204  -13.750 0.0000000000
24432  50.168  -62.736  -15.805 0.0000000000
25657  53.011  -62.124  -8.906 0.0000000000
25658  52.778  -61.978  -8.706 0.0000000000
25687  52.917  -62.095  -9.290 0.0000000000
25702  53.000  -61.689  -9.256 0.0000000000
27059  53.026  -61.634  -8.899 0.0000000000
28463  49.669  -59.146  -7.981 0.0000000000
28464  49.062  -59.495  -7.839 0.0000000000
29919  49.282  -58.751  -7.890 0.0000000000
35073  49.265  -55.016  -8.962 0.0000000000
35094  51.325  -55.208  -10.098 0.0000000000
