#!ascii label  , from subject S5_07 vox2ras=TkReg
690
79051  22.524  -18.497  -17.175 0.1428571492
79038  21.485  -18.611  -16.331 0.1428571492
81269  22.051  -16.742  -16.647 0.1428571492
79050  23.234  -18.508  -17.702 0.1428571492
80131  22.779  -17.751  -17.320 0.2857142985
80113  22.055  -17.690  -16.667 0.1428571492
79066  23.754  -18.102  -18.153 0.1428571492
82535  22.433  -15.497  -17.256 0.5714285970
81289  23.294  -16.558  -17.890 0.1428571492
82553  24.460  -15.421  -18.748 0.2857142985
81310  24.814  -16.445  -18.530 0.2857142985
83809  25.728  -14.767  -18.797 0.1428571492
82552  25.201  -15.450  -18.870 0.2857142985
85034  26.472  -13.312  -20.023 0.2857142985
85057  25.436  -13.432  -20.266 0.1428571492
83853  24.862  -13.934  -20.052 0.2857142985
87414  26.678  -11.752  -21.301 0.2857142985
86210  27.027  -12.774  -20.215 0.2857142985
88556  26.425  -10.558  -20.872 0.2857142985
87435  26.221  -11.378  -21.200 0.2857142985
89592  26.791  -9.389  -20.496 0.2857142985
91811  26.319  -7.551  -20.013 0.8571428657
90676  27.193  -8.697  -20.483 0.4285714328
88554  27.561  -10.171  -21.186 0.2857142985
92934  26.504  -6.420  -20.137 0.7142857313
91809  28.386  -7.573  -21.013 0.7142857313
91810  27.445  -7.581  -20.314 0.7142857313
91792  25.753  -7.919  -19.801 0.7142857313
92932  28.443  -6.376  -20.602 0.8571428657
92933  27.595  -6.475  -20.225 0.5714285970
94060  25.525  -5.354  -20.483 0.8571428657
92935  25.447  -6.404  -20.280 0.7142857313
94037  28.943  -4.843  -19.541 0.4285714328
94058  27.794  -5.570  -19.960 0.7142857313
94059  26.634  -5.164  -20.082 0.8571428657
96121  29.711  -3.570  -19.182 0.2857142985
96122  28.561  -3.301  -18.956 0.5714285970
95099  26.970  -4.044  -19.692 0.8571428657
95097  28.311  -4.145  -19.213 0.7142857313
94040  26.808  -4.490  -19.851 0.8571428657
98215  30.220  -2.290  -18.997 0.1428571492
97148  30.814  -2.928  -19.940 0.1428571492
96105  29.154  -3.035  -18.743 0.4285714328
96123  27.588  -3.277  -19.555 0.5714285970
96124  27.230  -3.660  -19.668 0.8571428657
99225  31.019  -0.784  -18.605 0.1428571492
98214  30.957  -1.827  -19.569 0.1428571492
98201  29.784  -1.720  -18.558 0.1428571492
97134  29.031  -2.435  -18.587 0.4285714328
96141  27.151  -2.825  -19.902 0.8571428657
100217  31.391  0.591  -18.525 0.1428571492
100234  31.376  -0.049  -18.668 0.1428571492
100218  30.818  0.211  -18.079 0.1428571492
98200  30.516  -1.321  -18.623 0.1428571492
99210  29.117  -0.610  -18.230 0.4285714328
98216  27.820  -1.906  -18.752 0.5714285970
97152  27.120  -2.072  -19.569 0.7142857313
97192  25.717  -2.301  -21.104 0.8571428657
101263  30.474  1.147  -17.635 0.1428571492
100219  29.743  0.358  -17.710 0.1428571492
98217  27.288  -1.505  -19.209 0.8571428657
97173  26.767  -2.294  -19.959 0.8571428657
98234  26.247  -1.580  -20.232 0.8571428657
102363  31.809  2.159  -18.699 0.1428571492
102364  30.917  2.247  -17.584 0.2857142985
100206  28.841  1.161  -17.647 0.8571428657
99211  28.041  -0.561  -18.429 0.8571428657
98203  27.748  -1.261  -18.703 0.7142857313
100235  26.904  -0.150  -19.234 0.8571428657
103446  31.105  3.306  -17.107 0.1428571492
104505  31.400  4.030  -17.500 0.1428571492
102349  30.148  2.628  -16.835 0.4285714328
102366  27.882  1.957  -17.547 0.8571428657
101265  27.628  1.240  -17.897 0.8571428657
100221  27.215  0.338  -18.632 0.8571428657
100236  26.186  0.330  -19.640 0.8571428657
102348  30.722  2.962  -16.843 0.4285714328
101266  26.817  1.363  -18.404 0.8571428657
101278  26.091  1.411  -18.926 0.8571428657
104489  31.408  4.756  -17.454 0.2857142985
103430  30.347  3.406  -16.651 0.5714285970
103431  29.271  3.389  -16.639 0.8571428657
102351  27.619  2.695  -17.379 0.8571428657
102368  26.435  2.454  -18.470 0.8571428657
102352  26.960  2.863  -17.802 0.8571428657
102381  25.665  2.347  -19.158 0.8571428657
105582  31.155  5.408  -17.102 0.2857142985
105583  30.428  5.322  -16.645 0.7142857313
104491  29.796  4.438  -16.508 0.5714285970
104492  28.657  4.492  -16.634 0.8571428657
103433  27.201  3.580  -17.396 0.8571428657
104506  25.975  4.534  -18.183 0.8571428657
105569  28.865  5.324  -16.435 0.8571428657
106654  28.136  5.667  -16.596 0.8571428657
104494  26.753  4.504  -17.559 0.8571428657
105598  26.472  5.468  -17.926 0.7142857313
106652  29.117  5.744  -16.413 0.8571428657
106667  27.749  6.148  -16.771 0.8571428657
105586  27.212  5.391  -17.236 0.8571428657
106668  26.845  6.448  -17.654 0.8571428657
107673  27.187  7.414  -17.056 0.8571428657
108607  30.593  9.105  -16.758 0.7142857313
108617  28.862  7.915  -17.029 0.8571428657
108608  29.154  8.488  -16.984 0.8571428657
108609  27.752  9.061  -16.547 0.8571428657
110486  28.585  10.537  -16.668 0.7142857313
107665  27.437  8.022  -16.734 0.8571428657
111462  31.567  11.496  -19.947 0.1428571492
109547  28.748  9.909  -16.640 0.8571428657
110485  29.527  10.476  -16.666 0.7142857313
111416  29.284  11.252  -16.629 0.7142857313
109548  27.816  9.720  -16.692 0.8571428657
113355  31.308  13.436  -20.532 0.1428571492
112398  30.714  11.987  -17.501 0.5714285970
113324  30.455  12.954  -17.610 0.5714285970
113325  29.794  13.562  -17.361 0.5714285970
113341  30.676  13.694  -17.921 0.1428571492
114319  30.568  14.545  -20.981 0.1428571492
114281  29.156  14.528  -17.430 0.5714285970
116231  30.263  16.249  -20.638 0.1428571492
116232  29.730  16.956  -20.956 0.1428571492
115280  30.564  15.318  -18.549 0.1428571492
117204  29.369  17.780  -21.533 0.1428571492
114298  30.004  14.693  -17.593 0.5714285970
116224  30.176  17.065  -20.358 0.1428571492
117194  29.900  17.640  -19.677 0.1428571492
118107  29.383  18.763  -21.233 0.1428571492
118094  29.504  18.979  -19.467 0.1428571492
79037  22.022  -18.938  -16.819 0.1428571492
77920  22.124  -19.651  -16.802 0.1428571492
80130  23.387  -17.384  -17.870 0.2857142985
80150  23.962  -17.542  -18.349 0.1428571492
81311  23.934  -16.508  -18.338 0.2857142985
85035  25.679  -13.967  -19.605 0.2857142985
85010  25.688  -14.299  -19.122 0.1428571492
89619  26.766  -9.991  -20.821 0.2857142985
88537  25.848  -10.239  -20.544 0.2857142985
90677  26.296  -8.686  -19.972 0.5714285970
94057  28.654  -5.554  -20.071 0.2857142985
91812  25.279  -7.208  -20.052 0.7142857313
95114  29.631  -4.403  -19.983 0.1428571492
95116  25.484  -4.055  -20.721 0.8571428657
97172  27.284  -2.579  -19.718 0.7142857313
101261  31.633  1.153  -18.794 0.1428571492
100220  28.526  0.542  -17.956 0.8571428657
100249  25.829  -0.365  -20.418 0.8571428657
100222  26.524  0.815  -18.848 0.8571428657
105568  29.576  5.308  -16.454 0.8571428657
107671  29.235  7.548  -17.129 0.8571428657
109545  30.593  9.471  -16.853 0.8571428657
111427  30.588  11.060  -17.250 0.7142857313
112416  30.872  12.810  -18.031 0.2857142985
114296  30.829  14.123  -18.533 0.1428571492
115296  30.708  15.305  -20.329 0.1428571492
117205  28.570  17.678  -22.125 0.1428571492
77921  21.680  -19.588  -16.480 0.1428571492
82554  23.853  -15.586  -18.414 0.4285714328
82534  23.261  -15.657  -17.951 0.2857142985
83829  25.264  -14.618  -19.308 0.1428571492
85033  27.075  -13.036  -19.832 0.2857142985
86233  27.265  -12.252  -20.370 0.2857142985
86235  25.709  -12.462  -20.836 0.2857142985
85056  26.090  -13.025  -20.675 0.2857142985
86252  26.186  -12.053  -21.381 0.2857142985
91793  25.108  -7.825  -19.768 0.7142857313
99224  31.704  -0.634  -19.277 0.1428571492
101277  31.900  1.357  -19.559 0.1428571492
103445  31.658  3.282  -17.994 0.1428571492
101249  29.150  1.620  -17.353 0.8571428657
99227  26.267  -0.799  -20.015 0.8571428657
99241  25.687  -0.709  -21.018 1.0000000000
105581  31.459  5.467  -17.850 0.1428571492
106664  30.797  6.287  -17.007 0.2857142985
106665  29.949  6.072  -16.528 0.5714285970
108615  31.108  8.408  -17.428 0.5714285970
109555  30.993  9.503  -17.280 0.5714285970
110484  30.426  10.269  -16.913 0.7142857313
112397  31.132  11.566  -17.954 0.4285714328
110504  31.544  10.317  -18.698 0.2857142985
111454  31.585  11.316  -19.020 0.2857142985
112423  31.535  12.347  -19.337 0.1428571492
113340  31.210  13.263  -18.699 0.1428571492
114307  31.100  14.220  -19.253 0.1428571492
116211  29.528  16.699  -18.330 0.2857142985
115295  31.141  14.766  -19.965 0.1428571492
117193  30.235  16.876  -19.272 0.1428571492
117172  29.942  17.126  -18.915 0.1428571492
117173  29.290  18.042  -18.668 0.1428571492
115299  30.214  15.422  -21.132 0.1428571492
118965  29.490  19.802  -20.129 0.1428571492
119769  29.303  20.588  -20.079 0.1428571492
118969  29.348  19.708  -20.913 0.1428571492
107669  31.012  7.221  -17.718 0.4285714328
108627  31.445  8.319  -18.082 0.4285714328
109554  31.333  9.137  -17.782 0.4285714328
110494  31.399  10.131  -17.868 0.4285714328
110495  30.953  10.409  -17.379 0.5714285970
111426  31.058  11.051  -17.701 0.5714285970
79039  21.306  -18.300  -15.774 0.1428571492
81290  22.645  -16.661  -17.279 0.4285714328
80149  24.519  -17.358  -18.420 0.1428571492
82568  25.025  -14.991  -19.264 0.1428571492
94038  28.099  -4.920  -19.434 0.8571428657
95096  29.087  -4.123  -19.234 0.5714285970
97150  28.362  -2.452  -18.744 0.5714285970
99209  30.162  -0.659  -18.265 0.2857142985
98202  28.521  -1.595  -18.489 0.1428571492
101248  29.806  1.370  -17.406 0.5714285970
99226  26.797  -0.694  -19.508 0.8571428657
102350  28.628  2.408  -17.146 0.8571428657
104493  27.608  4.447  -17.017 0.8571428657
103432  28.134  3.481  -16.979 0.8571428657
103434  26.499  3.579  -18.056 0.8571428657
106666  28.620  6.157  -16.499 0.8571428657
107672  27.765  6.933  -16.822 0.8571428657
112429  31.560  12.472  -20.296 0.1428571492
113317  29.552  12.607  -17.002 0.5714285970
114320  29.880  14.565  -21.494 0.1428571492
115281  30.066  15.583  -18.049 0.4285714328
116223  30.471  16.417  -19.775 0.1428571492
116236  29.149  16.663  -21.666 0.1428571492
115300  29.454  15.516  -21.696 0.1428571492
115291  30.813  15.214  -19.386 0.1428571492
116210  30.373  16.244  -18.826 0.1428571492
118104  29.619  18.799  -20.333 0.1428571492
85008  27.120  -13.233  -19.176 0.1428571492
107670  30.802  7.528  -17.005 0.5714285970
83791  23.320  -15.019  -18.064 0.4285714328
87415  25.122  -11.546  -20.510 0.5714285970
87416  24.145  -11.480  -19.794 0.5714285970
87374  22.458  -11.600  -18.398 0.5714285970
87375  21.599  -11.377  -17.690 0.2857142985
88517  23.811  -10.604  -19.495 0.5714285970
88500  22.036  -10.537  -18.193 0.5714285970
86177  21.897  -12.574  -17.291 0.4285714328
88518  23.045  -10.349  -19.107 0.5714285970
87360  21.066  -11.618  -16.902 0.2857142985
88488  20.814  -10.582  -17.232 0.4285714328
89572  24.736  -9.277  -19.741 0.4285714328
89574  23.293  -9.503  -19.314 0.5714285970
89557  22.206  -9.522  -18.210 0.5714285970
89558  21.546  -9.648  -17.720 0.4285714328
90665  23.528  -8.500  -19.267 0.5714285970
90666  22.883  -8.553  -18.826 0.5714285970
89575  22.673  -9.458  -18.837 0.4285714328
91796  22.799  -7.484  -19.034 0.7142857313
91773  22.341  -7.824  -18.628 0.4285714328
91795  23.569  -7.437  -19.553 0.4285714328
88501  21.376  -10.427  -17.633 0.4285714328
87361  20.728  -11.005  -16.906 0.2857142985
90647  21.588  -8.655  -17.942 0.4285714328
90664  24.227  -8.521  -19.599 0.7142857313
92920  22.726  -6.527  -19.479 0.7142857313
92902  21.586  -6.233  -18.604 0.4285714328
94019  21.411  -5.098  -18.737 0.7142857313
95089  20.874  -4.387  -18.384 0.7142857313
91813  24.508  -7.147  -20.057 0.5714285970
92919  23.328  -6.353  -19.976 0.5714285970
94043  22.080  -5.746  -19.129 0.7142857313
95119  22.901  -4.722  -20.257 0.7142857313
96107  21.447  -3.646  -18.980 0.7142857313
97135  21.560  -3.157  -19.251 0.7142857313
97123  20.050  -2.541  -18.144 0.7142857313
97122  20.579  -3.070  -18.444 0.4285714328
97137  20.361  -1.996  -18.586 0.4285714328
94061  24.577  -5.510  -20.668 0.5714285970
94062  23.608  -5.669  -20.407 0.5714285970
96125  22.489  -3.737  -19.855 0.5714285970
97153  22.628  -3.157  -20.008 0.7142857313
97154  22.019  -2.678  -19.637 0.7142857313
98238  22.258  -1.507  -20.009 0.7142857313
97155  21.501  -2.018  -19.370 0.7142857313
98204  20.671  -1.451  -18.684 0.5714285970
99229  21.435  -0.543  -19.267 0.5714285970
95115  26.351  -4.009  -20.035 0.7142857313
95128  24.720  -3.711  -21.222 0.5714285970
95129  24.151  -3.919  -21.260 0.5714285970
97175  23.742  -2.551  -20.922 0.7142857313
96144  23.641  -3.410  -20.851 0.7142857313
98236  23.539  -1.505  -20.908 0.8571428657
98205  20.082  -1.416  -18.253 0.4285714328
99242  23.177  -0.423  -20.731 0.7142857313
99228  21.967  -0.137  -19.831 0.7142857313
99213  21.069  -0.014  -18.794 0.5714285970
100253  22.428  0.623  -20.147 0.7142857313
95127  25.099  -3.469  -21.189 0.5714285970
97176  22.947  -2.517  -20.339 0.7142857313
98256  24.131  -1.193  -21.442 0.8571428657
99253  24.487  -0.515  -21.422 0.8571428657
100252  23.043  0.499  -20.492 0.7142857313
100238  22.027  0.774  -19.729 0.5714285970
102385  22.519  2.293  -19.856 0.2857142985
98254  25.439  -1.443  -21.318 0.7142857313
100263  24.320  0.456  -21.279 0.7142857313
103476  23.748  2.885  -20.515 0.7142857313
100262  24.831  -0.017  -21.356 0.7142857313
100251  24.578  0.990  -21.078 0.8571428657
101293  23.423  1.152  -20.696 0.8571428657
101292  24.570  1.616  -20.921 0.8571428657
102398  24.225  2.523  -20.748 0.5714285970
102383  24.614  2.862  -20.220 0.8571428657
103461  24.139  3.475  -20.091 0.7142857313
100237  25.368  0.864  -20.009 0.8571428657
102382  25.070  2.393  -19.792 0.8571428657
103460  24.917  3.482  -19.513 0.8571428657
103459  25.389  2.954  -19.405 0.8571428657
103447  25.674  3.499  -18.865 0.8571428657
104518  24.913  4.151  -19.184 0.7142857313
106669  26.097  6.854  -17.976 0.7142857313
107675  25.521  7.646  -17.946 0.7142857313
107674  26.409  7.488  -17.489 0.7142857313
108619  26.747  8.059  -17.194 0.7142857313
108610  27.079  8.695  -16.783 0.8571428657
109556  26.487  9.648  -17.200 0.7142857313
108620  26.209  8.619  -17.372 0.7142857313
110497  26.366  10.590  -17.377 0.7142857313
110498  25.368  10.600  -17.608 0.5714285970
110487  27.674  10.550  -16.901 0.7142857313
110496  27.125  10.884  -17.188 0.7142857313
111428  26.889  11.567  -17.279 0.4285714328
111429  25.980  11.576  -17.505 0.5714285970
111418  27.660  11.488  -16.982 0.5714285970
110499  24.429  10.601  -17.636 0.5714285970
112401  26.615  12.505  -17.280 0.5714285970
111430  24.986  11.621  -17.668 0.5714285970
110500  23.561  10.709  -17.438 0.5714285970
112403  24.615  12.667  -17.851 0.5714285970
111431  24.065  11.700  -17.670 0.5714285970
113327  27.471  13.418  -17.242 0.5714285970
111432  23.328  11.723  -17.142 0.4285714328
109560  22.953  9.888  -17.290 0.4285714328
112391  23.264  12.574  -16.823 0.4285714328
90675  27.794  -8.395  -21.031 0.2857142985
112404  23.748  12.831  -17.483 0.2857142985
111419  23.026  11.985  -16.565 0.4285714328
87373  22.973  -12.070  -18.617 0.5714285970
86188  22.621  -12.672  -18.151 0.5714285970
88538  25.305  -10.555  -20.498 0.2857142985
88539  24.551  -10.610  -20.040 0.4285714328
89573  24.122  -9.561  -19.684 0.5714285970
89544  20.909  -9.826  -17.459 0.4285714328
88490  20.043  -9.544  -16.878 0.2857142985
89545  20.292  -9.483  -17.181 0.2857142985
92921  22.262  -6.607  -18.993 0.5714285970
95075  19.826  -4.483  -17.350 0.2857142985
96092  20.461  -3.587  -18.120 0.7142857313
100250  25.172  0.417  -20.801 0.8571428657
102399  23.474  2.123  -20.771 0.7142857313
105599  25.746  5.536  -18.425 0.7142857313
106680  26.239  6.210  -18.272 0.7142857313
105600  24.974  5.689  -18.677 0.7142857313
109557  25.718  9.626  -17.596 0.7142857313
110501  22.848  10.930  -17.186 0.2857142985
111417  28.435  11.362  -16.684 0.5714285970
112390  28.296  12.204  -16.775 0.5714285970
112400  27.508  12.362  -17.043 0.5714285970
112402  25.615  12.577  -17.539 0.5714285970
113329  25.250  13.577  -17.583 0.2857142985
91759  21.023  -7.905  -17.725 0.4285714328
87436  25.685  -11.236  -20.874 0.2857142985
95117  24.696  -4.560  -21.054 0.7142857313
92936  24.538  -6.429  -20.356 0.5714285970
96143  25.978  -3.158  -20.620 0.7142857313
97193  25.097  -2.227  -21.440 0.7142857313
101291  24.959  1.460  -20.223 0.7142857313
109549  27.088  9.663  -16.881 0.8571428657
90662  25.612  -8.418  -19.748 0.5714285970
91794  24.397  -7.750  -19.705 0.5714285970
104507  25.201  4.641  -18.842 0.7142857313
87392  23.836  -11.205  -19.471 0.5714285970
87394  22.721  -10.830  -18.700 0.5714285970
87393  23.488  -11.544  -19.161 0.4285714328
86189  22.139  -12.048  -17.869 0.5714285970
88519  22.479  -10.155  -18.717 0.5714285970
86176  22.341  -12.911  -17.661 0.5714285970
90646  22.251  -8.577  -18.411 0.5714285970
90633  20.754  -8.809  -17.514 0.4285714328
91797  22.095  -7.117  -18.732 0.4285714328
94020  20.872  -5.319  -18.246 0.4285714328
94005  20.321  -5.393  -17.686 0.4285714328
92903  20.929  -6.304  -17.980 0.4285714328
94041  23.144  -5.700  -20.062 0.7142857313
95101  21.838  -4.630  -19.245 0.7142857313
95074  20.372  -4.452  -17.853 0.2857142985
95088  21.324  -4.263  -18.741 0.7142857313
95118  23.739  -4.546  -20.890 0.7142857313
96126  21.952  -3.716  -19.411 0.7142857313
97136  21.035  -2.555  -18.850 0.7142857313
98221  21.246  -1.456  -19.111 0.7142857313
98220  21.971  -1.361  -19.682 0.7142857313
97194  24.303  -2.146  -21.339 0.5714285970
98219  22.309  -0.749  -19.955 0.7142857313
100225  20.142  0.422  -17.941 0.2857142985
101280  22.305  1.349  -19.957 0.5714285970
102386  21.994  2.063  -19.368 0.2857142985
102397  24.655  2.198  -20.438 0.8571428657
108611  26.652  9.148  -16.927 0.7142857313
110488  26.953  10.260  -17.128 0.8571428657
90635  19.555  -8.288  -17.057 0.1428571492
91760  20.275  -7.527  -17.373 0.4285714328
87412  27.927  -11.301  -20.266 0.1428571492
87413  27.307  -11.449  -20.810 0.1428571492
88536  27.458  -10.867  -20.858 0.1428571492
89618  27.296  -9.726  -21.079 0.1428571492
90695  27.666  -9.093  -21.318 0.1428571492
88535  27.901  -10.572  -20.815 0.1428571492
88516  28.439  -11.023  -19.983 0.1428571492
89616  28.640  -9.220  -22.245 0.1428571492
89591  28.271  -10.168  -21.245 0.1428571492
88534  28.423  -10.258  -20.931 0.1428571492
89636  28.364  -8.970  -22.410 0.1428571492
91825  28.438  -7.496  -22.440 0.2857142985
92944  29.072  -6.374  -22.166 0.1428571492
120521  28.700  21.676  -20.321 0.1428571492
104519  24.435  4.592  -19.367 0.4285714328
121252  28.138  21.684  -19.722 0.1428571492
118075  29.034  19.353  -18.904 0.1428571492
106682  24.584  6.570  -18.825 0.4285714328
106681  25.473  6.583  -18.476 0.5714285970
107683  24.830  7.459  -18.584 0.4285714328
117158  26.509  17.059  -17.861 0.2857142985
115268  26.554  15.409  -17.514 0.2857142985
113328  26.309  13.506  -17.398 0.2857142985
115267  27.673  15.444  -17.519 0.2857142985
107685  23.531  7.329  -18.663 0.1428571492
108628  24.975  8.050  -18.302 0.5714285970
108621  25.187  8.708  -18.058 0.5714285970
115269  25.468  15.421  -17.594 0.2857142985
108630  23.730  8.404  -18.519 0.4285714328
109565  24.376  9.073  -18.348 0.5714285970
114284  25.915  14.488  -17.492 0.2857142985
108623  23.190  8.982  -18.020 0.4285714328
113330  24.288  13.684  -17.763 0.1428571492
114285  24.863  14.545  -17.556 0.1428571492
113331  23.669  13.863  -17.474 0.1428571492
114286  23.991  14.627  -17.586 0.1428571492
115270  24.421  15.488  -17.652 0.1428571492
113320  23.230  13.555  -16.766 0.2857142985
112382  22.830  12.354  -15.615 0.1428571492
113321  22.977  13.636  -16.052 0.1428571492
114287  23.453  14.621  -17.020 0.1428571492
114277  22.939  14.514  -16.061 0.1428571492
82515  21.785  -15.493  -16.361 0.4285714328
83772  21.637  -14.483  -16.155 0.2857142985
87391  27.683  -11.855  -20.010 0.1428571492
89590  28.833  -9.841  -21.208 0.1428571492
90694  27.979  -8.590  -22.021 0.1428571492
105609  24.377  5.689  -19.049 0.2857142985
112389  29.093  12.080  -16.607 0.4285714328
115266  28.706  15.369  -17.610 0.2857142985
116197  27.125  16.327  -17.634 0.2857142985
83754  21.684  -14.497  -15.614 0.2857142985
85009  26.292  -13.958  -18.805 0.1428571492
86209  27.446  -12.562  -19.670 0.1428571492
87372  27.944  -12.056  -19.344 0.1428571492
91808  28.800  -6.863  -21.538 0.1428571492
104508  24.732  5.158  -18.978 0.4285714328
109558  24.808  9.619  -18.078 0.5714285970
113326  28.613  13.648  -17.215 0.4285714328
117159  25.545  16.906  -18.074 0.2857142985
116196  28.390  16.524  -17.842 0.2857142985
117175  26.920  17.873  -18.081 0.2857142985
118077  27.271  18.744  -18.352 0.1428571492
118934  26.447  19.476  -18.489 0.1428571492
118949  28.680  20.088  -19.220 0.1428571492
116199  24.971  16.289  -17.912 0.2857142985
118932  28.302  19.919  -18.912 0.1428571492
119741  27.976  20.447  -19.031 0.1428571492
118076  28.327  18.957  -18.514 0.1428571492
92931  29.041  -6.048  -20.998 0.2857142985
115265  29.488  15.243  -17.671 0.4285714328
117176  25.846  17.699  -18.222 0.2857142985
117174  28.134  17.827  -18.153 0.1428571492
81291  21.980  -16.070  -16.770 0.4285714328
113318  28.929  12.873  -16.890 0.4285714328
116195  29.266  15.887  -17.923 0.2857142985
114282  28.119  14.493  -17.386 0.2857142985
112392  22.799  12.756  -16.241 0.2857142985
108622  24.715  8.958  -18.324 0.5714285970
109559  23.835  9.536  -18.086 0.5714285970
89617  27.996  -9.681  -21.645 0.1428571492
88515  28.710  -10.424  -20.375 0.1428571492
106695  24.013  6.495  -19.181 0.2857142985
116198  26.042  16.260  -17.681 0.2857142985
114283  27.017  14.458  -17.448 0.2857142985
107684  24.072  7.414  -19.076 0.2857142985
108629  24.486  8.387  -18.531 0.4285714328
109566  24.079  8.869  -18.451 0.4285714328
90711  29.029  -8.758  -23.064 0.1428571492
105610  23.803  5.549  -19.318 0.2857142985
117157  27.446  17.158  -17.807 0.2857142985
119742  27.497  20.365  -18.801 0.1428571492
99214  20.528  -0.468  -18.328 0.4285714328
101267  21.530  1.267  -18.849 0.2857142985
117178  23.540  17.200  -18.291 0.1428571492
117160  24.969  16.815  -18.172 0.1428571492
118080  23.956  18.167  -18.271 0.1428571492
115263  23.291  15.551  -16.500 0.1428571492
117179  22.585  17.243  -18.200 0.1428571492
116214  24.140  16.888  -18.287 0.1428571492
117177  24.712  17.355  -18.269 0.1428571492
116193  23.205  16.425  -17.174 0.1428571492
116201  23.050  16.296  -17.908 0.1428571492
117162  22.364  16.867  -17.913 0.1428571492
118081  22.992  17.949  -18.168 0.1428571492
116200  23.820  16.343  -18.085 0.1428571492
117153  22.898  17.227  -16.896 0.1428571492
117180  22.173  17.307  -18.152 0.1428571492
100223  21.213  0.714  -18.712 0.2857142985
116191  23.203  16.540  -16.046 0.1428571492
117154  22.356  17.648  -17.502 0.1428571492
118936  24.213  19.154  -18.566 0.1428571492
90678  25.749  -9.031  -19.858 0.2857142985
116213  24.526  16.731  -18.194 0.1428571492
118079  25.054  18.388  -18.445 0.1428571492
89594  25.396  -9.632  -20.082 0.4285714328
85011  23.418  -13.407  -18.718 0.4285714328
83831  24.100  -13.887  -19.031 0.2857142985
83852  25.173  -14.237  -19.915 0.1428571492
86212  23.930  -12.730  -19.394 0.2857142985
85036  24.468  -13.430  -19.578 0.1428571492
86236  24.670  -12.613  -20.022 0.2857142985
83812  22.992  -13.969  -18.257 0.2857142985
85012  22.869  -13.393  -18.194 0.4285714328
85058  24.868  -13.405  -20.044 0.1428571492
83830  24.670  -14.565  -19.300 0.1428571492
86237  23.886  -12.034  -19.779 0.2857142985
86187  23.292  -12.479  -18.801 0.4285714328
85037  23.971  -13.372  -19.203 0.2857142985
83793  22.134  -14.491  -16.871 0.2857142985
84993  22.460  -13.522  -17.655 0.2857142985
84994  22.080  -13.475  -17.028 0.2857142985
91774  21.548  -7.469  -18.279 0.2857142985
92889  20.271  -6.370  -17.525 0.2857142985
94006  19.750  -5.419  -17.272 0.2857142985
96093  19.962  -3.524  -17.471 0.1428571492
97124  19.183  -2.584  -17.235 0.1428571492
99215  19.835  -0.509  -17.738 0.1428571492
102371  20.589  1.948  -18.180 0.1428571492
102369  22.178  2.803  -19.142 0.1428571492
103462  23.280  3.250  -19.905 0.1428571492
104521  22.821  4.249  -19.399 0.1428571492
107698  23.720  7.108  -19.043 0.1428571492
107697  23.837  6.917  -19.152 0.1428571492
109550  22.242  9.523  -16.250 0.1428571492
111433  22.761  11.401  -16.784 0.1428571492
110480  22.351  10.468  -15.666 0.1428571492
83792  22.895  -14.693  -17.793 0.1428571492
82496  21.584  -15.740  -15.844 0.2857142985
91775  20.811  -7.110  -17.766 0.2857142985
92890  19.664  -6.446  -17.195 0.2857142985
98191  18.601  -1.382  -17.183 0.1428571492
100211  19.412  0.436  -17.547 0.1428571492
100224  20.705  0.537  -18.420 0.1428571492
102370  21.615  2.343  -18.748 0.1428571492
103449  21.981  3.195  -18.844 0.1428571492
104520  23.586  4.428  -19.571 0.1428571492
106696  23.542  6.501  -18.972 0.1428571492
98190  19.432  -1.493  -17.661 0.1428571492
102384  23.196  2.616  -20.271 0.1428571492
109551  21.966  8.946  -16.056 0.1428571492
91776  19.526  -7.725  -17.280 0.1428571492
94007  19.403  -5.339  -16.825 0.1428571492
103463  22.414  3.402  -19.298 0.1428571492
102354  20.797  2.731  -17.917 0.1428571492
82487  21.878  -15.571  -15.235 0.1428571492
82475  22.194  -15.512  -14.538 0.1428571492
84976  21.804  -13.380  -16.519 0.1428571492
94056  29.400  -5.317  -20.394 0.1428571492
94071  29.506  -5.550  -21.481 0.1428571492
107682  31.344  7.433  -18.601 0.1428571492
81253  21.397  -16.811  -15.754 0.1428571492
84960  21.610  -13.202  -15.988 0.1428571492
87344  20.982  -11.825  -16.537 0.1428571492
108639  31.435  8.465  -18.927 0.1428571492
87346  20.630  -10.815  -16.348 0.1428571492
106679  31.380  6.403  -18.246 0.1428571492
81270  21.535  -16.671  -16.239 0.1428571492
94055  29.984  -4.926  -20.882 0.1428571492
81235  21.646  -16.573  -15.458 0.1428571492
86163  21.249  -12.269  -16.420 0.1428571492
77935  22.704  -19.570  -17.202 0.1428571492
80148  25.141  -17.352  -18.390 0.1428571492
82536  22.080  -15.401  -16.740 0.4285714328
82569  24.864  -15.124  -19.111 0.1428571492
83808  26.280  -14.794  -18.264 0.1428571492
86211  24.385  -12.920  -19.653 0.1428571492
86234  26.611  -12.436  -20.831 0.2857142985
86253  25.786  -11.778  -21.110 0.5714285970
87390  28.195  -11.539  -19.628 0.1428571492
87417  23.850  -11.706  -19.597 0.5714285970
87434  26.797  -11.170  -21.167 0.2857142985
88474  20.570  -10.720  -16.674 0.2857142985
88489  20.306  -10.047  -16.938 0.2857142985
88557  25.900  -10.797  -20.839 0.2857142985
89593  26.192  -9.651  -20.370 0.2857142985
89595  24.815  -9.931  -20.037 0.5714285970
89635  28.556  -8.942  -22.810 0.1428571492
90634  19.949  -8.458  -17.117 0.1428571492
90648  19.240  -8.247  -17.032 0.1428571492
90663  25.048  -8.640  -19.678 0.7142857313
91814  23.899  -7.084  -20.011 0.5714285970
92937  23.935  -6.561  -20.258 0.5714285970
94039  27.292  -4.744  -19.649 0.8571428657
94042  22.646  -5.442  -19.767 0.7142857313
94063  23.030  -5.391  -20.159 0.5714285970
95098  27.567  -4.145  -19.435 0.8571428657
95100  22.350  -4.452  -19.699 0.7142857313
96106  28.753  -2.831  -18.737 0.4285714328
96108  20.929  -3.585  -18.589 0.7142857313
96142  26.802  -3.194  -20.039 0.8571428657
96145  23.061  -3.686  -20.340 0.5714285970
96156  25.364  -3.039  -21.133 0.5714285970
96157  24.787  -2.966  -21.289 0.5714285970
96158  24.198  -3.138  -21.220 0.7142857313
97133  29.732  -2.706  -18.780 0.1428571492
97149  30.317  -2.815  -19.330 0.1428571492
97151  27.680  -2.466  -19.229 0.5714285970
97174  26.198  -2.344  -20.460 0.8571428657
97177  22.253  -1.873  -20.091 0.7142857313
98192  18.108  -1.186  -16.571 0.1428571492
98218  26.711  -1.489  -19.736 0.8571428657
98235  25.924  -1.543  -20.860 0.7142857313
98237  22.608  -1.272  -20.255 0.7142857313
98255  24.766  -1.351  -21.442 0.8571428657
99212  27.310  -0.645  -18.940 0.8571428657
99230  20.992  -0.793  -18.818 0.4285714328
99240  26.018  -0.985  -20.563 1.0000000000
99243  22.522  -0.239  -20.312 0.7142857313
99252  25.118  -0.578  -21.336 1.0000000000
99254  23.798  -0.447  -21.327 0.8571428657
100205  29.222  1.009  -17.630 0.8571428657
100233  31.782  0.435  -19.138 0.1428571492
100239  21.585  0.508  -19.226 0.2857142985
100264  23.613  0.416  -20.966 0.7142857313
101262  31.230  1.219  -18.137 0.1428571492
101264  28.439  1.475  -17.587 0.8571428657
101279  25.459  1.424  -19.550 0.7142857313
101281  21.933  1.516  -19.394 0.5714285970
101294  22.873  1.441  -20.356 0.5714285970
101305  24.216  1.385  -21.183 0.8571428657
101306  23.826  1.245  -21.136 0.8571428657
102365  30.267  1.763  -17.343 0.2857142985
102367  27.179  2.065  -17.850 0.8571428657
102379  32.078  1.576  -20.297 0.1428571492
102400  22.906  1.992  -20.428 0.7142857313
102410  24.127  1.981  -21.206 0.7142857313
102411  23.914  1.741  -21.242 0.8571428657
103448  25.201  3.952  -19.130 0.7142857313
103477  23.457  2.734  -20.404 0.1428571492
104471  29.150  4.903  -16.456 0.8571428657
104472  28.801  4.956  -16.479 0.8571428657
104490  30.880  4.367  -16.893 0.1428571492
104504  31.683  4.497  -18.256 0.1428571492
105570  28.386  5.435  -16.526 0.8571428657
105584  28.526  5.098  -16.515 0.8571428657
105585  27.982  5.244  -16.650 0.8571428657
106653  28.476  5.767  -16.505 0.8571428657
106663  31.186  6.152  -17.536 0.2857142985
107662  30.784  8.455  -16.910 0.5714285970
107663  29.724  8.121  -17.115 0.8571428657
107664  28.322  8.076  -17.009 0.8571428657
108616  30.806  8.725  -16.977 0.5714285970
108618  28.618  8.119  -16.993 0.8571428657
109546  30.017  9.834  -16.602 0.8571428657
111415  30.042  11.092  -16.838 0.7142857313
111442  31.375  11.085  -18.265 0.2857142985
112387  30.358  11.532  -17.058 0.7142857313
112388  29.940  11.922  -16.839 0.5714285970
112399  30.091  12.617  -17.273 0.5714285970
112415  31.242  12.070  -18.395 0.1428571492
113319  28.161  12.930  -16.949 0.5714285970
113342  30.326  14.205  -17.672 0.5714285970
113349  31.418  13.342  -19.690 0.1428571492
114297  30.614  14.694  -18.004 0.5714285970
114308  30.799  14.732  -18.720 0.1428571492
114314  31.409  14.191  -19.944 0.1428571492
114315  31.082  14.373  -20.432 0.1428571492
115290  31.125  14.602  -19.673 0.1428571492
116212  28.894  17.296  -18.215 0.2857142985
116235  29.831  16.179  -21.258 0.1428571492
117161  22.921  16.687  -18.218 0.1428571492
117163  22.040  17.532  -18.028 0.1428571492
117202  29.912  17.878  -20.741 0.1428571492
118082  22.305  17.749  -18.147 0.1428571492
118931  28.819  19.844  -19.113 0.1428571492
118933  27.442  19.637  -18.583 0.1428571492
118948  29.099  20.022  -19.486 0.1428571492
119749  28.955  20.839  -19.780 0.1428571492
119750  28.429  20.619  -19.337 0.1428571492
